0.003814 0 0
0.003814 384 0
0.024794 536 0
0.024794 920 0
0.024794 304 0
0.024794 688 0
0.024794 0 1
0.024794 384 1
0.024794 768 1
0.024794 152 1
0.024794 536 1
0.024794 920 1
0.024794 304 1
0.043866 0 2
0.043866 384 2
0.043866 768 2
0.043866 152 2
0.043866 536 2
0.043866 920 2
0.043866 304 2
0.043866 688 2
0.043866 0 3
0.043866 384 3
0.049587 152 3
0.049587 536 3
0.049587 920 3
0.070566 688 3
0.070566 0 4
0.070566 384 4
0.070566 768 4
0.070566 152 4
0.070566 536 4
0.070566 920 4
0.070566 304 4
0.070566 688 4
0.070566 0 5
0.070566 384 5
0.076288 152 5
0.076288 536 5
0.076288 920 5
0.083917 304 5
0.083917 688 5
0.083917 0 6
0.083917 384 6
0.089638 152 6
0.089638 536 6
0.089638 920 6
0.095360 688 6
0.095360 0 7
0.095360 384 7
0.101082 152 7
0.101082 536 7
0.101082 920 7
0.112525 688 7
0.112525 0 8
0.112525 384 8
0.112525 768 8
0.112525 152 8
0.112525 536 8
0.118246 688 8
0.118246 0 9
0.118246 384 9
0.122061 152 9
0.122061 536 9
0.125875 688 9
0.125875 0 10
0.131597 152 10
0.131597 536 10
0.131597 920 10
0.137318 688 10
0.137318 0 11
0.137318 384 11
0.148762 152 11
0.148762 536 11
0.148762 920 11
0.148762 304 11
0.148762 688 11
0.148762 0 12
0.164019 152 12
0.164019 536 12
0.164019 920 12
0.164019 304 12
0.164019 688 12
0.164019 0 13
0.164019 384 13
0.164019 768 13
0.169741 152 13
0.169741 536 13
0.169741 920 13
0.200256 688 13
0.200256 0 14
0.200256 384 14
0.200256 768 14
0.200256 152 14
0.200256 536 14
0.200256 920 14
0.200256 304 14
0.200256 688 14
0.200256 0 15
0.200256 384 15
0.200256 768 15
0.200256 152 15
0.200256 536 15
0.200256 920 15
0.200256 304 15
0.205978 688 15
0.205978 0 16
0.205978 384 16
0.211699 152 16
0.211699 536 16
0.211699 920 16
0.223142 688 16
0.223142 0 17
0.223142 384 17
0.223142 768 17
0.223142 152 17
0.223142 536 17
0.232678 688 17
0.232678 0 18
0.232678 384 18
0.232678 768 18
0.232678 152 18
0.244122 536 18
0.244122 920 18
0.244122 304 18
0.244122 688 18
0.244122 0 19
0.244122 384 19
0.249843 152 19
0.249843 536 19
0.249843 920 19
0.255565 688 19
0.255565 0 20
0.255565 384 20
0.261286 152 20
0.261286 536 20
0.261286 920 20
0.291802 688 20
0.291802 0 21
0.291802 384 21
0.291802 768 21
0.291802 152 21
0.291802 536 21
0.291802 920 21
0.291802 304 21
0.291802 688 21
0.291802 0 22
0.291802 384 22
0.291802 768 22
0.291802 152 22
0.291802 536 22
0.291802 920 22
0.291802 304 22
0.295616 688 22
0.295616 0 23
0.301338 152 23
0.301338 536 23
0.301338 920 23
0.305152 688 23
0.305152 0 24
0.333760 152 24
0.333760 536 24
0.333760 920 24
0.333760 304 24
0.333760 688 24
0.333760 0 25
0.333760 384 25
0.333760 768 25
0.333760 152 25
0.333760 536 25
0.333760 920 25
0.333760 304 25
0.333760 688 25
0.333760 0 26
0.333760 384 26
0.339482 152 26
0.339482 536 26
0.339482 920 26
0.352832 688 26
0.352832 0 27
0.352832 384 27
0.352832 768 27
0.352832 152 27
0.352832 536 27
0.352832 920 27
0.358554 688 27
0.358554 0 28
0.358554 384 28
0.362368 152 28
0.362368 536 28
0.368090 688 28
0.368090 0 29
0.368090 384 29
0.373811 152 29
0.373811 536 29
0.373811 920 29
0.404326 688 29
0.404326 0 30
0.404326 384 30
0.404326 768 30
0.404326 152 30
0.404326 536 30
0.404326 920 30
0.404326 304 30
0.404326 688 30
0.404326 0 31
0.404326 384 31
0.404326 768 31
0.404326 152 31
0.404326 536 31
0.404326 920 31
0.404326 304 31
0.415770 688 31
0.415770 0 32
0.415770 384 32
0.415770 768 32
0.415770 152 32
0.415770 536 32
0.421491 688 32
0.421491 0 33
0.421491 384 33
0.442470 152 33
0.442470 536 33
0.442470 920 33
0.442470 304 33
0.442470 688 33
0.442470 0 34
0.442470 384 34
0.442470 768 34
0.442470 152 34
0.442470 536 34
0.442470 920 34
0.448192 688 34
0.448192 0 35
0.448192 384 35
0.461542 152 35
0.461542 536 35
0.461542 920 35
0.461542 304 35
0.461542 688 35
0.461542 0 36
0.461542 384 36
0.467264 152 36
0.467264 536 36
0.467264 920 36
0.472986 688 36
0.472986 0 37
0.472986 384 37
0.478707 152 37
0.478707 536 37
0.478707 920 37
0.484429 688 37
0.484429 0 38
0.484429 384 38
0.488243 152 38
0.488243 536 38
0.493965 688 38
0.493965 0 39
0.493965 384 39
0.497779 152 39
0.497779 536 39
0.503501 688 39
0.503501 0 40
0.503501 384 40
0.516851 152 40
0.516851 536 40
0.516851 920 40
0.516851 304 40
0.516851 688 40
0.516851 0 41
0.516851 384 41
0.522573 152 41
0.522573 536 41
0.522573 920 41
0.526387 688 41
0.526387 0 42
0.535923 384 42
0.535923 768 42
0.535923 152 42
0.535923 536 42
0.535923 920 42
0.541645 688 42
0.541645 0 43
0.541645 384 43
0.554995 152 43
0.554995 536 43
0.554995 920 43
0.554995 304 43
0.554995 688 43
0.554995 0 44
0.554995 384 44
0.568346 152 44
0.568346 536 44
0.568346 920 44
0.568346 304 44
0.568346 688 44
0.568346 0 45
0.568346 384 45
0.574067 152 45
0.574067 536 45
0.574067 920 45
0.577882 688 45
0.577882 0 46
0.581696 152 46
0.581696 536 46
0.585510 688 46
0.585510 0 47
0.606490 152 47
0.606490 536 47
0.606490 920 47
0.606490 304 47
0.606490 688 47
0.606490 0 48
0.606490 384 48
0.606490 768 48
0.606490 152 48
0.606490 536 48
0.606490 920 48
0.612211 688 48
0.612211 0 49
0.612211 384 49
0.614118 152 49
0.617933 536 49
0.617933 920 49
0.623654 688 49
0.623654 0 50
0.623654 384 50
0.627469 152 50
0.627469 536 50
0.633190 688 50
0.633190 0 51
0.633190 384 51
0.637005 152 51
0.637005 536 51
0.642726 688 51
0.642726 0 52
0.642726 384 52
0.648448 152 52
0.648448 536 52
0.648448 920 52
0.652262 688 52
0.652262 0 53
0.663706 152 53
0.663706 536 53
0.663706 920 53
0.663706 304 53
0.663706 688 53
0.663706 0 54
0.667520 152 54
0.667520 536 54
0.669427 920 54
0.680870 688 54
0.680870 0 55
0.680870 384 55
0.680870 768 55
0.680870 152 55
0.680870 536 55
0.686592 688 55
0.686592 0 56
0.686592 384 56
0.692314 152 56
0.692314 536 56
0.692314 920 56
0.698035 688 56
0.698035 0 57
0.698035 384 57
0.703757 152 57
0.703757 536 57
0.703757 920 57
0.709478 688 57
0.709478 0 58
0.709478 384 58
0.715200 152 58
0.715200 536 58
0.715200 920 58
0.720922 688 58
0.720922 0 59
0.720922 384 59
0.724736 152 59
0.724736 536 59
0.755251 688 59
0.755251 0 60
0.755251 384 60
0.755251 768 60
0.755251 152 60
0.755251 536 60
0.755251 920 60
0.755251 304 60
0.755251 688 60
0.755251 0 61
0.755251 384 61
0.755251 768 61
0.755251 152 61
0.755251 536 61
0.755251 920 61
0.755251 304 61
0.759066 688 61
0.759066 0 62
0.760973 768 62
0.764787 152 62
0.764787 536 62
0.770509 304 62
0.770509 688 62
0.770509 1 0
0.776230 769 0
0.776230 153 0
0.776230 537 0
0.802931 305 0
0.802931 689 0
0.802931 1 1
0.802931 385 1
0.802931 769 1
0.802931 153 1
0.802931 537 1
0.802931 921 1
0.802931 305 1
0.802931 689 1
0.802931 1 2
0.802931 385 2
0.802931 769 2
0.802931 153 2
0.823910 305 2
0.823910 689 2
0.823910 1 3
0.823910 385 3
0.823910 769 3
0.823910 153 3
0.823910 537 3
0.823910 921 3
0.823910 305 3
0.823910 689 3
0.823910 1 4
0.837261 769 4
0.837261 153 4
0.837261 537 4
0.837261 921 4
0.837261 305 4
0.837261 689 4
0.837261 1 5
0.842982 769 5
0.842982 153 5
0.842982 537 5
0.860147 305 5
0.860147 689 5
0.860147 1 6
0.860147 385 6
0.860147 769 6
0.860147 153 6
0.860147 537 6
0.860147 921 6
0.860147 305 6
0.863962 385 7
0.863962 769 7
0.869683 921 7
0.869683 305 7
0.869683 689 7
0.883034 385 8
0.883034 769 8
0.883034 153 8
0.883034 537 8
0.883034 921 8
0.883034 305 8
0.883034 689 8
0.911642 385 9
0.911642 769 9
0.911642 153 9
0.911642 537 9
0.911642 921 9
0.911642 305 9
0.911642 689 9
0.911642 1 10
0.911642 385 10
0.911642 769 10
0.911642 153 10
0.911642 537 10
0.911642 921 10
0.911642 305 10
0.911642 689 10
0.924992 385 11
0.924992 769 11
0.924992 153 11
0.924992 537 11
0.924992 921 11
0.924992 305 11
0.924992 689 11
0.930714 385 12
0.930714 769 12
0.930714 153 12
0.936435 921 12
0.936435 305 12
0.936435 689 12
0.947878 385 13
0.947878 769 13
0.947878 153 13
0.947878 537 13
0.947878 921 13
0.947878 305 13
0.961229 1 14
0.961229 385 14
0.961229 769 14
0.961229 153 14
0.961229 537 14
0.961229 921 14
0.961229 305 14
0.966950 1 15
0.966950 385 15
0.966950 769 15
0.987930 537 15
0.987930 921 15
0.987930 305 15
0.987930 689 15
0.987930 1 16
0.987930 385 16
0.987930 769 16
0.987930 153 16
0.987930 537 16
0.987930 921 16
0.987930 305 16
1.001280 1 17
1.001280 385 17
1.001280 769 17
1.001280 153 17
1.001280 537 17
1.001280 921 17
1.001280 305 17
1.007002 1 18
1.007002 385 18
1.007002 769 18
1.010816 537 18
1.010816 921 18
1.016538 1 19
1.016538 385 19
1.016538 769 19
1.022259 537 19
1.022259 921 19
1.022259 305 19
1.027981 1 20
1.027981 385 20
1.027981 769 20
1.033702 537 20
1.033702 921 20
1.033702 305 20
1.039424 1 21
1.039424 385 21
1.039424 769 21
1.062310 153 21
1.062310 537 21
1.062310 921 21
1.062310 305 21
1.062310 689 21
1.062310 1 22
1.062310 385 22
1.062310 769 22
1.062310 153 22
1.062310 537 22
1.062310 921 22
1.062310 305 22
1.066125 1 23
1.066125 385 23
1.079475 537 23
1.079475 921 23
1.079475 305 23
1.079475 689 23
1.079475 1 24
1.079475 385 24
1.079475 769 24
1.085197 537 24
1.085197 921 24
1.085197 305 24
1.089011 1 25
1.089011 385 25
1.102362 537 25
1.102362 921 25
1.102362 305 25
1.102362 689 25
1.102362 1 26
1.102362 385 26
1.102362 769 26
1.115712 537 26
1.115712 921 26
1.115712 305 26
1.115712 689 26
1.115712 1 27
1.115712 385 27
1.115712 769 27
1.121434 537 27
1.121434 921 27
1.121434 305 27
1.125248 1 28
1.125248 385 28
1.130970 537 28
1.130970 921 28
1.130970 305 28
1.144320 1 29
1.144320 385 29
1.144320 769 29
1.144320 153 29
1.144320 537 29
1.144320 921 29
1.144320 305 29
1.155763 1 30
1.155763 385 30
1.155763 769 30
1.155763 153 30
1.155763 537 30
1.155763 921 30
1.159578 1 31
1.159578 385 31
1.165299 537 31
1.165299 921 31
1.165299 305 31
1.171021 1 32
1.171021 385 32
1.171021 769 32
1.182464 537 32
1.182464 921 32
1.182464 305 32
1.182464 689 32
1.182464 1 33
1.182464 385 33
1.188186 537 33
1.188186 921 33
1.188186 305 33
1.201536 1 34
1.201536 385 34
1.201536 769 34
1.201536 153 34
1.201536 537 34
1.201536 921 34
1.201536 305 34
1.205350 1 35
1.205350 385 35
1.211072 537 35
1.211072 921 35
1.211072 305 35
1.214886 1 36
1.214886 385 36
1.220608 537 36
1.220608 921 36
1.220608 305 36
1.233958 1 37
1.233958 385 37
1.233958 769 37
1.233958 153 37
1.233958 537 37
1.233958 921 37
1.233958 305 37
1.237773 1 38
1.237773 385 38
1.241587 537 38
1.241587 921 38
1.251123 1 39
1.251123 385 39
1.251123 769 39
1.251123 153 39
1.251123 537 39
1.254938 921 39
1.254938 305 39
1.258752 1 40
1.258752 385 40
1.270195 537 40
1.270195 921 40
1.270195 305 40
1.270195 689 40
1.270195 1 41
1.270195 385 41
1.275917 153 41
1.275917 537 41
1.275917 921 41
1.281638 689 41
1.281638 1 42
1.281638 385 42
1.294989 153 42
1.294989 537 42
1.294989 921 42
1.294989 305 42
1.294989 689 42
1.294989 1 43
1.294989 385 43
1.300710 153 43
1.300710 537 43
1.300710 921 43
1.306432 689 43
1.306432 1 44
1.306432 385 44
1.325504 153 44
1.325504 537 44
1.325504 921 44
1.325504 305 44
1.325504 689 44
1.325504 1 45
1.325504 385 45
1.325504 769 45
1.325504 153 45
1.325504 537 45
1.331226 689 45
1.331226 1 46
1.331226 385 46
1.342669 153 46
1.342669 537 46
1.342669 921 46
1.342669 305 46
1.342669 689 46
1.342669 1 47
1.363648 153 47
1.363648 537 47
1.363648 921 47
1.363648 305 47
1.363648 689 47
1.363648 1 48
1.363648 385 48
1.363648 769 48
1.363648 153 48
1.363648 537 48
1.363648 921 48
1.369370 689 48
1.369370 1 49
1.369370 385 49
1.373184 153 49
1.373184 537 49
1.376998 689 49
1.376998 1 50
1.382720 153 50
1.382720 537 50
1.382720 921 50
1.388442 689 50
1.388442 1 51
1.388442 385 51
1.392256 153 51
1.392256 537 51
1.405606 689 51
1.405606 1 52
1.405606 385 52
1.405606 769 52
1.405606 153 52
1.405606 537 52
1.405606 921 52
1.432307 689 52
1.432307 1 53
1.432307 385 53
1.432307 769 53
1.432307 153 53
1.432307 537 53
1.432307 921 53
1.432307 305 53
1.432307 689 53
1.432307 1 54
1.432307 385 54
1.432307 769 54
1.432307 153 54
1.432307 537 54
1.457101 689 54
1.457101 1 55
1.457101 385 55
1.457101 769 55
1.457101 153 55
1.457101 537 55
1.457101 921 55
1.457101 305 55
1.457101 689 55
1.457101 1 56
1.457101 385 56
1.457101 769 56
1.457101 153 56
1.460915 305 56
1.460915 689 56
1.466637 769 57
1.466637 153 57
1.466637 537 57
1.479987 305 57
1.479987 689 57
1.479987 1 58
1.479987 385 58
1.479987 769 58
1.479987 153 58
1.479987 537 58
1.485709 305 58
1.485709 689 58
1.485709 1 59
1.495245 769 59
1.495245 153 59
1.495245 537 59
1.495245 921 59
1.495245 305 59
1.499059 385 60
1.499059 769 60
1.529574 921 60
1.529574 305 60
1.529574 689 60
1.529574 1 61
1.529574 385 61
1.529574 769 61
1.529574 153 61
1.529574 537 61
1.529574 921 61
1.529574 305 61
1.529574 689 61
1.529574 1 62
1.529574 385 62
1.529574 769 62
1.529574 153 62
1.529574 537 62
1.535296 921 62
1.535296 305 62
1.535296 689 62
1.544832 386 0
1.544832 770 0
1.544832 154 0
1.544832 538 0
1.544832 922 0
1.556275 306 0
1.556275 690 0
1.556275 2 1
1.556275 386 1
1.556275 770 1
1.556275 154 1
1.560090 922 1
1.560090 306 1
1.571533 386 2
1.571533 770 2
1.571533 154 2
1.571533 538 2
1.571533 922 2
1.571533 306 2
1.577254 2 3
1.577254 386 3
1.577254 770 3
1.582976 538 3
1.582976 922 3
1.582976 306 3
1.586790 2 4
1.586790 386 4
1.590605 538 4
1.590605 922 4
1.596326 2 5
1.596326 386 5
1.596326 770 5
1.600141 538 5
1.600141 922 5
1.605862 2 6
1.605862 386 6
1.605862 770 6
1.613491 538 6
1.613491 922 6
1.613491 306 6
1.613491 690 6
1.617306 2 7
1.617306 386 7
1.623027 538 7
1.623027 922 7
1.623027 306 7
1.628749 2 8
1.628749 386 8
1.628749 770 8
1.632563 538 8
1.632563 922 8
1.638285 2 9
1.638285 386 9
1.638285 770 9
1.644006 538 9
1.644006 922 9
1.644006 306 9
1.657357 2 10
1.657357 386 10
1.657357 770 10
1.657357 154 10
1.657357 538 10
1.657357 922 10
1.657357 306 10
1.663078 2 11
1.663078 386 11
1.663078 770 11
1.674522 538 11
1.674522 922 11
1.674522 306 11
1.674522 690 11
1.674522 2 12
1.674522 386 12
1.680243 538 12
1.680243 922 12
1.680243 306 12
1.685965 2 13
1.685965 386 13
1.685965 770 13
1.708851 538 13
1.708851 922 13
1.708851 306 13
1.708851 690 13
1.708851 2 14
1.708851 386 14
1.708851 770 14
1.708851 154 14
1.708851 538 14
1.708851 922 14
1.708851 306 14
1.708851 690 14
1.714573 2 15
1.714573 386 15
1.714573 770 15
1.718387 538 15
1.718387 922 15
1.729830 2 16
1.729830 386 16
1.729830 770 16
1.729830 154 16
1.729830 538 16
1.729830 922 16
1.739366 690 16
1.739366 2 17
1.739366 386 17
1.739366 770 17
1.739366 154 17
1.767974 306 17
1.767974 690 17
1.767974 2 18
1.767974 386 18
1.767974 770 18
1.767974 154 18
1.767974 538 18
1.767974 922 18
1.767974 306 18
1.767974 690 18
1.767974 2 19
1.767974 386 19
1.767974 770 19
1.767974 154 19
1.767974 538 19
1.771789 306 19
1.771789 690 19
1.783232 770 20
1.783232 154 20
1.783232 538 20
1.783232 922 20
1.783232 306 20
1.783232 690 20
1.788954 770 21
1.788954 154 21
1.788954 538 21
1.794675 306 21
1.794675 690 21
1.794675 2 22
1.813747 770 22
1.813747 154 22
1.813747 538 22
1.813747 922 22
1.813747 306 22
1.813747 690 22
1.813747 2 23
1.813747 386 23
1.813747 770 23
1.813747 154 23
1.819469 306 23
1.819469 690 23
1.819469 2 24
1.838541 770 24
1.838541 154 24
1.838541 538 24
1.838541 922 24
1.838541 306 24
1.838541 690 24
1.838541 2 25
1.838541 386 25
1.838541 770 25
1.838541 154 25
1.844262 922 25
1.844262 306 25
1.844262 690 25
1.848077 386 26
1.848077 770 26
1.853798 538 26
1.853798 922 26
1.853798 306 26
1.869056 2 27
1.869056 386 27
1.869056 770 27
1.869056 154 27
1.869056 538 27
1.869056 922 27
1.869056 306 27
1.869056 690 27
1.874778 2 28
1.874778 386 28
1.874778 770 28
1.878592 538 28
1.878592 922 28
1.884314 2 29
1.884314 386 29
1.884314 770 29
1.905293 538 29
1.905293 922 29
1.905293 306 29
1.905293 690 29
1.905293 2 30
1.905293 386 30
1.905293 770 30
1.905293 154 30
1.905293 538 30
1.905293 922 30
1.905293 306 30
1.916736 2 31
1.916736 386 31
1.916736 770 31
1.916736 154 31
1.916736 538 31
1.916736 922 31
1.920550 2 32
1.920550 386 32
1.933901 538 32
1.933901 922 32
1.933901 306 32
1.933901 690 32
1.933901 2 33
1.933901 386 33
1.933901 770 33
1.952973 538 33
1.952973 922 33
1.952973 306 33
1.952973 690 33
1.952973 2 34
1.952973 386 34
1.952973 770 34
1.952973 154 34
1.952973 538 34
1.952973 922 34
1.958694 2 35
1.958694 386 35
1.958694 770 35
1.964416 538 35
1.964416 922 35
1.964416 306 35
1.985395 2 36
1.985395 386 36
1.985395 770 36
1.985395 154 36
1.985395 538 36
1.985395 922 36
1.985395 306 36
1.985395 690 36
1.985395 2 37
1.985395 386 37
1.985395 770 37
1.996838 538 37
1.996838 922 37
1.996838 306 37
1.996838 690 37
1.996838 2 38
1.996838 386 38
2.002560 538 38
2.002560 922 38
2.002560 306 38
2.008282 2 39
2.008282 386 39
2.008282 770 39
2.017818 538 39
2.017818 922 39
2.017818 306 39
2.017818 690 39
2.017818 2 40
2.023539 154 40
2.023539 538 40
2.023539 922 40
2.027354 690 40
2.027354 2 41
2.033075 154 41
2.033075 538 41
2.033075 922 41
2.054054 690 41
2.054054 2 42
2.054054 386 42
2.054054 770 42
2.054054 154 42
2.054054 538 42
2.054054 922 42
2.054054 306 42
2.054054 690 42
2.054054 2 43
2.054054 386 43
2.076941 154 43
2.076941 538 43
2.076941 922 43
2.076941 306 43
2.076941 690 43
2.076941 2 44
2.076941 386 44
2.076941 770 44
2.076941 154 44
2.076941 538 44
2.076941 922 44
2.076941 306 44
2.082662 690 44
2.082662 2 45
2.082662 386 45
2.094106 154 45
2.094106 538 45
2.094106 922 45
2.094106 306 45
2.094106 690 45
2.094106 2 46
2.113178 770 46
2.113178 154 46
2.113178 538 46
2.113178 922 46
2.113178 306 46
2.113178 690 46
2.113178 2 47
2.113178 386 47
2.113178 770 47
2.113178 154 47
2.124621 922 47
2.124621 306 47
2.124621 690 47
2.124621 2 48
2.124621 386 48
2.124621 770 48
2.130342 922 48
2.130342 306 48
2.130342 690 48
2.134157 386 49
2.134157 770 49
2.145600 538 49
2.145600 922 49
2.145600 306 49
2.145600 690 49
2.145600 2 50
2.145600 386 50
2.151322 538 50
2.151322 922 50
2.151322 306 50
2.181837 2 51
2.181837 386 51
2.181837 770 51
2.181837 154 51
2.181837 538 51
2.181837 922 51
2.181837 306 51
2.181837 690 51
2.181837 2 52
2.181837 386 52
2.181837 770 52
2.181837 154 52
2.181837 538 52
2.181837 922 52
2.181837 306 52
2.181837 690 52
2.193280 2 53
2.193280 386 53
2.193280 770 53
2.193280 154 53
2.193280 538 53
2.193280 922 53
2.197094 690 53
2.197094 2 54
2.202816 154 54
2.202816 538 54
2.202816 922 54
2.206630 690 54
2.206630 2 55
2.219981 154 55
2.219981 538 55
2.219981 922 55
2.219981 306 55
2.219981 690 55
2.219981 2 56
2.219981 386 56
2.233331 154 56
2.233331 538 56
2.233331 922 56
2.233331 306 56
2.233331 690 56
2.233331 2 57
2.233331 386 57
2.237146 154 57
2.237146 538 57
2.240960 690 57
2.240960 2 58
2.244774 154 58
2.244774 538 58
2.248589 690 58
2.248589 2 59
2.254310 154 59
2.254310 538 59
2.254310 922 59
2.260032 690 59
2.260032 2 60
2.260032 386 60
2.265754 154 60
2.265754 538 60
2.265754 922 60
2.279104 690 60
2.279104 2 61
2.279104 386 61
2.279104 770 61
2.279104 154 61
2.279104 538 61
2.279104 922 61
2.284826 690 61
2.284826 2 62
2.284826 386 62
2.290547 154 62
2.290547 538 62
2.290547 922 62
2.303898 690 62
2.303898 3 0
2.303898 387 0
2.303898 771 0
2.303898 155 0
2.303898 539 0
2.303898 923 0
2.324877 691 0
2.324877 3 1
2.324877 387 1
2.324877 771 1
2.324877 155 1
2.324877 539 1
2.324877 923 1
2.324877 307 1
2.324877 691 1
2.324877 3 2
2.324877 387 2
2.330598 155 2
2.330598 539 2
2.330598 923 2
2.343949 691 2
2.343949 3 3
2.343949 387 3
2.343949 771 3
2.343949 155 3
2.343949 539 3
2.343949 923 3
2.355392 691 3
2.355392 3 4
2.355392 387 4
2.355392 771 4
2.355392 155 4
2.355392 539 4
2.384000 691 4
2.384000 3 5
2.384000 387 5
2.384000 771 5
2.384000 155 5
2.384000 539 5
2.384000 923 5
2.384000 307 5
2.384000 691 5
2.384000 3 6
2.384000 387 6
2.384000 771 6
2.384000 155 6
2.384000 539 6
2.384000 923 6
2.389722 691 6
2.389722 3 7
2.389722 387 7
2.395443 155 7
2.395443 539 7
2.395443 923 7
2.401165 691 7
2.401165 3 8
2.401165 387 8
2.412608 155 8
2.412608 539 8
2.412608 923 8
2.412608 307 8
2.412608 691 8
2.412608 3 9
2.418330 155 9
2.418330 539 9
2.418330 923 9
2.424051 691 9
2.424051 3 10
2.424051 387 10
2.429773 155 10
2.429773 539 10
2.429773 923 10
2.433587 691 10
2.433587 3 11
2.446938 155 11
2.446938 539 11
2.446938 923 11
2.446938 307 11
2.446938 691 11
2.446938 3 12
2.446938 387 12
2.452659 155 12
2.452659 539 12
2.452659 923 12
2.458381 691 12
2.458381 3 13
2.458381 387 13
2.464102 155 13
2.464102 539 13
2.464102 923 13
2.485082 691 13
2.485082 3 14
2.485082 387 14
2.485082 771 14
2.485082 155 14
2.485082 539 14
2.485082 923 14
2.485082 307 14
2.485082 691 14
2.485082 3 15
2.485082 387 15
2.490803 155 15
2.490803 539 15
2.490803 923 15
2.502246 691 15
2.502246 3 16
2.502246 387 16
2.502246 771 16
2.502246 155 16
2.502246 539 16
2.506061 691 16
2.506061 3 17
2.511782 155 17
2.511782 539 17
2.511782 923 17
2.515597 691 17
2.515597 3 18
2.519411 155 18
2.519411 539 18
2.525133 691 18
2.525133 3 19
2.525133 387 19
2.551834 155 19
2.551834 539 19
2.551834 923 19
2.551834 307 19
2.551834 691 19
2.551834 3 20
2.551834 387 20
2.551834 771 20
2.551834 155 20
2.551834 539 20
2.551834 923 20
2.551834 307 20
2.551834 691 20
2.551834 3 21
2.555648 155 21
2.555648 539 21
2.584256 691 21
2.584256 3 22
2.584256 387 22
2.584256 771 22
2.584256 155 22
2.584256 539 22
2.584256 923 22
2.584256 307 22
2.584256 691 22
2.584256 3 23
2.584256 387 23
2.584256 771 23
2.584256 155 23
2.584256 539 23
2.584256 923 23
2.597606 691 23
2.597606 3 24
2.597606 387 24
2.597606 771 24
2.597606 155 24
2.597606 539 24
2.597606 923 24
2.603328 691 24
2.603328 3 25
2.603328 387 25
2.609050 155 25
2.609050 539 25
2.609050 923 25
2.614771 691 25
2.614771 3 26
2.614771 387 26
2.618586 155 26
2.618586 539 26
2.645286 691 26
2.645286 3 27
2.645286 387 27
2.645286 771 27
2.645286 155 27
2.645286 539 27
2.645286 923 27
2.645286 307 27
2.645286 691 27
2.645286 3 28
2.645286 387 28
2.645286 771 28
2.645286 155 28
2.645286 539 28
2.651008 691 28
2.651008 3 29
2.651008 387 29
2.666266 771 29
2.666266 155 29
2.666266 539 29
2.666266 923 29
2.666266 307 29
2.666266 691 29
2.666266 3 30
2.666266 387 30
2.671987 155 30
2.671987 539 30
2.671987 923 30
2.675802 691 30
2.675802 3 31
2.696781 155 31
2.696781 539 31
2.696781 923 31
2.696781 307 31
2.696781 691 31
2.696781 3 32
2.696781 387 32
2.696781 771 32
2.696781 155 32
2.696781 539 32
2.696781 923 32
2.710131 691 32
2.710131 3 33
2.710131 387 33
2.710131 771 33
2.710131 155 33
2.710131 539 33
2.710131 923 33
2.715853 691 33
2.715853 3 34
2.715853 387 34
2.719667 155 34
2.719667 539 34
2.725389 691 34
2.725389 3 35
2.725389 387 35
2.731110 155 35
2.731110 539 35
2.731110 923 35
2.744461 691 35
2.744461 3 36
2.744461 387 36
2.744461 771 36
2.744461 155 36
2.744461 539 36
2.744461 923 36
2.773069 691 36
2.773069 3 37
2.773069 387 37
2.773069 771 37
2.773069 155 37
2.773069 539 37
2.773069 923 37
2.773069 307 37
2.773069 691 37
2.773069 3 38
2.773069 387 38
2.773069 771 38
2.773069 155 38
2.773069 539 38
2.773069 923 38
2.786419 691 38
2.786419 3 39
2.786419 387 39
2.786419 771 39
2.786419 155 39
2.786419 539 39
2.786419 923 39
2.790234 691 39
2.790234 3 40
2.794048 155 40
2.794048 539 40
2.797862 691 40
2.797862 3 41
2.801677 155 41
2.801677 539 41
2.807398 691 41
2.807398 3 42
2.807398 387 42
2.811213 155 42
2.811213 539 42
2.822656 691 42
2.822656 3 43
2.822656 387 43
2.822656 771 43
2.822656 155 43
2.822656 539 43
2.826470 691 43
2.826470 3 44
2.830285 155 44
2.830285 539 44
2.832192 691 44
2.851264 3 45
2.851264 387 45
2.851264 771 45
2.851264 155 45
2.851264 539 45
2.851264 923 45
2.851264 307 45
2.851264 691 45
2.851264 3 46
2.851264 387 46
2.864614 155 46
2.864614 539 46
2.864614 923 46
2.864614 307 46
2.864614 691 46
2.864614 3 47
2.864614 387 47
2.868429 155 47
2.868429 539 47
2.881779 691 47
2.881779 3 48
2.881779 387 48
2.881779 771 48
2.881779 155 48
2.881779 539 48
2.881779 923 48
2.902758 691 48
2.902758 3 49
2.902758 387 49
2.902758 771 49
2.902758 155 49
2.902758 539 49
2.902758 923 49
2.902758 307 49
2.902758 691 49
2.902758 3 50
2.902758 387 50
2.908480 155 50
2.908480 539 50
2.908480 923 50
2.921830 691 50
2.921830 3 51
2.921830 387 51
2.921830 771 51
2.921830 155 51
2.921830 539 51
2.921830 923 51
2.933274 691 51
2.933274 3 52
2.933274 387 52
2.933274 771 52
2.933274 155 52
2.933274 539 52
2.938995 691 52
2.938995 3 53
2.938995 387 53
2.942810 155 53
2.942810 539 53
2.948531 691 53
2.948531 3 54
2.948531 387 54
2.979046 155 54
2.979046 539 54
2.979046 923 54
2.979046 307 54
2.979046 691 54
2.979046 3 55
2.979046 387 55
2.979046 771 55
2.979046 155 55
2.979046 539 55
2.979046 923 55
2.979046 307 55
2.979046 691 55
2.979046 3 56
2.979046 387 56
2.979046 771 56
2.984768 155 56
2.984768 539 56
2.984768 923 56
2.990490 691 56
2.990490 3 57
2.990490 387 57
2.996211 155 57
2.996211 539 57
2.996211 923 57
3.017190 691 57
3.017190 3 58
3.017190 387 58
3.017190 771 58
3.017190 155 58
3.017190 539 58
3.017190 923 58
3.017190 307 58
3.017190 691 58
3.017190 3 59
3.017190 387 59
3.022912 155 59
3.022912 539 59
3.022912 923 59
3.034355 691 59
3.034355 3 60
3.034355 387 60
3.034355 771 60
3.034355 155 60
3.034355 539 60
3.038170 307 60
3.038170 691 60
3.057242 771 61
3.057242 155 61
3.057242 539 61
3.057242 923 61
3.057242 307 61
3.057242 691 61
3.057242 3 62
3.057242 387 62
3.057242 771 62
3.057242 155 62
3.061056 307 62
3.061056 691 62
3.066778 772 0
3.066778 156 0
3.066778 540 0
3.072499 308 0
3.072499 692 0
3.072499 4 1
3.078221 772 1
3.078221 156 1
3.078221 540 1
3.083942 308 1
3.083942 692 1
3.083942 4 2
3.087757 772 2
3.087757 156 2
3.093478 308 2
3.093478 692 2
3.093478 4 3
3.104922 772 3
3.104922 156 3
3.104922 540 3
3.104922 924 3
3.104922 308 3
3.104922 692 3
3.110643 772 4
3.110643 156 4
3.110643 540 4
3.123994 308 4
3.123994 692 4
3.123994 4 5
3.123994 388 5
3.123994 772 5
3.123994 156 5
3.123994 540 5
3.129715 308 5
3.129715 692 5
3.129715 4 6
3.133530 772 6
3.133530 156 6
3.158323 308 6
3.158323 692 6
3.158323 4 7
3.158323 388 7
3.158323 772 7
3.158323 156 7
3.158323 540 7
3.158323 924 7
3.158323 308 7
3.158323 692 7
3.158323 4 8
3.158323 388 8
3.158323 772 8
3.164045 924 8
3.164045 308 8
3.164045 692 8
3.169766 388 9
3.169766 772 9
3.169766 156 9
3.181210 924 9
3.181210 308 9
3.181210 692 9
3.181210 4 10
3.181210 388 10
3.181210 772 10
3.186931 924 10
3.186931 308 10
3.186931 692 10
3.192653 388 11
3.192653 772 11
3.192653 156 11
3.204096 924 11
3.204096 308 11
3.204096 692 11
3.204096 4 12
3.204096 388 12
3.204096 772 12
3.209818 924 12
3.209818 308 12
3.209818 692 12
3.213632 388 13
3.213632 772 13
3.225075 924 13
3.225075 308 13
3.225075 692 13
3.225075 4 14
3.225075 388 14
3.225075 772 14
3.251776 924 14
3.251776 308 14
3.251776 692 14
3.251776 4 15
3.251776 388 15
3.251776 772 15
3.251776 156 15
3.251776 540 15
3.251776 924 15
3.251776 308 15
3.251776 692 15
3.251776 4 16
3.251776 388 16
3.251776 772 16
3.255590 924 16
3.255590 308 16
3.261312 388 17
3.261312 772 17
3.261312 156 17
3.267034 924 17
3.267034 308 17
3.267034 692 17
3.280384 388 18
3.280384 772 18
3.280384 156 18
3.280384 540 18
3.280384 924 18
3.280384 308 18
3.280384 692 18
3.301363 388 19
3.301363 772 19
3.301363 156 19
3.301363 540 19
3.301363 924 19
3.301363 308 19
3.301363 692 19
3.301363 4 20
3.301363 388 20
3.301363 772 20
3.301363 156 20
3.307085 924 20
3.307085 308 20
3.307085 692 20
3.337600 388 21
3.337600 772 21
3.337600 156 21
3.337600 540 21
3.337600 924 21
3.337600 308 21
3.337600 692 21
3.337600 4 22
3.337600 388 22
3.337600 772 22
3.337600 156 22
3.337600 540 22
3.337600 924 22
3.337600 308 22
3.337600 692 22
3.337600 4 23
3.341414 388 23
3.341414 772 23
3.362394 924 23
3.362394 308 23
3.362394 692 23
3.362394 4 24
3.362394 388 24
3.362394 772 24
3.362394 156 24
3.362394 540 24
3.362394 924 24
3.362394 308 24
3.362394 692 24
3.366208 388 25
3.366208 772 25
3.379558 924 25
3.379558 308 25
3.379558 692 25
3.379558 4 26
3.379558 388 26
3.379558 772 26
3.379558 156 26
3.400538 924 26
3.400538 308 26
3.400538 692 26
3.400538 4 27
3.400538 388 27
3.400538 772 27
3.400538 156 27
3.400538 540 27
3.400538 924 27
3.400538 308 27
3.400538 692 27
3.411981 388 28
3.411981 772 28
3.411981 156 28
3.411981 540 28
3.411981 924 28
3.411981 308 28
3.417702 388 29
3.417702 772 29
3.417702 156 29
3.431053 924 29
3.431053 308 29
3.431053 692 29
3.431053 4 30
3.431053 388 30
3.431053 772 30
3.431053 156 30
3.436774 924 30
3.436774 308 30
3.436774 692 30
3.457754 388 31
3.457754 772 31
3.457754 156 31
3.457754 540 31
3.457754 924 31
3.457754 308 31
3.457754 692 31
3.457754 4 32
3.457754 388 32
3.457754 772 32
3.457754 156 32
3.469197 924 32
3.469197 308 32
3.469197 692 32
3.469197 4 33
3.469197 388 33
3.469197 772 33
3.474918 924 33
3.474918 308 33
3.474918 692 33
3.480640 388 34
3.480640 772 34
3.480640 156 34
3.484454 924 34
3.484454 308 34
3.495898 388 35
3.495898 772 35
3.495898 156 35
3.495898 540 35
3.495898 924 35
3.495898 308 35
3.501619 388 36
3.501619 772 36
3.501619 156 36
3.507341 924 36
3.507341 308 36
3.507341 692 36
3.518784 388 37
3.518784 772 37
3.518784 156 37
3.518784 540 37
3.518784 924 37
3.518784 308 37
3.524506 388 38
3.524506 772 38
3.524506 156 38
3.530227 924 38
3.530227 308 38
3.530227 692 38
3.543578 388 39
3.543578 772 39
3.543578 156 39
3.543578 540 39
3.543578 924 39
3.543578 308 39
3.543578 692 39
3.556928 388 40
3.556928 772 40
3.556928 156 40
3.556928 540 40
3.556928 924 40
3.556928 308 40
3.556928 692 40
3.568371 388 41
3.568371 772 41
3.568371 156 41
3.568371 540 41
3.568371 924 41
3.568371 308 41
3.579814 388 42
3.579814 772 42
3.579814 156 42
3.579814 540 42
3.579814 924 42
3.579814 308 42
3.585536 692 42
3.585536 4 43
3.585536 388 43
3.589350 540 43
3.589350 924 43
3.619866 4 44
3.619866 388 44
3.619866 772 44
3.619866 156 44
3.619866 540 44
3.619866 924 44
3.619866 308 44
3.619866 692 44
3.619866 4 45
3.619866 388 45
3.619866 772 45
3.619866 156 45
3.619866 540 45
3.619866 924 45
3.619866 308 45
3.619866 692 45
3.650381 4 46
3.650381 388 46
3.650381 772 46
3.650381 156 46
3.650381 540 46
3.650381 924 46
3.650381 308 46
3.650381 692 46
3.650381 4 47
3.650381 388 47
3.650381 772 47
3.650381 156 47
3.650381 540 47
3.650381 924 47
3.650381 308 47
3.650381 692 47
3.680896 4 48
3.680896 388 48
3.680896 772 48
3.680896 156 48
3.680896 540 48
3.680896 924 48
3.680896 308 48
3.680896 692 48
3.680896 4 49
3.680896 388 49
3.680896 772 49
3.680896 156 49
3.680896 540 49
3.680896 924 49
3.680896 308 49
3.680896 692 49
3.686618 772 50
3.686618 156 50
3.686618 540 50
3.705690 308 50
3.705690 692 50
3.705690 4 51
3.705690 388 51
3.705690 772 51
3.705690 156 51
3.705690 540 51
3.705690 924 51
3.705690 308 51
3.705690 692 51
3.726669 772 52
3.726669 156 52
3.726669 540 52
3.726669 924 52
3.726669 308 52
3.726669 692 52
3.726669 4 53
3.726669 388 53
3.726669 772 53
3.726669 156 53
3.726669 540 53
3.757184 308 53
3.757184 692 53
3.757184 4 54
3.757184 388 54
3.757184 772 54
3.757184 156 54
3.757184 540 54
3.757184 924 54
3.757184 308 54
3.757184 692 54
3.757184 4 55
3.757184 388 55
3.757184 772 55
3.757184 156 55
3.757184 540 55
3.757184 924 55
3.770534 308 55
3.770534 692 55
3.770534 4 56
3.770534 388 56
3.770534 772 56
3.770534 156 56
3.770534 540 56
3.791514 308 56
3.791514 692 56
3.791514 4 57
3.791514 388 57
3.791514 772 57
3.791514 156 57
3.791514 540 57
3.791514 924 57
3.791514 308 57
3.791514 692 57
3.791514 4 58
3.795328 772 58
3.795328 156 58
3.799142 308 58
3.799142 692 58
3.812493 772 59
3.812493 156 59
3.812493 540 59
3.812493 924 59
3.812493 308 59
3.812493 692 59
3.812493 4 60
3.818214 772 60
3.818214 156 60
3.818214 540 60
3.831565 308 60
3.831565 692 60
3.831565 4 61
3.831565 388 61
3.831565 772 61
3.831565 156 61
3.831565 540 61
3.835379 308 61
3.835379 692 61
3.841101 772 62
3.841101 156 62
3.841101 540 62
3.844915 308 62
3.844915 692 62
3.865894 773 0
3.865894 157 0
3.865894 541 0
3.865894 925 0
3.865894 309 0
3.865894 693 0
3.865894 5 1
3.865894 389 1
3.865894 773 1
3.865894 157 1
3.865894 541 1
3.871616 309 1
3.871616 693 1
3.871616 5 2
3.877338 773 2
3.877338 157 2
3.877338 541 2
3.883059 309 2
3.883059 693 2
3.883059 5 3
3.886874 773 3
3.886874 157 3
3.890688 309 3
3.890688 693 3
3.911667 773 4
3.911667 157 4
3.911667 541 4
3.911667 925 4
3.911667 309 4
3.911667 693 4
3.911667 5 5
3.911667 389 5
3.911667 773 5
3.911667 157 5
3.911667 541 5
3.932646 309 5
3.932646 693 5
3.932646 5 6
3.932646 389 6
3.932646 773 6
3.932646 157 6
3.932646 541 6
3.932646 925 6
3.932646 309 6
3.932646 693 6
3.932646 5 7
3.938368 773 7
3.938368 157 7
3.938368 541 7
3.942182 309 7
3.942182 693 7
3.947904 773 8
3.947904 157 8
3.947904 541 8
3.951718 309 8
3.951718 693 8
3.955533 773 9
3.955533 157 9
3.963162 541 9
3.963162 925 9
3.963162 309 9
3.963162 693 9
3.966976 773 10
3.966976 157 10
3.972698 309 10
3.972698 693 10
3.972698 5 11
3.978419 773 11
3.978419 157 11
3.978419 541 11
3.984141 309 11
3.984141 693 11
3.984141 5 12
3.987955 773 12
3.987955 157 12
4.001306 309 12
4.001306 693 12
4.001306 5 13
4.001306 389 13
4.001306 773 13
4.001306 157 13
4.001306 541 13
4.005120 309 13
4.005120 693 13
4.010842 773 14
4.010842 157 14
4.010842 541 14
4.016563 309 14
4.016563 693 14
4.016563 5 15
4.022285 773 15
4.022285 157 15
4.022285 541 15
4.028006 309 15
4.028006 693 15
4.028006 5 16
4.054707 773 16
4.054707 157 16
4.054707 541 16
4.054707 925 16
4.054707 309 16
4.054707 693 16
4.054707 5 17
4.054707 389 17
4.054707 773 17
4.054707 157 17
4.054707 541 17
4.054707 925 17
4.054707 309 17
4.054707 693 17
4.068058 389 18
4.068058 773 18
4.068058 157 18
4.068058 541 18
4.068058 925 18
4.068058 309 18
4.068058 693 18
4.073779 389 19
4.073779 773 19
4.073779 157 19
4.079501 925 19
4.079501 309 19
4.079501 693 19
4.083315 389 20
4.083315 773 20
4.094758 925 20
4.094758 309 20
4.094758 693 20
4.094758 5 21
4.094758 389 21
4.094758 773 21
4.100480 925 21
4.100480 309 21
4.100480 693 21
4.106202 389 22
4.106202 773 22
4.106202 157 22
4.110016 925 22
4.110016 309 22
4.123366 389 23
4.123366 773 23
4.123366 157 23
4.123366 541 23
4.123366 925 23
4.123366 309 23
4.123366 693 23
4.129088 389 24
4.129088 773 24
4.129088 157 24
4.132902 925 24
4.132902 309 24
4.153882 389 25
4.153882 773 25
4.153882 157 25
4.153882 541 25
4.153882 925 25
4.153882 309 25
4.153882 693 25
4.153882 5 26
4.153882 389 26
4.153882 773 26
4.153882 157 26
4.159603 925 26
4.159603 309 26
4.159603 693 26
4.163418 389 27
4.163418 773 27
4.167232 925 27
4.167232 309 27
4.171046 389 28
4.171046 773 28
4.176768 925 28
4.176768 309 28
4.176768 693 28
4.180582 389 29
4.180582 773 29
4.184397 925 29
4.184397 309 29
4.188211 389 30
4.188211 773 30
4.193933 925 30
4.193933 309 30
4.193933 693 30
4.207283 389 31
4.207283 773 31
4.207283 157 31
4.207283 541 31
4.207283 925 31
4.207283 309 31
4.207283 693 31
4.213005 389 32
4.213005 773 32
4.213005 157 32
4.216819 925 32
4.216819 309 32
4.220634 389 33
4.220634 773 33
4.224448 925 33
4.224448 309 33
4.230170 389 34
4.230170 773 34
4.230170 157 34
4.235891 925 34
4.235891 309 34
4.235891 693 34
4.256870 389 35
4.256870 773 35
4.256870 157 35
4.256870 541 35
4.256870 925 35
4.256870 309 35
4.256870 693 35
4.256870 5 36
4.256870 389 36
4.256870 773 36
4.256870 157 36
4.262592 925 36
4.262592 309 36
4.262592 693 36
4.266406 389 37
4.266406 773 37
4.295014 925 37
4.295014 309 37
4.295014 693 37
4.295014 5 38
4.295014 389 38
4.295014 773 38
4.295014 157 38
4.295014 541 38
4.295014 925 38
4.295014 309 38
4.295014 693 38
4.295014 5 39
4.295014 389 39
4.295014 773 39
4.295014 157 39
4.298829 925 39
4.298829 309 39
4.317901 389 40
4.317901 773 40
4.317901 157 40
4.317901 541 40
4.317901 925 40
4.317901 309 40
4.317901 693 40
4.317901 5 41
4.317901 389 41
4.317901 773 41
4.348416 925 41
4.348416 309 41
4.348416 693 41
4.348416 5 42
4.348416 389 42
4.348416 773 42
4.348416 157 42
4.348416 541 42
4.348416 925 42
4.348416 309 42
4.348416 693 42
4.348416 5 43
4.348416 389 43
4.348416 773 43
4.348416 157 43
4.348416 541 43
4.352230 925 43
4.352230 309 43
4.356045 389 44
4.356045 773 44
4.361766 925 44
4.361766 309 44
4.361766 693 44
4.365581 389 45
4.365581 773 45
4.371302 925 45
4.371302 309 45
4.371302 693 45
4.384653 389 46
4.384653 773 46
4.384653 157 46
4.384653 541 46
4.384653 925 46
4.384653 309 46
4.384653 693 46
4.403725 389 47
4.403725 773 47
4.403725 157 47
4.403725 541 47
4.403725 925 47
4.403725 309 47
4.403725 693 47
4.403725 5 48
4.403725 389 48
4.403725 773 48
4.407539 925 48
4.407539 309 48
4.426611 389 49
4.426611 773 49
4.426611 157 49
4.426611 541 49
4.426611 925 49
4.426611 309 49
4.426611 693 49
4.426611 5 50
4.426611 389 50
4.426611 773 50
4.432333 925 50
4.432333 309 50
4.432333 693 50
4.438054 389 51
4.438054 773 51
4.438054 157 51
4.443776 925 51
4.443776 309 51
4.443776 693 51
4.453312 389 52
4.453312 773 52
4.453312 157 52
4.453312 541 52
4.453312 925 52
4.466662 693 52
4.466662 5 53
4.466662 389 53
4.466662 773 53
4.466662 157 53
4.466662 541 53
4.466662 925 53
4.497178 693 53
4.497178 5 54
4.497178 389 54
4.497178 773 54
4.497178 157 54
4.497178 541 54
4.497178 925 54
4.497178 309 54
4.497178 693 54
4.497178 5 55
4.497178 389 55
4.497178 773 55
4.497178 157 55
4.497178 541 55
4.497178 925 55
4.497178 309 55
4.502899 693 55
4.502899 5 56
4.502899 389 56
4.514342 157 56
4.514342 541 56
4.514342 925 56
4.514342 309 56
4.514342 693 56
4.514342 5 57
4.527693 157 57
4.527693 541 57
4.527693 925 57
4.527693 309 57
4.527693 693 57
4.527693 5 58
4.527693 389 58
4.531507 157 58
4.531507 541 58
4.537229 693 58
4.537229 5 59
4.537229 389 59
4.542950 157 59
4.542950 541 59
4.542950 925 59
4.548672 693 59
4.548672 5 60
4.548672 389 60
4.562022 157 60
4.562022 541 60
4.562022 925 60
4.562022 309 60
4.562022 693 60
4.562022 5 61
4.562022 389 61
4.567744 157 61
4.567744 541 61
4.567744 925 61
4.571558 693 61
4.571558 5 62
4.600166 157 62
4.600166 541 62
4.600166 925 62
4.600166 309 62
4.600166 693 62
4.600166 6 0
4.600166 390 0
4.600166 774 0
4.600166 158 0
4.600166 542 0
4.600166 926 0
4.600166 310 0
4.600166 694 0
4.600166 6 1
4.600166 390 1
4.619238 158 1
4.619238 542 1
4.619238 926 1
4.619238 310 1
4.619238 694 1
4.619238 6 2
4.619238 390 2
4.619238 774 2
4.619238 158 2
4.619238 542 2
4.624960 694 2
4.624960 6 3
4.624960 390 3
4.638310 158 3
4.638310 542 3
4.638310 926 3
4.638310 310 3
4.638310 694 3
4.638310 6 4
4.638310 390 4
4.642125 158 4
4.642125 542 4
4.647846 694 4
4.647846 6 5
4.647846 390 5
4.659290 158 5
4.659290 542 5
4.659290 926 5
4.659290 310 5
4.659290 694 5
4.659290 6 6
4.672640 774 6
4.672640 158 6
4.672640 542 6
4.672640 926 6
4.672640 310 6
4.672640 694 6
4.672640 6 7
4.685990 774 7
4.685990 158 7
4.685990 542 7
4.685990 926 7
4.685990 310 7
4.685990 694 7
4.685990 6 8
4.697434 774 8
4.697434 158 8
4.697434 542 8
4.697434 926 8
4.697434 310 8
4.697434 694 8
4.703155 774 9
4.703155 158 9
4.703155 542 9
4.716506 310 9
4.716506 694 9
4.716506 6 10
4.716506 390 10
4.716506 774 10
4.716506 158 10
4.716506 542 10
4.727949 310 10
4.727949 694 10
4.727949 6 11
4.727949 390 11
4.727949 774 11
4.727949 158 11
4.733670 310 11
4.733670 694 11
4.733670 6 12
4.739392 774 12
4.739392 158 12
4.739392 542 12
4.745114 310 12
4.745114 694 12
4.745114 6 13
4.748928 774 13
4.748928 158 13
4.752742 310 13
4.752742 694 13
4.758464 774 14
4.758464 158 14
4.758464 542 14
4.762278 310 14
4.762278 694 14
4.768000 774 15
4.768000 158 15
4.768000 542 15
4.773722 310 15
4.773722 694 15
4.773722 6 16
4.785165 774 16
4.785165 158 16
4.785165 542 16
4.785165 926 16
4.785165 310 16
4.785165 694 16
4.790886 774 17
4.790886 158 17
4.790886 542 17
4.819494 310 17
4.819494 694 17
4.819494 6 18
4.819494 390 18
4.819494 774 18
4.819494 158 18
4.819494 542 18
4.819494 926 18
4.819494 310 18
4.819494 694 18
4.819494 6 19
4.819494 390 19
4.819494 774 19
4.819494 158 19
4.819494 542 19
4.825216 310 19
4.825216 694 19
4.825216 6 20
4.829030 774 20
4.829030 158 20
4.832845 310 20
4.832845 694 20
4.836659 774 21
4.836659 158 21
4.867174 310 21
4.867174 694 21
4.867174 6 22
4.867174 390 22
4.867174 774 22
4.867174 158 22
4.867174 542 22
4.867174 926 22
4.867174 310 22
4.867174 694 22
4.867174 6 23
4.867174 390 23
4.867174 774 23
4.867174 158 23
4.867174 542 23
4.867174 926 23
4.880525 310 23
4.880525 694 23
4.880525 6 24
4.880525 390 24
4.880525 774 24
4.880525 158 24
4.880525 542 24
4.886246 310 24
4.886246 694 24
4.886246 6 25
4.891968 774 25
4.891968 158 25
4.891968 542 25
4.905318 310 25
4.905318 694 25
4.905318 6 26
4.905318 390 26
4.905318 774 26
4.905318 158 26
4.905318 542 26
4.918669 310 26
4.918669 694 26
4.918669 6 27
4.918669 390 27
4.918669 774 27
4.918669 158 27
4.918669 542 27
4.939648 310 27
4.939648 694 27
4.939648 6 28
4.939648 390 28
4.939648 774 28
4.939648 158 28
4.939648 542 28
4.939648 926 28
4.939648 310 28
4.939648 694 28
4.939648 6 29
4.956813 774 29
4.956813 158 29
4.956813 542 29
4.956813 926 29
4.956813 310 29
4.956813 694 29
4.956813 6 30
4.956813 390 30
4.956813 774 30
4.960627 926 30
4.960627 310 30
4.966349 390 31
4.966349 774 31
4.966349 158 31
4.972070 926 31
4.972070 310 31
4.972070 694 31
4.975885 390 32
4.975885 774 32
4.981606 926 32
4.981606 310 32
4.981606 694 32
4.994957 390 33
4.994957 774 33
4.994957 158 33
4.994957 542 33
4.994957 926 33
4.994957 310 33
4.994957 694 33
5.000678 390 34
5.000678 774 34
5.000678 158 34
5.004493 926 34
5.004493 310 34
5.010214 390 35
5.010214 774 35
5.010214 158 35
5.015936 926 35
5.015936 310 35
5.015936 694 35
5.021658 390 36
5.021658 774 36
5.021658 158 36
5.035008 926 36
5.035008 310 36
5.035008 694 36
5.035008 6 37
5.035008 390 37
5.035008 774 37
5.035008 158 37
5.048358 926 37
5.048358 310 37
5.048358 694 37
5.048358 6 38
5.048358 390 38
5.048358 774 38
5.048358 158 38
5.052173 926 38
5.052173 310 38
5.055987 390 39
5.055987 774 39
5.061709 926 39
5.061709 310 39
5.061709 694 39
5.088410 390 40
5.088410 774 40
5.088410 158 40
5.088410 542 40
5.088410 926 40
5.088410 310 40
5.088410 694 40
5.088410 6 41
5.088410 390 41
5.088410 774 41
5.088410 158 41
5.088410 542 41
5.088410 926 41
5.088410 310 41
5.094131 390 42
5.094131 774 42
5.094131 158 42
5.105574 926 42
5.105574 310 42
5.105574 694 42
5.105574 6 43
5.105574 390 43
5.105574 774 43
5.111296 542 43
5.111296 926 43
5.111296 310 43
5.115110 6 44
5.115110 390 44
5.120832 158 44
5.120832 542 44
5.120832 926 44
5.126554 694 44
5.126554 6 45
5.126554 390 45
5.137997 158 45
5.137997 542 45
5.137997 926 45
5.137997 310 45
5.137997 694 45
5.137997 6 46
5.149440 158 46
5.149440 542 46
5.149440 926 46
5.149440 310 46
5.149440 694 46
5.149440 6 47
5.153254 158 47
5.153254 542 47
5.166605 694 47
5.166605 6 48
5.166605 390 48
5.166605 774 48
5.166605 158 48
5.166605 542 48
5.166605 926 48
5.170419 694 48
5.170419 6 49
5.174234 158 49
5.174234 542 49
5.179955 694 49
5.179955 6 50
5.179955 390 50
5.193306 158 50
5.193306 542 50
5.193306 926 50
5.193306 310 50
5.193306 694 50
5.193306 6 51
5.193306 390 51
5.204749 158 51
5.204749 542 51
5.204749 926 51
5.204749 310 51
5.204749 694 51
5.204749 6 52
5.210470 158 52
5.210470 542 52
5.210470 926 52
5.223821 694 52
5.223821 6 53
5.223821 390 53
5.223821 774 53
5.223821 158 53
5.223821 542 53
5.223821 926 53
5.235264 694 53
5.235264 6 54
5.235264 390 54
5.235264 774 54
5.235264 158 54
5.235264 542 54
5.256243 694 54
5.256243 6 55
5.256243 390 55
5.256243 774 55
5.256243 158 55
5.256243 542 55
5.256243 926 55
5.256243 310 55
5.256243 694 55
5.256243 6 56
5.256243 390 56
5.260058 158 56
5.260058 542 56
5.271501 694 56
5.271501 6 57
5.271501 390 57
5.271501 774 57
5.271501 158 57
5.271501 542 57
5.275315 694 57
5.275315 6 58
5.302016 158 58
5.302016 542 58
5.302016 926 58
5.302016 310 58
5.302016 694 58
5.302016 6 59
5.302016 390 59
5.302016 774 59
5.302016 158 59
5.302016 542 59
5.302016 926 59
5.302016 310 59
5.302016 694 59
5.302016 6 60
5.307738 158 60
5.307738 542 60
5.307738 926 60
5.313459 694 60
5.313459 6 61
5.313459 390 61
5.317274 158 61
5.317274 542 61
5.321088 694 61
5.321088 6 62
5.326810 158 62
5.326810 542 62
5.326810 926 62
5.330624 694 62
5.330624 7 0
5.353510 159 0
5.353510 543 0
5.353510 927 0
5.353510 311 0
5.353510 695 0
5.353510 7 1
5.353510 391 1
5.353510 775 1
5.353510 159 1
5.353510 543 1
5.353510 927 1
5.353510 311 1
5.357325 391 2
5.357325 775 2
5.374490 927 2
5.374490 311 2
5.374490 695 2
5.374490 7 3
5.374490 391 3
5.374490 775 3
5.374490 159 3
5.374490 543 3
5.374490 927 3
5.385933 7 4
5.385933 391 4
5.385933 775 4
5.385933 159 4
5.385933 543 4
5.385933 927 4
5.389747 7 5
5.389747 391 5
5.393562 543 5
5.393562 927 5
5.405005 7 6
5.405005 391 6
5.405005 775 6
5.405005 159 6
5.405005 543 6
5.405005 927 6
5.424077 7 7
5.424077 391 7
5.424077 775 7
5.424077 159 7
5.424077 543 7
5.424077 927 7
5.424077 311 7
5.424077 695 7
5.424077 7 8
5.424077 391 8
5.429798 543 8
5.429798 927 8
5.429798 311 8
5.456499 7 9
5.456499 391 9
5.456499 775 9
5.456499 159 9
5.456499 543 9
5.456499 927 9
5.456499 311 9
5.456499 695 9
5.456499 7 10
5.456499 391 10
5.456499 775 10
5.456499 159 10
5.456499 543 10
5.456499 927 10
5.460314 7 11
5.460314 391 11
5.464128 159 11
5.464128 543 11
5.469850 311 11
5.469850 695 11
5.469850 7 12
5.483200 775 12
5.483200 159 12
5.483200 543 12
5.483200 927 12
5.483200 311 12
5.483200 695 12
5.483200 7 13
5.488922 775 13
5.488922 159 13
5.488922 543 13
5.494643 311 13
5.494643 695 13
5.494643 7 14
5.506086 775 14
5.506086 159 14
5.506086 543 14
5.506086 927 14
5.506086 311 14
5.506086 695 14
5.509901 775 15
5.509901 159 15
5.515622 311 15
5.515622 695 15
5.515622 7 16
5.521344 775 16
5.521344 159 16
5.521344 543 16
5.525158 311 16
5.525158 695 16
5.546138 775 17
5.546138 159 17
5.546138 543 17
5.546138 927 17
5.546138 311 17
5.546138 695 17
5.546138 7 18
5.546138 391 18
5.546138 775 18
5.546138 159 18
5.546138 543 18
5.549952 311 18
5.549952 695 18
5.553766 775 19
5.553766 159 19
5.557581 311 19
5.557581 695 19
5.561395 775 20
5.561395 159 20
5.567117 311 20
5.567117 695 20
5.567117 7 21
5.595725 775 21
5.595725 159 21
5.595725 543 21
5.595725 927 21
5.595725 311 21
5.595725 695 21
5.595725 7 22
5.595725 391 22
5.595725 775 22
5.595725 159 22
5.595725 543 22
5.595725 927 22
5.595725 311 22
5.595725 695 22
5.595725 7 23
5.601446 775 23
5.601446 159 23
5.601446 543 23
5.605261 311 23
5.605261 695 23
5.610982 775 24
5.610982 159 24
5.610982 543 24
5.639590 311 24
5.639590 695 24
5.639590 7 25
5.639590 391 25
5.639590 775 25
5.639590 159 25
5.639590 543 25
5.639590 927 25
5.639590 311 25
5.639590 695 25
5.639590 7 26
5.639590 391 26
5.639590 775 26
5.639590 159 26
5.639590 543 26
5.643405 311 26
5.643405 695 26
5.656755 775 27
5.656755 159 27
5.656755 543 27
5.656755 927 27
5.656755 311 27
5.656755 695 27
5.656755 7 28
5.668198 775 28
5.668198 159 28
5.668198 543 28
5.668198 927 28
5.668198 311 28
5.668198 695 28
5.681549 775 29
5.681549 159 29
5.681549 543 29
5.681549 927 29
5.681549 311 29
5.681549 695 29
5.681549 7 30
5.685363 775 30
5.685363 159 30
5.691085 311 30
5.691085 695 30
5.691085 7 31
5.704435 775 31
5.704435 159 31
5.704435 543 31
5.704435 927 31
5.704435 311 31
5.704435 695 31
5.704435 7 32
5.710157 775 32
5.710157 159 32
5.710157 543 32
5.715878 311 32
5.715878 695 32
5.715878 7 33
5.721600 775 33
5.721600 159 33
5.721600 543 33
5.727322 311 33
5.727322 695 33
5.727322 7 34
5.733043 775 34
5.733043 159 34
5.733043 543 34
5.746394 311 34
5.746394 695 34
5.746394 7 35
5.746394 391 35
5.746394 775 35
5.746394 159 35
5.746394 543 35
5.752115 311 35
5.752115 695 35
5.752115 7 36
5.757837 775 36
5.757837 159 36
5.757837 543 36
5.763558 311 36
5.763558 695 36
5.763558 7 37
5.769280 775 37
5.769280 159 37
5.769280 543 37
5.775002 311 37
5.775002 695 37
5.775002 7 38
5.778816 775 38
5.778816 159 38
5.784538 311 38
5.784538 695 38
5.784538 7 39
5.813146 775 39
5.813146 159 39
5.813146 543 39
5.813146 927 39
5.813146 311 39
5.813146 695 39
5.813146 7 40
5.813146 391 40
5.813146 775 40
5.813146 159 40
5.813146 543 40
5.813146 927 40
5.813146 311 40
5.813146 695 40
5.813146 7 41
5.816960 775 41
5.816960 159 41
5.843661 311 41
5.843661 695 41
5.843661 7 42
5.843661 391 42
5.843661 775 42
5.843661 159 42
5.843661 543 42
5.843661 927 42
5.843661 311 42
5.843661 695 42
5.843661 7 43
5.843661 391 43
5.843661 775 43
5.843661 159 43
5.849382 311 43
5.849382 695 43
5.849382 7 44
5.855104 775 44
5.855104 159 44
5.855104 543 44
5.858918 311 44
5.858918 695 44
5.864640 775 45
5.864640 159 45
5.864640 543 45
5.870362 311 45
5.870362 695 45
5.870362 7 46
5.876083 775 46
5.876083 159 46
5.876083 543 46
5.895155 311 46
5.895155 695 46
5.895155 7 47
5.895155 391 47
5.895155 775 47
5.895155 159 47
5.895155 543 47
5.895155 927 47
5.895155 311 47
5.895155 695 47
5.900877 775 48
5.900877 159 48
5.900877 543 48
5.914227 311 48
5.914227 695 48
5.914227 7 49
5.914227 391 49
5.914227 775 49
5.914227 159 49
5.914227 543 49
5.927578 311 49
5.927578 695 49
5.927578 7 50
5.927578 391 50
5.927578 775 50
5.927578 159 50
5.927578 543 50
5.931392 311 50
5.931392 695 50
5.937114 775 51
5.937114 159 51
5.937114 543 51
5.940928 311 51
5.940928 695 51
5.946650 775 52
5.946650 159 52
5.946650 543 52
5.952371 311 52
5.952371 695 52
5.952371 7 53
5.958093 775 53
5.958093 159 53
5.958093 543 53
5.963814 311 53
5.963814 695 53
5.963814 7 54
5.975258 775 54
5.975258 159 54
5.975258 543 54
5.975258 927 54
5.975258 311 54
5.975258 695 54
5.980979 775 55
5.980979 159 55
5.980979 543 55
5.984794 311 55
5.984794 695 55
5.990515 775 56
5.990515 159 56
5.990515 543 56
6.009587 311 56
6.009587 695 56
6.009587 7 57
6.009587 391 57
6.009587 775 57
6.009587 159 57
6.009587 543 57
6.009587 927 57
6.009587 311 57
6.009587 695 57
6.013402 775 58
6.013402 159 58
6.019123 311 58
6.019123 695 58
6.019123 7 59
6.032474 775 59
6.032474 159 59
6.032474 543 59
6.032474 927 59
6.032474 311 59
6.032474 695 59
6.032474 7 60
6.036288 775 60
6.036288 159 60
6.042010 311 60
6.042010 695 60
6.042010 7 61
6.045824 775 61
6.045824 159 61
6.049638 311 61
6.049638 695 61
6.055360 775 62
6.055360 159 62
6.055360 543 62
6.061082 311 62
6.061082 695 62
6.061082 8 0
6.078246 776 0
6.078246 160 0
6.078246 544 0
6.078246 928 0
6.078246 312 0
6.078246 696 0
6.078246 8 1
6.078246 392 1
6.078246 776 1
6.089690 928 1
6.089690 312 1
6.089690 696 1
6.089690 8 2
6.089690 392 2
6.089690 776 2
6.095411 928 2
6.095411 312 2
6.095411 696 2
6.114483 392 3
6.114483 776 3
6.114483 160 3
6.114483 544 3
6.114483 928 3
6.114483 312 3
6.114483 696 3
6.114483 8 4
6.114483 392 4
6.114483 776 4
6.118298 544 4
6.118298 928 4
6.124019 8 5
6.124019 392 5
6.124019 776 5
6.135462 544 5
6.135462 928 5
6.135462 312 5
6.135462 696 5
6.135462 8 6
6.135462 392 6
6.141184 544 6
6.141184 928 6
6.141184 312 6
6.144998 8 7
6.144998 392 7
6.150720 544 7
6.150720 928 7
6.150720 312 7
6.156442 8 8
6.156442 392 8
6.156442 776 8
6.162163 544 8
6.162163 928 8
6.162163 312 8
6.192678 8 9
6.192678 392 9
6.192678 776 9
6.192678 160 9
6.192678 544 9
6.192678 928 9
6.192678 312 9
6.192678 696 9
6.192678 8 10
6.192678 392 10
6.192678 776 10
6.192678 160 10
6.192678 544 10
6.192678 928 10
6.192678 312 10
6.192678 696 10
6.204122 8 11
6.204122 392 11
6.204122 776 11
6.204122 160 11
6.204122 544 11
6.204122 928 11
6.209843 696 11
6.209843 8 12
6.209843 392 12
6.223194 160 12
6.223194 544 12
6.223194 928 12
6.223194 312 12
6.223194 696 12
6.223194 8 13
6.223194 392 13
6.228915 160 13
6.228915 544 13
6.228915 928 13
6.234637 696 13
6.234637 8 14
6.234637 392 14
6.240358 160 14
6.240358 544 14
6.240358 928 14
6.246080 696 14
6.246080 8 15
6.246080 392 15
6.249894 160 15
6.249894 544 15
6.270874 696 15
6.270874 8 16
6.270874 392 16
6.270874 776 16
6.270874 160 16
6.270874 544 16
6.270874 928 16
6.270874 312 16
6.270874 696 16
6.270874 8 17
6.270874 392 17
6.276595 160 17
6.276595 544 17
6.276595 928 17
6.282317 696 17
6.282317 8 18
6.282317 392 18
6.286131 160 18
6.286131 544 18
6.291853 696 18
6.291853 8 19
6.291853 392 19
6.297574 160 19
6.297574 544 19
6.297574 928 19
6.301389 696 19
6.301389 8 20
6.314739 160 20
6.314739 544 20
6.314739 928 20
6.314739 312 20
6.314739 696 20
6.314739 8 21
6.314739 392 21
6.320461 160 21
6.320461 544 21
6.320461 928 21
6.326182 696 21
6.326182 8 22
6.326182 392 22
6.331904 160 22
6.331904 544 22
6.331904 928 22
6.337626 696 22
6.337626 8 23
6.337626 392 23
6.341440 160 23
6.341440 544 23
6.345254 696 23
6.345254 8 24
6.349069 160 24
6.349069 544 24
6.354790 696 24
6.354790 8 25
6.354790 392 25
6.358605 160 25
6.358605 544 25
6.364326 696 25
6.364326 8 26
6.364326 392 26
6.368141 160 26
6.368141 544 26
6.381491 696 26
6.381491 8 27
6.381491 392 27
6.381491 776 27
6.381491 160 27
6.381491 544 27
6.381491 928 27
6.387213 696 27
6.387213 8 28
6.387213 392 28
6.392934 160 28
6.392934 544 28
6.392934 928 28
6.398656 696 28
6.398656 8 29
6.398656 392 29
6.402470 160 29
6.402470 544 29
6.408192 696 29
6.408192 8 30
6.408192 392 30
6.412006 160 30
6.412006 544 30
6.417728 312 30
6.417728 696 30
6.417728 8 31
6.423450 776 31
6.423450 160 31
6.423450 544 31
6.429171 312 31
6.429171 696 31
6.429171 8 32
6.450150 776 32
6.450150 160 32
6.450150 544 32
6.450150 928 32
6.450150 312 32
6.450150 696 32
6.450150 8 33
6.450150 392 33
6.450150 776 33
6.450150 160 33
6.450150 544 33
6.461594 312 33
6.461594 696 33
6.461594 8 34
6.461594 392 34
6.461594 776 34
6.461594 160 34
6.465408 928 34
6.465408 312 34
6.469222 392 35
6.469222 776 35
6.473037 928 35
6.473037 312 35
6.476851 392 36
6.476851 776 36
6.482573 928 36
6.482573 312 36
6.482573 696 36
6.494016 392 37
6.494016 776 37
6.494016 160 37
6.494016 544 37
6.494016 928 37
6.494016 312 37
6.499738 392 38
6.499738 776 38
6.499738 160 38
6.513088 928 38
6.513088 312 38
6.513088 696 38
6.513088 8 39
6.513088 392 39
6.513088 776 39
6.513088 160 39
6.526438 928 39
6.526438 312 39
6.526438 696 39
6.526438 8 40
6.526438 392 40
6.526438 776 40
6.526438 160 40
6.555046 928 40
6.555046 312 40
6.555046 696 40
6.555046 8 41
6.555046 392 41
6.555046 776 41
6.555046 160 41
6.555046 544 41
6.555046 928 41
6.555046 312 41
6.555046 696 41
6.555046 8 42
6.555046 392 42
6.555046 776 42
6.555046 160 42
6.558861 928 42
6.558861 312 42
6.572211 392 43
6.572211 776 43
6.572211 160 43
6.572211 544 43
6.572211 928 43
6.572211 312 43
6.572211 696 43
6.576026 392 44
6.576026 776 44
6.581747 928 44
6.581747 312 44
6.581747 696 44
6.587469 392 45
6.587469 776 45
6.587469 160 45
6.593190 928 45
6.593190 312 45
6.593190 696 45
6.604634 392 46
6.604634 776 46
6.604634 160 46
6.604634 544 46
6.604634 928 46
6.604634 312 46
6.617984 8 47
6.617984 392 47
6.617984 776 47
6.617984 160 47
6.617984 544 47
6.617984 928 47
6.617984 312 47
6.621798 8 48
6.621798 392 48
6.627520 544 48
6.627520 928 48
6.627520 312 48
6.633242 8 49
6.633242 392 49
6.633242 776 49
6.637056 544 49
6.637056 928 49
6.642778 8 50
6.642778 392 50
6.642778 776 50
6.656128 544 50
6.656128 928 50
6.656128 312 50
6.656128 696 50
6.656128 8 51
6.656128 392 51
6.656128 776 51
6.661850 544 51
6.661850 928 51
6.661850 312 51
6.667571 8 52
6.667571 392 52
6.667571 776 52
6.686643 544 52
6.686643 928 52
6.686643 312 52
6.686643 696 52
6.686643 8 53
6.686643 392 53
6.686643 776 53
6.686643 160 53
6.686643 544 53
6.686643 928 53
6.692365 696 53
6.692365 8 54
6.692365 392 54
6.705715 776 54
6.705715 160 54
6.705715 544 54
6.705715 928 54
6.705715 312 54
6.705715 696 54
6.705715 8 55
6.709530 160 55
6.709530 544 55
6.720973 696 55
6.720973 8 56
6.720973 392 56
6.720973 776 56
6.720973 160 56
6.720973 544 56
6.747674 312 56
6.747674 696 56
6.747674 8 57
6.747674 392 57
6.747674 776 57
6.747674 160 57
6.747674 544 57
6.747674 928 57
6.747674 312 57
6.747674 696 57
6.747674 8 58
6.747674 392 58
6.747674 776 58
6.747674 160 58
6.751488 312 58
6.751488 696 58
6.764838 776 59
6.764838 160 59
6.764838 544 59
6.764838 928 59
6.764838 312 59
6.764838 696 59
6.764838 8 60
6.770560 776 60
6.770560 160 60
6.770560 544 60
6.774374 312 60
6.774374 696 60
6.795354 776 61
6.795354 160 61
6.795354 544 61
6.795354 928 61
6.795354 312 61
6.795354 696 61
6.795354 8 62
6.795354 392 62
6.795354 776 62
6.795354 160 62
6.795354 544 62
6.806797 312 62
6.806797 696 62
6.806797 9 0
6.806797 393 0
6.806797 777 0
6.806797 161 0
6.820147 313 0
6.820147 697 0
6.820147 9 1
6.820147 393 1
6.820147 777 1
6.820147 161 1
6.820147 545 1
6.831590 313 1
6.831590 697 1
6.831590 9 2
6.831590 393 2
6.831590 777 2
6.831590 161 2
6.835405 313 2
6.835405 697 2
6.854477 777 3
6.854477 161 3
6.854477 545 3
6.854477 929 3
6.854477 313 3
6.854477 697 3
6.854477 9 4
6.854477 393 4
6.854477 777 4
6.854477 161 4
6.860198 313 4
6.860198 697 4
6.860198 9 5
6.864013 777 5
6.864013 161 5
6.875456 313 5
6.875456 697 5
6.875456 9 6
6.875456 393 6
6.875456 777 6
6.875456 161 6
6.877363 545 6
6.890714 313 6
6.890714 697 6
6.890714 9 7
6.890714 393 7
6.890714 777 7
6.890714 161 7
6.890714 545 7
6.894528 313 7
6.894528 697 7
6.900250 393 8
6.900250 777 8
6.900250 161 8
6.905971 929 8
6.905971 313 8
6.905971 697 8
6.911693 393 9
6.911693 777 9
6.911693 161 9
6.925043 929 9
6.925043 313 9
6.925043 697 9
6.925043 9 10
6.925043 393 10
6.925043 777 10
6.925043 161 10
6.930765 929 10
6.930765 313 10
6.930765 697 10
6.934579 393 11
6.934579 777 11
6.940301 929 11
6.940301 313 11
6.940301 697 11
6.946022 393 12
6.946022 777 12
6.946022 161 12
6.949837 929 12
6.949837 313 12
6.953651 393 13
6.953651 777 13
6.959373 929 13
6.959373 313 13
6.959373 697 13
6.965094 393 14
6.965094 777 14
6.965094 161 14
6.970816 929 14
6.970816 313 14
6.970816 697 14
6.980352 393 15
6.980352 777 15
6.980352 161 15
6.980352 545 15
6.980352 929 15
6.986074 9 16
6.986074 393 16
6.986074 777 16
6.999424 545 16
6.999424 929 16
6.999424 313 16
6.999424 697 16
6.999424 9 17
6.999424 393 17
6.999424 777 17
7.026125 545 17
7.026125 929 17
7.026125 313 17
7.026125 697 17
7.026125 9 18
7.026125 393 18
7.026125 777 18
7.026125 161 18
7.026125 545 18
7.026125 929 18
7.026125 313 18
7.026125 697 18
7.026125 9 19
7.026125 393 19
7.029939 545 19
7.029939 929 19
7.043290 9 20
7.043290 393 20
7.043290 777 20
7.043290 161 20
7.043290 545 20
7.043290 929 20
7.043290 313 20
7.056640 9 21
7.056640 393 21
7.056640 777 21
7.056640 161 21
7.056640 545 21
7.056640 929 21
7.056640 313 21
7.069990 9 22
7.069990 393 22
7.069990 777 22
7.069990 161 22
7.069990 545 22
7.069990 929 22
7.069990 313 22
7.073805 9 23
7.073805 393 23
7.079526 545 23
7.079526 929 23
7.079526 313 23
7.100506 9 24
7.100506 393 24
7.100506 777 24
7.100506 161 24
7.100506 545 24
7.100506 929 24
7.100506 313 24
7.100506 697 24
7.100506 9 25
7.100506 393 25
7.100506 777 25
7.106227 545 25
7.106227 929 25
7.106227 313 25
7.111949 9 26
7.111949 393 26
7.111949 777 26
7.131021 545 26
7.131021 929 26
7.131021 313 26
7.131021 697 26
7.131021 9 27
7.131021 393 27
7.131021 777 27
7.131021 161 27
7.131021 545 27
7.131021 929 27
7.161536 9 28
7.161536 393 28
7.161536 777 28
7.161536 161 28
7.161536 545 28
7.161536 929 28
7.161536 313 28
7.161536 697 28
7.161536 9 29
7.161536 393 29
7.161536 777 29
7.161536 161 29
7.161536 545 29
7.161536 929 29
7.161536 313 29
7.161536 697 29
7.167258 9 30
7.167258 393 30
7.167258 777 30
7.172979 545 30
7.172979 929 30
7.172979 313 30
7.182515 9 31
7.182515 393 31
7.182515 777 31
7.182515 161 31
7.182515 545 31
7.188237 697 31
7.188237 9 32
7.188237 393 32
7.193958 161 32
7.193958 545 32
7.193958 929 32
7.199680 697 32
7.199680 9 33
7.199680 393 33
7.205402 161 33
7.205402 545 33
7.205402 929 33
7.211123 697 33
7.211123 9 34
7.211123 393 34
7.216845 161 34
7.216845 545 34
7.216845 929 34
7.220659 697 34
7.220659 9 35
7.226381 161 35
7.226381 545 35
7.226381 929 35
7.239731 697 35
7.239731 9 36
7.239731 393 36
7.239731 777 36
7.239731 161 36
7.239731 545 36
7.239731 929 36
7.251174 697 36
7.251174 9 37
7.251174 393 37
7.251174 777 37
7.251174 161 37
7.251174 545 37
7.256896 697 37
7.256896 9 38
7.256896 393 38
7.270246 161 38
7.270246 545 38
7.270246 929 38
7.270246 313 38
7.270246 697 38
7.270246 9 39
7.270246 393 39
7.283597 161 39
7.283597 545 39
7.283597 929 39
7.283597 313 39
7.283597 697 39
7.283597 9 40
7.283597 393 40
7.295040 161 40
7.295040 545 40
7.295040 929 40
7.295040 313 40
7.295040 697 40
7.295040 9 41
7.300762 161 41
7.300762 545 41
7.300762 929 41
7.306483 697 41
7.306483 9 42
7.306483 393 42
7.312205 161 42
7.312205 545 42
7.312205 929 42
7.316019 697 42
7.316019 9 43
7.319834 161 43
7.319834 545 43
7.325555 697 43
7.325555 9 44
7.325555 393 44
7.331277 161 44
7.331277 545 44
7.331277 929 44
7.335091 697 44
7.335091 9 45
7.346534 161 45
7.346534 545 45
7.346534 929 45
7.346534 313 45
7.346534 697 45
7.346534 9 46
7.359885 777 46
7.359885 161 46
7.359885 545 46
7.359885 929 46
7.359885 313 46
7.359885 697 46
7.359885 9 47
7.365606 777 47
7.365606 161 47
7.365606 545 47
7.371328 313 47
7.371328 697 47
7.371328 9 48
7.384678 777 48
7.384678 161 48
7.384678 545 48
7.384678 929 48
7.384678 313 48
7.384678 697 48
7.384678 9 49
7.396122 777 49
7.396122 161 49
7.396122 545 49
7.396122 929 49
7.396122 313 49
7.396122 697 49
7.415194 777 50
7.415194 161 50
7.415194 545 50
7.415194 929 50
7.415194 313 50
7.415194 697 50
7.415194 9 51
7.415194 393 51
7.415194 777 51
7.415194 161 51
7.420915 313 51
7.420915 697 51
7.420915 9 52
7.424730 777 52
7.424730 161 52
7.430451 313 52
7.430451 697 52
7.430451 9 53
7.436173 777 53
7.436173 161 53
7.436173 545 53
7.439987 313 53
7.439987 697 53
7.445709 777 54
7.445709 161 54
7.445709 545 54
7.451430 313 54
7.451430 697 54
7.451430 9 55
7.455245 777 55
7.455245 161 55
7.476224 313 55
7.476224 697 55
7.476224 9 56
7.476224 393 56
7.476224 777 56
7.476224 161 56
7.476224 545 56
7.476224 929 56
7.476224 313 56
7.476224 697 56
7.476224 9 57
7.480038 777 57
7.480038 161 57
7.485760 313 57
7.485760 697 57
7.485760 9 58
7.491482 777 58
7.491482 161 58
7.491482 545 58
7.502925 313 58
7.502925 697 58
7.502925 9 59
7.502925 393 59
7.502925 777 59
7.502925 161 59
7.508646 313 59
7.508646 697 59
7.508646 9 60
7.514368 777 60
7.514368 161 60
7.514368 545 60
7.533440 313 60
7.533440 697 60
7.533440 9 61
7.533440 393 61
7.533440 777 61
7.533440 161 61
7.533440 545 61
7.533440 929 61
7.533440 313 61
7.533440 697 61
7.537254 393 62
7.537254 777 62
7.542976 929 62
7.542976 313 62
7.542976 697 62
7.546790 394 0
7.546790 778 0
7.577306 930 0
7.577306 314 0
7.577306 698 0
7.577306 10 1
7.577306 394 1
7.577306 778 1
7.577306 162 1
7.577306 546 1
7.577306 930 1
7.577306 314 1
7.577306 698 1
7.577306 10 2
7.577306 394 2
7.577306 778 2
7.577306 162 2
7.577306 546 2
7.588749 930 2
7.588749 314 2
7.588749 698 2
7.588749 10 3
7.588749 394 3
7.588749 778 3
7.596378 546 3
7.596378 930 3
7.596378 314 3
7.596378 698 3
7.602099 10 4
7.602099 394 4
7.602099 778 4
7.605914 546 4
7.605914 930 4
7.611635 10 5
7.611635 394 5
7.611635 778 5
7.617357 546 5
7.617357 930 5
7.617357 314 5
7.623078 10 6
7.623078 394 6
7.623078 778 6
7.636429 546 6
7.636429 930 6
7.636429 314 6
7.636429 698 6
7.636429 10 7
7.636429 394 7
7.636429 778 7
7.947750 546 7
7.947750 930 7
7.947750 314 7
7.961101 10 8
7.961101 394 8
7.961101 778 8
7.961101 162 8
7.961101 546 8
7.961101 930 8
7.961101 314 8
8.274330 698 8
8.274330 10 9
8.274330 394 9
8.274330 778 9
8.585651 546 9
8.585651 930 9
8.585651 314 9
8.591373 10 10
8.591373 394 10
8.591373 778 10
8.595187 546 10
8.595187 930 10
8.914138 698 10
8.914138 10 11
8.914138 394 11
8.914138 778 11
8.914138 162 11
8.914138 546 11
8.914138 930 11
9.225459 698 11
9.225459 10 12
9.225459 394 12
9.229274 162 12
9.229274 546 12
9.234995 698 12
9.234995 10 13
9.234995 394 13
9.546317 162 13
9.546317 546 13
9.546317 930 13
9.552038 698 13
9.552038 10 14
9.552038 394 14
9.563482 162 14
9.563482 546 14
9.563482 930 14
9.563482 314 14
9.563482 698 14
9.563482 10 15
9.870989 394 15
9.884339 162 15
9.884339 546 15
9.884339 930 15
9.884339 314 15
9.884339 698 15
9.884339 10 16
9.884339 394 16
10.193754 162 16
10.193754 546 16
10.207104 698 16
10.207104 10 17
10.207104 394 17
10.207104 778 17
10.207104 162 17
10.207104 546 17
10.207104 930 17
10.533683 698 17
10.533683 10 18
10.533683 394 18
10.533683 778 18
10.533683 162 18
10.533683 546 18
10.533683 930 18
10.533683 314 18
10.533683 698 18
10.533683 10 19
10.533683 394 19
11.158234 162 19
11.158234 546 19
11.158234 930 19
11.158234 314 19
11.158234 698 19
11.158234 10 20
11.158234 394 20
11.167770 162 20
11.167770 546 20
11.167770 930 20
11.167770 314 20
11.167770 698 20
11.484813 10 21
11.484813 394 21
11.484813 778 21
11.484813 162 21
11.484813 546 21
11.484813 930 21
11.801856 698 21
11.801856 10 22
11.801856 394 22
11.801856 778 22
11.801856 162 22
11.801856 546 22
12.113178 698 22
12.113178 10 23
12.113178 394 23
12.118899 162 23
12.118899 546 23
12.118899 930 23
12.124621 698 23
12.124621 10 24
12.124621 394 24
12.435942 162 24
12.435942 546 24
12.435942 930 24
12.449293 698 24
12.449293 10 25
12.449293 394 25
12.449293 778 25
12.449293 162 25
12.449293 546 25
12.449293 930 25
12.758707 698 25
12.758707 10 26
12.764429 162 26
12.764429 546 26
12.764429 930 26
13.075750 698 26
13.075750 10 27
13.075750 394 27
13.081472 162 27
13.081472 546 27
13.081472 930 27
13.087194 698 27
13.087194 10 28
13.087194 394 28
13.398515 162 28
13.398515 546 28
13.398515 930 28
13.404237 698 28
13.404237 10 29
13.404237 394 29
13.409958 162 29
13.409958 546 29
13.409958 930 29
13.719373 698 29
13.719373 10 30
13.749888 162 30
13.749888 546 30
13.749888 930 30
13.749888 314 30
13.749888 698 30
13.749888 10 31
13.749888 394 31
13.749888 778 31
13.749888 162 31
13.749888 546 31
13.749888 930 31
13.749888 314 31
13.749888 698 31
13.749888 10 32
13.749888 394 32
13.749888 778 32
14.370624 162 32
14.370624 546 32
14.370624 930 32
14.370624 314 32
14.370624 698 32
14.689574 778 33
14.689574 162 33
14.689574 546 33
14.689574 930 33
14.689574 314 33
14.689574 698 33
14.689574 10 34
15.006618 778 34
15.006618 162 34
15.006618 546 34
15.006618 930 34
15.006618 314 34
15.006618 698 34
15.012339 394 35
15.012339 778 35
15.012339 162 35
15.321754 930 35
15.321754 314 35
15.325568 394 36
15.325568 778 36
15.331290 930 36
15.331290 314 36
15.331290 698 36
15.657869 394 37
15.657869 778 37
15.657869 162 37
15.657869 546 37
15.657869 930 37
15.657869 314 37
15.657869 698 37
15.657869 10 38
15.657869 394 38
15.657869 778 38
15.657869 162 38
15.967283 930 38
15.967283 314 38
15.971098 394 39
15.971098 778 39
15.976819 930 39
15.976819 314 39
15.976819 698 39
16.286234 394 40
16.286234 778 40
16.290048 930 40
16.290048 314 40
16.303398 394 41
16.303398 778 41
16.303398 162 41
16.303398 546 41
16.303398 930 41
16.303398 314 41
16.303398 698 41
16.622349 394 42
16.622349 778 42
16.622349 162 42
16.622349 546 42
16.622349 930 42
16.622349 314 42
16.622349 698 42
16.931763 394 43
16.931763 778 43
16.937485 930 43
16.937485 314 43
16.937485 698 43
17.248806 394 44
17.248806 778 44
17.248806 162 44
17.262157 930 44
17.262157 314 44
17.262157 698 44
17.262157 10 45
17.262157 394 45
17.262157 778 45
17.262157 162 45
17.571571 930 45
17.571571 314 45
17.577293 394 46
17.577293 778 46
17.577293 162 46
17.886707 930 46
17.886707 314 46
17.898150 394 47
17.898150 778 47
17.898150 162 47
17.898150 546 47
17.898150 930 47
17.898150 314 47
18.209472 394 48
18.209472 778 48
18.209472 162 48
18.215194 930 48
18.215194 314 48
18.215194 698 48
18.226637 394 49
18.226637 778 49
18.226637 162 49
18.226637 546 49
18.226637 930 49
18.226637 314 49
18.543680 394 50
18.543680 778 50
18.543680 162 50
18.543680 546 50
18.543680 930 50
18.543680 314 50
18.855002 394 51
18.855002 778 51
18.855002 162 51
18.860723 930 51
18.860723 314 51
18.860723 698 51
19.177766 394 52
19.177766 778 52
19.177766 162 52
19.177766 546 52
19.177766 930 52
19.177766 314 52
19.183488 394 53
19.183488 778 53
19.183488 162 53
19.510067 930 53
19.510067 314 53
19.510067 698 53
19.510067 10 54
19.510067 394 54
19.510067 778 54
19.510067 162 54
19.510067 546 54
19.510067 930 54
19.510067 314 54
19.510067 698 54
19.819482 394 55
19.819482 778 55
19.832832 930 55
19.832832 314 55
19.832832 698 55
19.832832 10 56
19.832832 394 56
19.832832 778 56
19.832832 162 56
20.151782 930 56
20.151782 314 56
20.151782 698 56
20.151782 10 57
20.151782 394 57
20.151782 778 57
20.151782 162 57
20.463104 930 57
20.463104 314 57
20.463104 698 57
20.468826 394 58
20.468826 778 58
20.468826 162 58
20.787776 930 58
20.787776 314 58
20.787776 698 58
20.787776 10 59
20.787776 394 59
20.787776 778 59
20.787776 162 59
21.120077 930 59
21.120077 314 59
21.120077 698 59
21.120077 10 60
21.120077 394 60
21.120077 778 60
21.120077 162 60
21.120077 546 60
21.120077 930 60
21.120077 314 60
21.120077 698 60
21.120077 10 61
21.120077 394 61
21.120077 778 61
21.429491 546 61
21.429491 930 61
21.740813 10 62
21.740813 394 62
21.740813 778 62
21.746534 546 62
21.746534 930 62
21.746534 314 62
21.752256 11 0
21.752256 395 0
21.752256 779 0
22.086464 547 0
22.086464 931 0
22.086464 315 0
22.086464 699 0
22.086464 11 1
22.086464 395 1
22.086464 779 1
22.086464 163 1
22.086464 547 1
22.086464 931 1
22.086464 315 1
22.086464 699 1
22.086464 11 2
22.086464 395 2
22.086464 779 2
22.703386 547 2
22.703386 931 2
22.703386 315 2
22.709107 11 3
22.709107 395 3
22.709107 779 3
22.722458 547 3
22.722458 931 3
22.722458 315 3
22.722458 699 3
22.722458 11 4
22.722458 395 4
22.722458 779 4
23.033779 547 4
23.033779 931 4
23.033779 315 4
23.343194 11 5
23.343194 395 5
23.347008 547 5
23.347008 931 5
23.350822 11 6
23.350822 395 6
23.354637 547 6
23.354637 931 6
23.673587 11 7
23.673587 395 7
23.673587 779 7
23.673587 163 7
23.673587 547 7
23.673587 931 7
23.673587 315 7
23.984909 11 8
23.984909 395 8
23.984909 779 8
23.996352 547 8
23.996352 931 8
23.996352 315 8
23.996352 699 8
23.996352 11 9
23.996352 395 9
24.315302 547 9
24.315302 931 9
24.315302 315 9
24.315302 699 9
24.315302 11 10
24.315302 395 10
24.315302 779 10
24.624717 547 10
24.624717 931 10
24.630438 11 11
24.630438 395 11
24.630438 779 11
24.634253 547 11
24.634253 931 11
24.639974 11 12
24.639974 395 12
24.639974 779 12
24.951296 547 12
24.951296 931 12
24.951296 315 12
24.955110 11 13
24.955110 395 13
24.960832 547 13
24.960832 931 13
24.960832 315 13
25.272154 11 14
25.272154 395 14
25.272154 779 14
25.285504 547 14
25.285504 931 14
25.285504 315 14
25.285504 699 14
25.285504 11 15
25.285504 395 15
25.285504 779 15
25.596826 547 15
25.596826 931 15
25.596826 315 15
25.600640 11 16
25.600640 395 16
25.925312 547 16
25.925312 931 16
25.925312 315 16
25.925312 699 16
25.925312 11 17
25.925312 395 17
25.925312 779 17
25.925312 163 17
25.925312 547 17
25.925312 931 17
26.244262 11 18
26.244262 395 18
26.244262 779 18
26.244262 163 18
26.244262 547 18
26.244262 931 18
26.244262 315 18
26.555584 11 19
26.555584 395 19
26.555584 779 19
26.559398 547 19
26.559398 931 19
26.565120 11 20
26.565120 395 20
26.565120 779 20
26.882163 547 20
26.882163 931 20
26.882163 315 20
26.882163 699 20
26.882163 11 21
26.882163 395 21
27.199206 547 21
27.199206 931 21
27.199206 315 21
27.199206 699 21
27.199206 11 22
27.199206 395 22
27.204928 163 22
27.204928 547 22
27.204928 931 22
27.516250 699 22
27.516250 11 23
27.516250 395 23
27.520064 163 23
27.520064 547 23
27.533414 315 23
27.533414 699 23
27.533414 11 24
27.533414 395 24
27.533414 779 24
27.533414 163 24
27.533414 547 24
27.842829 315 24
27.842829 699 24
27.854272 779 25
27.854272 163 25
27.854272 547 25
27.854272 931 25
27.854272 315 25
27.854272 699 25
28.190387 779 26
28.190387 163 26
28.190387 547 26
28.190387 931 26
28.190387 315 26
28.190387 699 26
28.190387 11 27
28.190387 395 27
28.190387 779 27
28.190387 163 27
28.190387 547 27
28.190387 931 27
28.190387 315 27
28.190387 699 27
28.190387 11 28
28.190387 395 28
28.813030 779 28
28.813030 163 28
28.813030 547 28
28.813030 931 28
28.813030 315 28
28.813030 699 28
29.345181 779 29
29.345181 163 29
29.345181 547 29
29.345181 931 29
29.345181 315 29
29.345181 699 29
29.345181 11 30
29.664131 779 30
29.664131 163 30
29.664131 547 30
29.664131 931 30
29.664131 315 30
29.664131 699 30
29.664131 11 31
29.975453 779 31
29.975453 163 31
29.975453 547 31
29.981174 315 31
29.981174 699 31
29.981174 11 32
29.992618 779 32
29.992618 163 32
29.992618 547 32
29.992618 931 32
29.992618 315 32
29.992618 699 32
30.303939 395 33
30.303939 779 33
30.303939 163 33
30.620982 931 33
30.620982 315 33
30.620982 699 33
30.620982 11 34
30.620982 395 34
30.620982 779 34
30.626704 931 34
30.626704 315 34
30.626704 699 34
30.945654 395 35
30.945654 779 35
30.945654 163 35
30.945654 547 35
30.945654 931 35
30.945654 315 35
30.945654 699 35
31.256976 395 36
31.256976 779 36
31.256976 163 36
31.262698 931 36
31.262698 315 36
31.262698 699 36
31.268419 395 37
31.268419 779 37
31.268419 163 37
31.587370 931 37
31.587370 315 37
31.587370 699 37
31.587370 11 38
31.587370 395 38
31.587370 779 38
31.587370 163 38
31.896784 931 38
31.896784 315 38
31.902506 395 39
31.902506 779 39
31.902506 163 39
31.908227 931 39
31.908227 315 39
31.908227 699 39
32.227178 395 40
32.227178 779 40
32.227178 163 40
32.227178 547 40
32.227178 931 40
32.227178 315 40
32.227178 699 40
32.232899 395 41
32.232899 779 41
32.232899 163 41
32.542314 931 41
32.542314 315 41
32.553757 395 42
32.553757 779 42
32.553757 163 42
32.553757 547 42
32.553757 931 42
32.553757 315 42
32.863171 395 43
32.863171 779 43
32.866986 931 43
32.866986 315 43
32.874614 699 43
32.874614 11 44
32.874614 395 44
32.874614 779 44
33.185936 931 44
33.185936 315 44
33.185936 699 44
33.191658 395 45
33.191658 779 45
33.191658 163 45
33.527773 931 45
33.527773 315 45
33.527773 699 45
33.527773 11 46
33.527773 395 46
33.527773 779 46
33.527773 163 46
33.527773 547 46
33.527773 931 46
33.527773 315 46
33.527773 699 46
33.527773 11 47
33.527773 395 47
33.527773 779 47
33.527773 163 47
33.527773 547 47
34.144694 931 47
34.144694 315 47
34.144694 699 47
34.150416 395 48
34.150416 779 48
34.150416 163 48
34.161859 931 48
34.161859 315 48
34.161859 699 48
34.161859 11 49
34.161859 395 49
34.161859 779 49
34.497974 931 49
34.497974 315 49
34.497974 699 49
34.497974 11 50
34.497974 395 50
34.497974 779 50
34.497974 163 50
34.497974 547 50
34.497974 931 50
34.497974 315 50
34.497974 699 50
34.497974 11 51
34.497974 395 51
34.497974 779 51
34.497974 163 51
34.497974 547 51
35.111082 931 51
35.137782 11 52
35.137782 395 52
35.137782 779 52
35.137782 163 52
35.137782 547 52
35.137782 931 52
35.137782 315 52
35.137782 699 52
35.137782 11 53
35.137782 395 53
35.137782 779 53
35.137782 163 53
35.137782 547 53
35.137782 931 53
35.752797 699 53
35.752797 11 54
35.758518 163 54
35.758518 547 54
35.758518 931 54
36.067933 699 54
36.067933 11 55
36.071747 163 55
36.071747 547 55
36.077469 699 55
36.077469 11 56
36.077469 395 56
36.081283 163 56
36.081283 547 56
36.398326 699 56
36.398326 11 57
36.398326 395 57
36.398326 779 57
36.398326 163 57
36.398326 547 57
36.404048 699 57
36.404048 11 58
36.404048 395 58
36.722998 163 58
36.722998 547 58
36.722998 931 58
36.722998 315 58
36.722998 699 58
36.722998 11 59
36.722998 395 59
37.034320 163 59
37.034320 547 59
37.034320 931 59
37.038134 699 59
37.038134 11 60
37.043856 163 60
37.043856 547 60
37.043856 931 60
37.355178 699 60
37.355178 11 61
37.355178 395 61
37.360899 163 61
37.360899 547 61
37.360899 931 61
37.364714 699 61
37.364714 11 62
37.689386 163 62
37.689386 547 62
37.689386 931 62
37.689386 315 62
37.689386 699 62
37.689386 12 0
37.689386 396 0
37.689386 780 0
37.689386 164 0
37.689386 548 0
37.998800 700 0
37.998800 12 1
38.002614 164 1
38.002614 548 1
38.023594 700 1
38.023594 12 2
38.023594 396 2
38.023594 780 2
38.023594 164 2
38.023594 548 2
38.023594 932 2
38.023594 316 2
38.023594 700 2
38.023594 12 3
38.023594 396 3
38.655773 164 3
38.655773 548 3
38.655773 932 3
38.655773 316 3
38.655773 700 3
38.655773 12 4
38.655773 396 4
38.655773 780 4
38.655773 164 4
38.655773 548 4
38.655773 932 4
38.967094 700 4
38.967094 12 5
38.967094 396 5
39.276509 164 5
39.276509 548 5
39.282230 700 5
39.282230 12 6
39.282230 396 6
39.287952 164 6
39.287952 548 6
39.287952 932 6
39.599274 700 6
39.599274 12 7
39.599274 396 7
39.612624 164 7
39.612624 548 7
39.612624 932 7
39.612624 316 7
39.612624 700 7
39.612624 12 8
39.612624 396 8
39.933482 780 8
39.933482 164 8
39.933482 548 8
39.933482 932 8
39.933482 316 8
39.933482 700 8
39.933482 12 9
39.933482 396 9
40.250525 164 9
40.250525 548 9
40.250525 932 9
40.250525 316 9
40.250525 700 9
40.250525 12 10
40.561846 164 10
40.561846 548 10
40.561846 932 10
40.567568 700 10
40.567568 12 11
40.567568 396 11
40.580918 164 11
40.580918 548 11
40.580918 932 11
40.580918 316 11
40.580918 700 11
40.580918 12 12
40.580918 396 12
40.890333 164 12
40.890333 548 12
40.894147 700 12
40.894147 12 13
41.201654 396 13
41.205469 164 13
41.205469 548 13
41.211190 700 13
41.211190 12 14
41.211190 396 14
41.241706 164 14
41.241706 548 14
41.241706 932 14
41.241706 316 14
41.241706 700 14
41.241706 12 15
41.241706 396 15
41.241706 780 15
41.241706 164 15
41.241706 548 15
41.241706 932 15
41.241706 316 15
41.241706 700 15
41.241706 12 16
41.241706 396 16
41.241706 780 16
41.858627 164 16
41.858627 548 16
41.858627 932 16
42.169949 700 16
42.169949 12 17
42.169949 396 17
42.183299 164 17
42.183299 548 17
42.183299 932 17
42.183299 316 17
42.183299 700 17
42.183299 12 18
42.183299 396 18
42.500342 164 18
42.500342 548 18
42.500342 932 18
42.500342 316 18
42.500342 700 18
42.500342 12 19
42.811664 780 19
42.811664 164 19
42.811664 548 19
42.817386 316 19
42.817386 700 19
42.817386 12 20
43.136336 780 20
43.136336 164 20
43.136336 548 20
43.136336 932 20
43.136336 316 20
43.136336 700 20
43.136336 12 21
43.147779 780 21
43.147779 164 21
43.147779 548 21
43.147779 932 21
43.147779 316 21
43.147779 700 21
43.459101 780 22
43.459101 164 22
43.459101 548 22
43.793309 316 22
43.793309 700 22
43.793309 12 23
43.793309 396 23
43.793309 780 23
43.793309 164 23
43.793309 548 23
43.793309 932 23
43.793309 316 23
43.793309 700 23
43.793309 12 24
43.793309 396 24
43.793309 780 24
43.793309 164 24
43.793309 548 24
44.104630 316 24
44.104630 700 24
44.104630 12 25
44.415952 780 25
44.415952 164 25
44.415952 548 25
44.421674 316 25
44.421674 700 25
44.421674 12 26
44.755882 780 26
44.755882 164 26
44.755882 548 26
44.755882 932 26
44.755882 316 26
44.755882 700 26
44.755882 12 27
44.755882 396 27
44.755882 780 27
44.755882 164 27
44.755882 548 27
44.755882 932 27
44.755882 316 27
44.755882 700 27
44.755882 12 28
45.065296 780 28
45.065296 164 28
45.384246 316 28
45.384246 700 28
45.384246 12 29
45.384246 396 29
45.384246 780 29
45.384246 164 29
45.384246 548 29
45.703197 316 29
45.703197 700 29
45.703197 12 30
45.703197 396 30
45.703197 780 30
45.703197 164 30
45.703197 548 30
45.722269 316 30
45.722269 700 30
45.722269 12 31
45.722269 396 31
45.722269 780 31
45.722269 164 31
45.722269 548 31
45.722269 932 31
45.722269 316 31
45.722269 700 31
46.339190 780 32
46.339190 164 32
46.339190 548 32
46.360170 316 32
46.360170 700 32
46.360170 12 33
46.360170 396 33
46.360170 780 33
46.360170 164 33
46.360170 548 33
46.360170 932 33
46.360170 316 33
46.360170 700 33
46.360170 12 34
46.671491 780 34
46.671491 164 34
46.671491 548 34
46.990442 316 34
46.990442 700 34
46.990442 12 35
46.990442 396 35
46.990442 780 35
46.990442 164 35
46.990442 548 35
47.299856 316 35
47.299856 700 35
47.303670 780 36
47.303670 164 36
47.309392 316 36
47.309392 700 36
47.309392 12 37
47.620714 780 37
47.620714 164 37
47.620714 548 37
47.626435 316 37
47.626435 700 37
47.626435 12 38
47.643600 780 38
47.643600 164 38
47.643600 548 38
47.643600 932 38
47.643600 316 38
47.643600 700 38
47.643600 12 39
47.643600 396 39
47.643600 780 39
47.953014 548 39
47.953014 932 39
48.287222 12 40
48.287222 396 40
48.287222 780 40
48.287222 164 40
48.287222 548 40
48.287222 932 40
48.287222 316 40
48.287222 700 40
48.287222 12 41
48.287222 396 41
48.287222 780 41
48.287222 164 41
48.287222 548 41
48.287222 932 41
48.287222 316 41
48.927030 12 42
48.927030 396 42
48.927030 780 42
48.927030 164 42
48.927030 548 42
48.927030 932 42
48.927030 316 42
48.927030 700 42
48.927030 12 43
48.927030 396 43
48.927030 780 43
48.927030 164 43
48.927030 548 43
48.927030 932 43
48.927030 316 43
49.236445 12 44
49.236445 396 44
49.547766 548 44
49.547766 932 44
49.547766 316 44
49.568746 12 45
49.568746 396 45
49.568746 780 45
49.568746 164 45
49.568746 548 45
49.568746 932 45
49.568746 316 45
49.568746 700 45
49.568746 12 46
49.568746 396 46
49.568746 780 46
49.880067 548 46
49.880067 932 46
49.880067 316 46
50.191389 12 47
50.191389 396 47
50.191389 780 47
50.210461 548 47
50.210461 932 47
50.210461 316 47
50.210461 700 47
50.210461 12 48
50.210461 396 48
50.210461 780 48
50.210461 164 48
50.210461 548 48
50.210461 932 48
50.529411 12 49
50.529411 396 49
50.529411 780 49
50.529411 164 49
50.529411 548 49
50.529411 932 49
50.529411 316 49
51.053933 12 50
51.053933 396 50
51.053933 780 50
51.370976 548 50
51.370976 932 50
51.370976 316 50
51.370976 700 50
51.370976 12 51
51.370976 396 51
51.384326 548 51
51.384326 932 51
51.384326 316 51
51.384326 700 51
51.384326 12 52
51.384326 396 52
51.384326 780 52
51.708998 548 52
51.708998 932 52
51.708998 316 52
51.708998 700 52
51.708998 12 53
51.708998 396 53
51.708998 780 53
51.708998 164 53
51.708998 548 53
51.708998 932 53
52.325920 12 54
52.325920 396 54
52.325920 780 54
52.329734 548 54
52.329734 932 54
52.333549 12 55
52.333549 396 55
52.339270 548 55
52.339270 932 55
52.339270 316 55
52.648685 12 56
52.648685 396 56
52.652499 548 56
52.652499 932 56
52.658221 12 57
52.658221 396 57
52.658221 780 57
52.967635 548 57
52.967635 932 57
52.969542 316 57
52.975264 12 58
52.975264 396 58
52.975264 780 58
52.980986 548 58
52.980986 932 58
52.980986 316 58
53.292307 12 59
53.292307 396 59
53.292307 780 59
53.298029 548 59
53.298029 932 59
53.298029 316 59
53.607443 12 60
53.607443 396 60
53.613165 548 60
53.613165 932 60
53.613165 316 60
53.616979 12 61
53.616979 396 61
53.628422 548 61
53.628422 932 61
53.628422 316 61
53.628422 700 61
53.628422 12 62
53.628422 396 62
53.939744 548 62
53.939744 932 62
53.939744 316 62
54.251066 13 0
54.251066 397 0
54.251066 781 0
54.262509 549 0
54.262509 933 0
54.262509 317 0
54.262509 701 0
54.262509 13 1
54.262509 397 1
54.571923 549 1
54.571923 933 1
54.585274 13 2
54.585274 397 2
54.585274 781 2
54.585274 165 2
54.585274 549 2
54.585274 933 2
54.585274 317 2
54.894688 13 3
54.894688 397 3
54.900410 549 3
54.900410 933 3
54.900410 317 3
54.906131 13 4
54.906131 397 4
54.906131 781 4
55.217453 549 4
55.217453 933 4
55.217453 317 4
55.223174 13 5
55.223174 397 5
55.223174 781 5
55.534496 549 5
55.534496 933 5
55.534496 317 5
55.565011 13 6
55.565011 397 6
55.565011 781 6
55.565011 165 6
55.565011 549 6
55.565011 933 6
55.565011 317 6
55.565011 701 6
55.565011 13 7
55.565011 397 7
55.565011 781 7
55.565011 165 7
55.565011 549 7
55.565011 933 7
55.565011 317 7
55.565011 701 7
56.181933 13 8
56.181933 397 8
56.181933 781 8
56.187654 549 8
56.187654 933 8
56.187654 317 8
56.504698 13 9
56.504698 397 9
56.504698 781 9
56.504698 165 9
56.504698 549 9
56.504698 933 9
56.508512 13 10
56.508512 397 10
56.819834 549 10
56.819834 933 10
56.819834 317 10
56.840813 13 11
56.840813 397 11
56.840813 781 11
56.840813 165 11
56.840813 549 11
56.840813 933 11
56.840813 317 11
56.840813 701 11
56.840813 13 12
56.840813 397 12
56.840813 781 12
57.152134 549 12
57.152134 933 12
57.152134 317 12
57.463456 13 13
57.463456 397 13
57.463456 781 13
57.467270 549 13
57.467270 933 13
57.471085 13 14
57.471085 397 14
57.782406 549 14
57.782406 933 14
57.782406 317 14
57.786221 13 15
57.786221 397 15
57.805293 549 15
57.805293 933 15
57.805293 317 15
57.805293 701 15
57.805293 13 16
57.805293 397 16
57.805293 781 16
57.805293 165 16
57.805293 549 16
57.805293 933 16
58.420307 13 17
58.420307 397 17
58.424122 549 17
58.424122 933 17
58.429843 13 18
58.429843 397 18
58.429843 781 18
58.435565 549 18
58.435565 933 18
58.435565 317 18
58.746886 13 19
58.746886 397 19
58.746886 781 19
58.750701 549 19
58.750701 933 19
58.771680 13 20
58.771680 397 20
58.771680 781 20
58.771680 165 20
58.771680 549 20
58.771680 933 20
58.771680 317 20
58.771680 701 20
58.771680 13 21
58.771680 397 21
58.771680 781 21
59.388602 549 21
59.388602 933 21
59.388602 317 21
59.409581 13 22
59.409581 397 22
59.409581 781 22
59.409581 165 22
59.409581 549 22
59.409581 933 22
59.409581 317 22
59.409581 701 22
59.409581 13 23
59.409581 397 23
59.409581 781 23
60.032224 549 23
60.032224 933 23
60.032224 317 23
60.032224 701 23
60.032224 13 24
60.032224 397 24
60.037946 549 24
60.037946 933 24
60.037946 317 24
60.349267 13 25
60.349267 397 25
60.349267 781 25
60.353082 549 25
60.353082 933 25
60.358803 13 26
60.358803 397 26
60.358803 781 26
60.670125 549 26
60.670125 933 26
60.670125 317 26
60.675846 13 27
60.675846 397 27
60.675846 781 27
60.681568 549 27
60.681568 933 27
60.681568 317 27
60.992890 13 28
60.992890 397 28
60.992890 781 28
61.006240 549 28
61.006240 933 28
61.006240 317 28
61.006240 701 28
61.006240 13 29
61.006240 397 29
61.006240 781 29
61.330912 549 29
61.330912 933 29
61.330912 317 29
61.330912 701 29
61.330912 13 30
61.330912 397 30
61.330912 781 30
61.330912 165 30
61.330912 549 30
61.330912 933 30
61.642234 13 31
61.642234 397 31
61.642234 781 31
61.966906 549 31
61.966906 933 31
61.966906 317 31
61.966906 701 31
61.966906 13 32
61.966906 397 32
61.966906 781 32
61.966906 165 32
61.966906 549 32
61.966906 933 32
62.285856 13 33
62.285856 397 33
62.285856 781 33
62.285856 165 33
62.285856 549 33
62.285856 933 33
62.285856 317 33
62.610528 13 34
62.610528 397 34
62.610528 781 34
62.610528 165 34
62.610528 549 34
62.610528 933 34
62.610528 317 34
62.610528 701 34
62.610528 13 35
62.610528 397 35
62.944736 549 35
62.944736 933 35
62.944736 317 35
62.944736 701 35
62.944736 13 36
62.944736 397 36
62.944736 781 36
62.944736 165 36
62.944736 549 36
62.944736 933 36
62.944736 317 36
62.944736 701 36
62.944736 13 37
62.944736 397 37
62.944736 781 37
63.561658 549 37
63.561658 933 37
63.561658 317 37
63.580730 13 38
63.580730 397 38
63.580730 781 38
63.580730 165 38
63.580730 549 38
63.580730 933 38
63.580730 317 38
63.580730 701 38
63.580730 13 39
63.580730 397 39
64.195744 549 39
64.195744 933 39
64.201466 13 40
64.201466 397 40
64.201466 781 40
64.214816 549 40
64.214816 933 40
64.214816 317 40
64.214816 701 40
64.214816 13 41
64.214816 397 41
64.214816 781 41
64.550931 549 41
64.550931 933 41
64.550931 317 41
64.550931 701 41
64.550931 13 42
64.550931 397 42
64.550931 781 42
64.550931 165 42
64.550931 549 42
64.550931 933 42
64.550931 317 42
64.550931 701 42
64.550931 13 43
64.550931 397 43
64.550931 781 43
64.550931 165 43
65.183110 549 43
65.183110 933 43
65.183110 317 43
65.183110 701 43
65.183110 13 44
65.183110 397 44
65.183110 781 44
65.183110 165 44
65.183110 549 44
65.183110 933 44
65.183110 317 44
65.494432 13 45
65.494432 397 45
65.494432 781 45
65.805754 549 45
65.805754 933 45
65.805754 317 45
65.811475 13 46
65.811475 397 46
65.811475 781 46
66.122797 549 46
66.122797 933 46
66.122797 317 46
66.128518 13 47
66.128518 397 47
66.128518 781 47
66.132333 549 47
66.132333 933 47
66.464634 13 48
66.464634 397 48
66.464634 781 48
66.464634 165 48
66.464634 549 48
66.464634 933 48
66.464634 317 48
66.464634 701 48
66.464634 13 49
66.464634 397 49
66.464634 781 49
66.464634 165 49
66.464634 549 49
66.464634 933 49
66.781677 13 50
66.781677 397 50
66.781677 781 50
66.781677 165 50
66.781677 549 50
66.781677 933 50
67.092998 13 51
67.092998 397 51
67.092998 781 51
67.113978 549 51
67.113978 933 51
67.113978 317 51
67.113978 701 51
67.113978 13 52
67.113978 397 52
67.113978 781 52
67.113978 165 52
67.113978 549 52
67.113978 933 52
67.113978 317 52
67.732806 13 53
67.732806 397 53
67.732806 781 53
67.732806 165 53
67.736621 549 53
67.736621 933 53
68.047942 13 54
68.047942 397 54
68.047942 781 54
68.051757 549 54
68.051757 933 54
68.065107 13 55
68.065107 397 55
68.065107 781 55
68.065107 165 55
68.065107 549 55
68.065107 933 55
68.065107 317 55
68.376429 13 56
68.376429 397 56
68.376429 781 56
68.382150 549 56
68.382150 933 56
68.382150 317 56
68.693472 13 57
68.693472 397 57
68.693472 781 57
68.699194 549 57
68.699194 933 57
68.699194 317 57
69.010515 13 58
69.010515 397 58
69.010515 781 58
69.016237 549 58
69.016237 933 58
69.016237 317 58
69.021958 13 59
69.021958 397 59
69.021958 781 59
69.331373 549 59
69.331373 933 59
69.352352 13 60
69.352352 397 60
69.352352 781 60
69.352352 165 60
69.352352 549 60
69.352352 933 60
69.352352 317 60
69.352352 701 60
69.352352 13 61
69.352352 397 61
69.352352 781 61
69.663674 549 61
69.663674 933 61
69.663674 317 61
69.973088 13 62
69.973088 397 62
69.976902 549 62
69.976902 933 62
69.982624 14 0
69.982624 398 0
69.982624 782 0
