0 1
13929 1
128741 1
0 1
13929 1
128741 1
30481 1
96054 1
65536 1
13930 1
65536 1
13930 1
95940 1
63305 1
14182 1
13929 1
14034 1
112433 1
79713 1
14205 1
13930 1
79563 1
13930 1
79563 1
79646 1
79665 1
0 1
13929 1
128687 1
0 1
13929 1
128687 1
46791 1
128824 1
112483 1
13946 1
128864 1
128907 1
13929 1
128687 1
79661 1
49152 1
13933 1
95953 1
49152 1
13933 1
95953 1
46833 1
46870 1
112484 1
63371 1
114688 1
13934 1
114688 1
13934 1
14022 1
14192 1
46962 1
14230 1
63401 1
13933 1
79653 1
112488 1
30566 1
13934 1
63176 1
13934 1
63176 1
128719 1
79699 1
128879 1
128936 1
63404 1
49152 1
13933 1
63193 1
49152 1
13933 1
63193 1
14107 1
98304 1
128620 1
98304 1
128620 1
13934 1
14053 1
13934 1
14053 1
96006 1
30509 1
14122 1
