96079 206
14034 146
79466 141
63301 11
30503 25
112539 1
128721 167
30556 149
79569 104
14266 103
46797 53
128690 236
16384 200
128621 169
128726 22
79616 90
128766 86
81920 200
95938 2
95988 1
13930 324
32768 193
65536 363
46946 6
13946 370
98304 367
30390 16
46715 15
46924 6
63377 2
128859 5
13929 421
128620 370
13947 1
46700 144
112248 258
13948 3
128718 10
95851 4
63168 4
13948 17
13947 2
46701 331
32771 8
95867 9
96031 18
3 2
95851 9
13948 3
46991 20
98307 1
32771 1
128851 1
63086 274
98307 1
81922 274
16386 285
81921 413
32770 247
128617 102
79464 432
63081 403
95853 440
79481 8
63378 19
46793 5
14179 26
128819 4
79483 5
114692 1
128616 1
65540 1
4 2
112237 1
128616 1
112237 1
46702 1
4 1
63085 5
4 31
98305 555
30319 1
46703 1
128834 1
98306 418
128618 6
30319 1
46703 3
30319 3
63184 4
65541 1
30335 7
46703 7
30319 1
112423 1
112233 405
32769 596
16385 585
112232 511
96039 1
79485 43
30335 1
63082 11
112239 1
114693 1
79468 1
114693 1
46911 1
79468 1
63082 1
79468 1
114693 1
95854 495
63082 4
114693 4
63082 2
114693 2
63082 1
30316 1
46699 529
63083 681
30316 1
128623 286
112235 613
49157 32
95942 2
114689 618
79469 148
112431 2
46848 10
112234 1
49153 710
46696 71
112238 5
128924 2
63177 2
112234 7
112238 1
112234 1
112238 3
79471 1
65542 1
6 4
46696 5
30316 5
46696 5
30316 5
46696 3
30316 3
46696 1
30316 1
46696 4
112390 4
49159 1
128619 1
128622 1
128619 1
16391 1
81927 1
112500 1
95850 1
63087 1
7 1
46944 1
63087 1
7 1
65543 1
7 1
63087 1
7 1
63087 1
95850 1
65543 1
7 1
63087 1
95850 1
63087 1
7 1
49159 1
30314 427
30313 425
46698 695
63087 3
46713 1
112465 1
95855 700
13947 14
63080 1
96071 10
112369 17
46713 8
47014 22
30333 6
30405 7
32776 1
95872 1
79464 1
81928 1
30336 1
79464 1
81928 1
16392 1
46720 1
30336 1
65544 1
8 1
65544 1
30336 1
65544 1
8 1
65544 1
8 1
65544 1
8 1
46720 1
30336 1
46720 1
8 1
79488 1
16390 231
30317 123
63104 1
63292 7
79488 1
63104 21
79488 7
98312 1
32776 1
98312 1
32776 1
95872 1
112256 1
98312 1
112256 1
81928 1
16392 1
81928 1
16392 1
81928 1
16392 1
112232 1
16392 1
81928 1
63080 1
81928 1
63080 1
30465 1
81928 1
46859 1
63080 1
112232 1
63080 1
81928 1
16392 1
112232 1
16392 1
81928 1
16392 1
81928 1
16392 1
46720 1
8 1
46720 1
8 1
65544 1
8 1
112520 1
65544 1
8 1
65544 1
30336 1
65544 1
8 1
65544 1
30336 1
46720 2
32776 1
79480 1
63104 3
112256 1
98312 1
30528 1
112256 1
95872 1
112256 1
98312 1
32776 1
95872 1
32776 1
98312 1
32776 1
95872 1
112256 1
98312 1
30318 1075
46721 6
81926 348
63105 1
46721 3
30384 2
46721 1
65545 2
46721 2
16393 1
63294 1
81929 1
16393 1
81929 1
95873 1
81929 1
79601 1
16393 1
81929 1
16393 1
81929 1
16393 1
81929 1
16393 1
81929 1
16393 2
9 1
65545 1
128640 1
65545 1
30337 1
128632 2
65545 1
9 7
65545 1
9 2
128640 1
65545 1
9 1
65545 1
128640 2
9 1
95865 1
128640 2
9 1
65545 1
112257 1
9 1
128617 1
114697 1
112236 935
114697 7
128617 1
114697 1
128617 1
114697 1
95977 2
30337 6
114697 8
63105 8
79612 1
63105 2
63097 1
46721 11
63105 5
46721 5
63105 1
16393 1
81929 1
95852 521
13934 1365
128618 1
112258 1
128618 1
112258 2
128618 1
65546 1
10 1
65546 1
10 1
65546 1
10 1
65546 1
128618 1
65546 1
10 1
63106 1
128869 1
112250 1
79470 552
128618 1
65546 1
10 1
65546 2
79489 2
114690 1089
128641 6
79489 1
14145 2
79489 1
128641 5
10 1
79489 19
128641 1
63106 1
95874 1
63106 2
95874 1
32778 1
95874 1
32778 1
95874 6
30338 1
112234 7
30338 7
63082 5
30338 13
46772 1
46698 1
30338 3
46698 6
13954 3
30338 1
13954 1
65546 1
10 1
65546 1
98309 809
98308 950
32772 952
95851 4
79759 9
95851 20
112235 9
79491 1
49163 1
114699 1
49163 1
98315 1
79490 1
98315 1
32779 1
30339 1
32779 1
30339 1
79490 1
30339 1
32779 1
96023 1
30339 1
32779 1
30339 1
32779 1
30339 1
32779 1
98315 1
32779 1
13955 1
16395 1
79636 1
81931 1
46722 1
81931 1
30339 1
16395 1
13955 1
16395 1
81931 1
16395 1
81931 1
46722 1
81931 1
16395 1
81931 1
16395 1
13955 1
16395 1
81931 1
16395 1
13955 1
16395 1
81931 1
114699 1
46722 1
81931 1
16395 1
81931 1
46722 2
13955 1
46722 1
81931 1
16395 1
81931 1
46722 1
81931 2
112518 4
81931 4
128619 1
114699 1
49163 1
114699 1
49163 1
114699 1
49163 1