0 0.000244
1 0.000732
2 0.000977
3 0.000488
4 0.004395
5 0.004395
6 0.001709
7 0.001709
8 0.000732
9 0.001221
10 0.002686
11 0.003174
12 0.000488
13 0.000244
14 0.000732
15 0.000244
16 0.002197
17 0.001709
18 0.001709
19 0.003418
20 0.001953
21 0.000732
22 0.001221
23 0.000977
24 0.002441
25 0.004150
26 0.000732
27 0.000977
28 0.000977
29 0.001221
30 0.001465
31 0.004639
32 0.000732
33 0.004150
34 0.002197
35 0.001709
36 0.000732
37 0.002930
38 0.000244
39 0.000977
40 0.002686
41 0.003418
42 0.000732
43 0.001953
44 0.001465
45 0.001709
46 0.004150
47 0.000977
48 0.001709
49 0.000732
50 0.000977
51 0.001221
52 0.002441
53 0.002441
54 0.001465
55 0.000244
56 0.001465
57 0.002441
58 0.002930
59 0.001465
60 0.001465
61 0.000732
62 0.001709
63 0.000732
64 0.001465
65 0.002686
66 0.000977
67 0.000244
68 0.001709
69 0.001221
70 0.001709
71 0.001221
72 0.000977
73 0.003174
74 0.002441
75 0.000244
76 0.000488
77 0.000977
78 0.001465
79 0.001953
80 0.000977
81 0.001221
13928 0.005127
13929 0.003662
13930 0.001953
13931 0.004150
13932 0.004150
13933 0.002686
13934 0.002686
13935 0.004150
13936 0.003418
13937 0.002930
13938 0.002441
13939 0.002686
13940 0.003662
13941 0.002441
13942 0.002930
13943 0.003906
13944 0.001465
13945 0.002197
13946 0.003662
13947 0.003662
13948 0.002930
13949 0.002930
13950 0.002930
13951 0.002930
13952 0.003418
13953 0.005127
13954 0.004395
13955 0.003906
13956 0.003906
13957 0.004639
13958 0.004395
13959 0.003418
13960 0.003662
13961 0.003906
13962 0.005371
13963 0.003418
13964 0.003418
13965 0.003418
13966 0.004883
13967 0.006104
13968 0.003662
13969 0.003662
13970 0.005127
13971 0.003662
13972 0.003174
13973 0.005615
13974 0.004150
13975 0.005127
13976 0.003418
13977 0.006592
13978 0.003174
13979 0.004150
13980 0.005371
13981 0.003662
13982 0.004639
13983 0.002930
13984 0.004150
13985 0.002930
13986 0.005127
13987 0.003174
13988 0.004395
13989 0.003418
13990 0.004395
13991 0.001709
13992 0.003418
13993 0.002930
13994 0.004639
13995 0.002930
13996 0.004150
13997 0.002686
13998 0.003418
13999 0.005371
14000 0.003662
14001 0.003906
14002 0.001953
14003 0.004150
14004 0.003418
14005 0.005615
14006 0.004150
14007 0.003906
14008 0.003662
14009 0.003662
14010 0.004639
14011 0.002441
14012 0.003662
14013 0.005371
14014 0.003906
14015 0.003418
14016 0.005859
14017 0.002930
14018 0.003418
14019 0.005127
14020 0.004395
14021 0.004150
14022 0.005127
14023 0.002686
14024 0.004150
14025 0.005127
14026 0.003906
14027 0.004150
14028 0.003906
14029 0.004883
14030 0.002930
14031 0.003906
14032 0.002930
14033 0.004395
14034 0.003662
14035 0.003662
14036 0.003906
14037 0.003906
14038 0.004395
14039 0.003174
14040 0.002197
14041 0.005127
14042 0.004150
14043 0.003174
14044 0.003418
14045 0.004150
14046 0.003174
14047 0.002686
14048 0.002441
14049 0.002197
14050 0.003662
14051 0.004395
14052 0.002686
14053 0.004395
14054 0.003174
14055 0.004883
14056 0.001953
14057 0.004883
14058 0.003906
14059 0.003174
14060 0.005127
14061 0.003906
14062 0.003906
14063 0.003418
14064 0.002930
14065 0.003662
14066 0.005371
14067 0.003662
14068 0.003662
14069 0.004639
14070 0.002686
14071 0.004150
14072 0.004150
14073 0.003906
14074 0.003906
14075 0.002686
14076 0.004150
14077 0.003662
14078 0.004150
14079 0.003174
14080 0.002686
14081 0.004150
14082 0.003662
14083 0.003418
14084 0.003418
14085 0.004150
14086 0.003418
14087 0.003906
14088 0.003662
14089 0.005127
14090 0.003418
14091 0.003662
14092 0.003662
14093 0.004639
14094 0.004150
14095 0.005127
14096 0.003418
14097 0.004395
14098 0.003662
14099 0.003662
14100 0.002930
14101 0.005127
14102 0.003418
14103 0.002930
14104 0.003662
14105 0.002930
14106 0.003174
14107 0.003174
14108 0.004639
14109 0.002441
14110 0.002686
14111 0.003418
14112 0.004150
14113 0.003174
14114 0.002197
14115 0.001953
14116 0.002686
14117 0.004883
14118 0.002930
14119 0.001953
14120 0.002930
14121 0.003174
14122 0.004883
14123 0.003174
14124 0.004883
14125 0.003174
14126 0.002441
14127 0.003662
14128 0.003418
14129 0.003418
14130 0.003906
14131 0.003174
14132 0.003418
14133 0.003662
14134 0.003174
14135 0.001953
14136 0.002441
14137 0.002930
14138 0.002197
14139 0.003418
14140 0.003906
14141 0.003174
14142 0.005615
14143 0.002686
14144 0.003174
14145 0.002197
14146 0.003662
14147 0.002686
14148 0.003662
14149 0.001709
14150 0.003906
14151 0.001709
14152 0.003174
14153 0.003662
14154 0.002930
14155 0.001953
14156 0.002441
14157 0.002197
14158 0.002686
14159 0.002441
14160 0.003418
14161 0.002197
14162 0.002686
14163 0.002441
14164 0.004150
14165 0.003418
14166 0.003418
14167 0.003174
14168 0.001221
14169 0.001709
14170 0.003174
14171 0.002686
14172 0.002930
14173 0.001953
14174 0.002930
14175 0.002197
14176 0.002197
14177 0.002197
14178 0.002930
14179 0.002441
14180 0.002441
14181 0.003174
14182 0.003174
14183 0.002686
14184 0.002686
14185 0.002686
14186 0.001221
14187 0.001709
14188 0.002441
14189 0.001953
14190 0.002441
14191 0.001709
14192 0.002930
14193 0.000732
14194 0.001709
14195 0.002441
14196 0.002197
14197 0.001953
14198 0.001465
14199 0.002686
14200 0.002441
14201 0.002197
14202 0.001221
14203 0.001709
14204 0.002686
14205 0.001953
14206 0.001953
14207 0.001465
14208 0.003662
14209 0.000244
14210 0.000977
14211 0.001709
14212 0.002930
14213 0.003174
14214 0.001465
14215 0.001221
14216 0.002197
14217 0.000488
14218 0.001709
14219 0.001953
14220 0.000488
14221 0.001221
14222 0.002686
14223 0.001221
14224 0.000977
14225 0.000488
14226 0.000732
14227 0.001465
14228 0.000977
14229 0.001465
14230 0.001465
14231 0.002686
14232 0.001465
14233 0.000977
14234 0.000488
14235 0.000732
14236 0.001221
14237 0.000732
14238 0.001465
14239 0.001465
14240 0.000977
14241 0.000732
14243 0.000977
14244 0.000977
14245 0.000977
14246 0.001221
14247 0.000488
14248 0.000732
14249 0.000244
14250 0.000977
14251 0.001221
14252 0.001221
14253 0.000977
14254 0.000732
14255 0.001221
14256 0.000732
14257 0.000244
14258 0.000977
14259 0.001465
14260 0.000488
14262 0.000977
14263 0.000732
14264 0.000732
14266 0.000244
14267 0.000732
14269 0.000244
14270 0.000244
14271 0.000488
14272 0.000977
14275 0.000244
14276 0.000244
14277 0.000244
14278 0.000244
14279 0.000488
14280 0.000244
14283 0.000244
14285 0.000732
14286 0.000732
14287 0.000488
14293 0.000244
14294 0.000244
16384 0.001709
16385 0.000488
16386 0.002441
16387 0.001221
16388 0.000977
16389 0.001953
16390 0.001953
16391 0.003906
16392 0.000732
16393 0.001953
16394 0.000488
16395 0.002197
16396 0.001221
16397 0.000244
16398 0.000488
16399 0.001465
16400 0.004150
16401 0.000732
16402 0.001221
16403 0.001221
16404 0.000488
16405 0.002197
16406 0.002686
16407 0.004150
16408 0.000977
16409 0.002686
16410 0.000732
16411 0.002197
16412 0.002441
16413 0.000732
16414 0.000244
16415 0.000244
16416 0.001709
16417 0.001221
16418 0.002686
16419 0.001953
16420 0.000977
16421 0.000977
16422 0.001221
16423 0.001221
16424 0.001221
16425 0.001465
16426 0.002197
16427 0.001221
16428 0.003906
16429 0.004150
16430 0.001221
16431 0.001709
16432 0.004150
16433 0.000977
16434 0.000977
16435 0.001221
16436 0.002197
16437 0.001221
16438 0.003662
16439 0.000977
16440 0.001709
16441 0.001709
16442 0.002686
16443 0.001709
16444 0.004639
16445 0.001465
16446 0.000977
16447 0.000977
16448 0.001465
16449 0.000977
16450 0.002441
16451 0.000488
16452 0.002441
16453 0.001221
16454 0.003418
16455 0.001221
16456 0.003418
16457 0.000488
16458 0.000488
16459 0.001465
16460 0.000244
16461 0.002197
16462 0.001465
16463 0.001465
16464 0.001221
16465 0.000977
30312 0.005127
30313 0.005127
30314 0.003662
30315 0.004395
30316 0.003174
30317 0.003418
30318 0.005615
30319 0.003662
30320 0.002441
30321 0.001953
30322 0.004150
30323 0.002441
30324 0.002441
30325 0.003174
30326 0.002686
30327 0.002686
30328 0.001953
30329 0.002930
30330 0.002441
30331 0.003418
30332 0.003418
30333 0.004395
30334 0.002686
30335 0.001709
30336 0.003662
30337 0.003418
30338 0.002686
30339 0.004883
30340 0.004883
30341 0.002930
30342 0.005615
30343 0.003906
30344 0.004395
30345 0.003662
30346 0.005371
30347 0.004150
30348 0.002197
30349 0.003906
30350 0.005127
30351 0.004639
30352 0.003662
30353 0.003662
30354 0.004395
30355 0.002441
30356 0.004395
30357 0.004395
30358 0.004150
30359 0.004150
30360 0.004395
30361 0.002441
30362 0.003418
30363 0.005127
30364 0.004639
30365 0.001953
30366 0.003662
30367 0.006348
30368 0.002686
30369 0.003662
30370 0.004883
30371 0.004150
30372 0.003174
30373 0.002686
30374 0.002197
30375 0.002930
30376 0.004639
30377 0.003418
30378 0.003418
30379 0.003906
30380 0.004883
30381 0.002441
30382 0.002686
30383 0.004883
30384 0.003418
30385 0.004150
30386 0.003174
30387 0.002686
30388 0.003174
30389 0.002930
30390 0.004395
30391 0.004395
30392 0.003174
30393 0.006104
30394 0.004639
30395 0.004395
30396 0.005371
30397 0.003174
30398 0.003418
30399 0.004883
30400 0.004883
30401 0.004395
30402 0.004150
30403 0.002441
30404 0.003662
30405 0.003906
30406 0.004639
30407 0.004883
30408 0.003418
30409 0.003906
30410 0.004883
30411 0.004639
30412 0.003906
30413 0.005127
30414 0.004883
30415 0.003174
30416 0.004150
30417 0.004395
30418 0.003662
30419 0.003174
30420 0.004395
30421 0.005127
30422 0.003906
30423 0.001709
30424 0.004150
30425 0.002930
30426 0.002930
30427 0.003174
30428 0.003662
30429 0.004395
30430 0.002930
30431 0.003418
30432 0.005371
30433 0.004883
30434 0.002686
30435 0.004883
30436 0.004639
30437 0.004883
30438 0.004639
30439 0.003662
30440 0.004395
30441 0.002930
30442 0.002686
30443 0.003906
30444 0.002686
30445 0.002441
30446 0.002686
30447 0.002441
30448 0.004883
30449 0.002686
30450 0.004150
30451 0.004395
30452 0.003906
30453 0.002686
30454 0.004395
30455 0.004395
30456 0.003174
30457 0.001221
30458 0.003662
30459 0.002441
30460 0.003906
30461 0.002686
30462 0.003906
30463 0.005127
30464 0.003418
30465 0.002197
30466 0.003418
30467 0.004395
30468 0.001953
30469 0.003418
30470 0.002197
30471 0.002686
30472 0.002686
30473 0.003906
30474 0.005127
30475 0.002930
30476 0.003174
30477 0.004395
30478 0.002686
30479 0.002197
30480 0.003662
30481 0.004150
30482 0.003662
30483 0.002686
30484 0.004883
30485 0.003906
30486 0.004395
30487 0.004150
30488 0.002441
30489 0.003174
30490 0.002686
30491 0.003662
30492 0.002686
30493 0.002686
30494 0.003906
30495 0.003174
30496 0.004883
30497 0.003662
30498 0.003418
30499 0.003906
30500 0.002686
30501 0.001953
30502 0.002930
30503 0.004639
30504 0.003418
30505 0.003662
30506 0.003906
30507 0.002930
30508 0.002930
30509 0.003418
30510 0.002686
30511 0.002197
30512 0.003418
30513 0.003418
30514 0.002930
30515 0.002930
30516 0.002441
30517 0.002686
30518 0.004150
30519 0.002686
30520 0.002930
30521 0.003174
30522 0.002441
30523 0.003174
30524 0.003662
30525 0.001709
30526 0.002930
30527 0.002197
30528 0.001221
30529 0.003418
30530 0.002930
30531 0.002686
30532 0.002930
30533 0.003906
30534 0.003418
30535 0.003174
30536 0.003662
30537 0.003418
30538 0.002930
30539 0.002930
30540 0.003906
30541 0.002686
30542 0.002197
30543 0.002930
30544 0.002197
30545 0.002197
30546 0.001953
30547 0.003662
30548 0.001953
30549 0.002686
30550 0.001709
30551 0.003174
30552 0.001953
30553 0.003662
30554 0.001709
30555 0.002686
30556 0.002441
30557 0.002686
30558 0.001709
30559 0.002197
30560 0.001709
30561 0.002930
30562 0.001221
30563 0.001465
30564 0.003174
30565 0.002197
30566 0.001953
30567 0.002441
30568 0.003174
30569 0.003662
30570 0.002441
30571 0.002686
30572 0.001953
30573 0.002441
30574 0.001465
30575 0.001221
30576 0.003174
30577 0.001953
30578 0.001953
30579 0.002441
30580 0.002197
30581 0.002441
30582 0.000732
30583 0.001953
30584 0.003418
30585 0.001709
30586 0.001953
30587 0.002686
30588 0.002197
30589 0.001221
30590 0.001709
30591 0.002197
30592 0.001953
30593 0.001465
30594 0.001709
30595 0.001953
30596 0.002686
30597 0.000732
30598 0.000732
30599 0.000977
30600 0.001953
30601 0.002197
30602 0.001953
30603 0.001953
30604 0.001709
30605 0.000977
30606 0.000732
30607 0.001709
30608 0.002197
30609 0.001709
30610 0.001221
30611 0.002197
30612 0.000244
30613 0.001221
30614 0.000977
30615 0.000732
30616 0.000732
30617 0.002441
30618 0.000244
30619 0.000977
30620 0.001953
30621 0.000977
30622 0.000732
30623 0.000732
30624 0.000488
30625 0.002686
30626 0.000488
30627 0.001709
30628 0.001221
30629 0.000732
30630 0.000244
30631 0.000732
30632 0.001221
30633 0.001221
30635 0.001465
30636 0.001709
30638 0.000488
30640 0.000977
30641 0.001465
30642 0.000244
30643 0.000977
30644 0.001465
30646 0.000732
30647 0.000244
30648 0.000488
30649 0.000977
30651 0.000977
30652 0.001221
30654 0.000488
30656 0.000488
30657 0.001221
30659 0.000488
30660 0.000977
30662 0.000732
30665 0.001221
30667 0.000244
30668 0.000732
30672 0.000488
30673 0.000977
30676 0.000488
30678 0.000244
30681 0.000732
30689 0.000244
30697 0.000244
30705 0.000244
32768 0.005371
32769 0.003174
32770 0.001709
32771 0.004150
32772 0.000488
32773 0.000732
32774 0.002441
32775 0.000732
32776 0.002441
32777 0.003174
32778 0.003662
32779 0.001953
32780 0.002686
32781 0.001465
32782 0.001709
32783 0.001953
32784 0.000244
32785 0.000732
32786 0.000977
32787 0.000244
32788 0.000488
32789 0.002930
32790 0.001709
32791 0.001709
32792 0.001953
32793 0.000488
32794 0.000244
32795 0.002197
32796 0.001221
32797 0.001709
32798 0.001953
32799 0.000977
32800 0.002197
32801 0.000977
32802 0.000732
32803 0.001953
32804 0.001221
32805 0.000488
32806 0.003662
32807 0.002686
32808 0.003174
32809 0.001953
32810 0.000732
32811 0.001465
32812 0.000732
32813 0.000244
32814 0.000732
32815 0.002197
32816 0.000244
32817 0.001953
32818 0.001709
32819 0.004883
32820 0.000488
32821 0.002441
32822 0.001465
32823 0.003418
32824 0.002930
32825 0.000732
32826 0.000244
32827 0.001221
32828 0.000244
32829 0.001709
32830 0.001953
32831 0.001953
32832 0.000488
32833 0.001709
32834 0.000488
32835 0.001465
32836 0.000977
32837 0.001221
32838 0.000732
32839 0.002441
32840 0.002441
32841 0.001465
32842 0.001221
32843 0.003174
32844 0.001465
32845 0.002441
32846 0.000732
32847 0.001465
32848 0.000732
32849 0.001709
46696 0.003906
46697 0.001709
46698 0.005127
46699 0.003906
46700 0.003662
46701 0.003418
46702 0.003906
46703 0.003418
46704 0.002197
46705 0.003418
46706 0.002930
46707 0.002197
46708 0.002930
46709 0.003174
46710 0.003906
46711 0.003418
46712 0.002686
46713 0.002686
46714 0.003662
46715 0.002441
46716 0.002686
46717 0.004395
46718 0.002441
46719 0.003174
46720 0.004150
46721 0.003662
46722 0.003418
46723 0.002197
46724 0.004150
46725 0.004150
46726 0.003662
46727 0.003418
46728 0.003662
46729 0.004883
46730 0.005127
46731 0.004883
46732 0.004150
46733 0.004395
46734 0.004395
46735 0.003662
46736 0.000977
46737 0.004395
46738 0.004150
46739 0.005859
46740 0.003174
46741 0.004639
46742 0.004395
46743 0.003906
46744 0.004883
46745 0.003174
46746 0.002441
46747 0.004150
46748 0.003906
46749 0.002930
46750 0.004883
46751 0.003906
46752 0.004395
46753 0.004395
46754 0.003662
46755 0.004883
46756 0.002930
46757 0.003906
46758 0.003174
46759 0.002686
46760 0.002441
46761 0.004150
46762 0.003174
46763 0.002686
46764 0.002686
46765 0.001953
46766 0.003662
46767 0.003418
46768 0.005127
46769 0.003418
46770 0.006104
46771 0.001465
46772 0.003906
46773 0.003174
46774 0.003906
46775 0.002686
46776 0.004639
46777 0.003906
46778 0.004395
46779 0.003906
46780 0.003906
46781 0.002197
46782 0.003662
46783 0.003906
46784 0.004639
46785 0.003174
46786 0.004883
46787 0.004150
46788 0.003906
46789 0.004150
46790 0.005615
46791 0.003906
46792 0.003662
46793 0.003418
46794 0.003662
46795 0.002930
46796 0.004883
46797 0.003418
46798 0.002441
46799 0.003906
46800 0.004883
46801 0.003662
46802 0.004395
46803 0.002441
46804 0.002930
46805 0.001953
46806 0.002686
46807 0.002441
46808 0.003174
46809 0.003418
46810 0.002930
46811 0.004150
46812 0.003418
46813 0.001709
46814 0.001953
46815 0.004395
46816 0.003662
46817 0.002930
46818 0.004883
46819 0.004150
46820 0.002441
46821 0.003906
46822 0.003418
46823 0.003418
46824 0.004639
46825 0.004150
46826 0.006348
46827 0.003906
46828 0.002441
46829 0.004395
46830 0.001953
46831 0.003906
46832 0.004150
46833 0.003174
46834 0.004639
46835 0.003906
46836 0.003174
46837 0.004150
46838 0.004395
46839 0.005127
46840 0.003906
46841 0.002930
46842 0.003662
46843 0.002441
46844 0.002441
46845 0.003906
46846 0.004395
46847 0.003662
46848 0.003906
46849 0.003906
46850 0.004639
46851 0.003662
46852 0.004395
46853 0.004150
46854 0.003174
46855 0.002686
46856 0.006348
46857 0.003662
46858 0.004395
46859 0.003662
46860 0.003662
46861 0.003906
46862 0.003174
46863 0.003906
46864 0.002930
46865 0.003174
46866 0.003174
46867 0.003174
46868 0.003662
46869 0.002686
46870 0.004395
46871 0.004883
46872 0.002441
46873 0.003418
46874 0.003418
46875 0.002930
46876 0.002686
46877 0.004395
46878 0.002197
46879 0.003174
46880 0.003418
46881 0.002930
46882 0.003418
46883 0.002441
46884 0.002686
46885 0.003662
46886 0.005615
46887 0.003418
46888 0.001953
46889 0.003174
46890 0.002930
46891 0.004150
46892 0.003418
46893 0.003662
46894 0.004150
46895 0.002930
46896 0.002197
46897 0.003662
46898 0.002686
46899 0.003174
46900 0.003662
46901 0.004150
46902 0.003418
46903 0.003662
46904 0.003662
46905 0.003662
46906 0.002930
46907 0.002197
46908 0.003174
46909 0.002930
46910 0.002930
46911 0.001465
46912 0.002441
46913 0.003906
46914 0.002197
46915 0.003174
46916 0.002686
46917 0.003418
46918 0.001709
46919 0.002441
46920 0.003662
46921 0.003174
46922 0.001221
46923 0.001953
46924 0.002686
46925 0.003662
46926 0.002686
46927 0.003418
46928 0.001709
46929 0.002930
46930 0.003662
46931 0.001709
46932 0.001953
46933 0.002441
46934 0.002686
46935 0.002686
46936 0.002686
46937 0.002197
46938 0.004395
46939 0.002441
46940 0.003418
46941 0.004150
46942 0.002441
46943 0.003418
46944 0.002686
46945 0.002197
46946 0.002197
46947 0.002686
46948 0.003418
46949 0.003418
46950 0.002686
46951 0.002197
46952 0.002197
46953 0.001465
46954 0.002197
46955 0.001709
46956 0.001953
46957 0.002686
46958 0.002930
46959 0.001953
46960 0.001709
46961 0.002197
46962 0.003418
46963 0.001465
46964 0.002441
46965 0.002686
46966 0.001953
46967 0.001465
46968 0.002441
46969 0.002441
46970 0.002441
46971 0.001221
46972 0.001709
46973 0.002686
46974 0.001465
46975 0.001221
46976 0.001465
46977 0.001221
46978 0.002686
46979 0.000732
46980 0.000488
46981 0.001465
46982 0.001221
46983 0.002441
46984 0.001953
46985 0.002686
46986 0.001465
46987 0.001221
46988 0.000977
46989 0.001709
46990 0.002197
46991 0.000732
46992 0.000732
46993 0.002197
46994 0.001465
46995 0.001221
46996 0.001221
46997 0.001221
46998 0.000977
46999 0.000977
47000 0.000732
47001 0.002441
47002 0.000488
47003 0.000977
47004 0.000732
47005 0.001221
47006 0.001221
47007 0.001465
47008 0.001709
47009 0.001465
47010 0.000488
47011 0.000977
47013 0.000732
47014 0.001465
47015 0.000977
47016 0.000732
47017 0.001465
47018 0.000732
47020 0.000732
47021 0.000488
47022 0.000488
47023 0.000488
47024 0.000244
47025 0.001709
47026 0.000488
47028 0.000488
47029 0.000244
47030 0.000977
47031 0.000732
47032 0.000732
47033 0.001953
47034 0.000244
47036 0.000488
47037 0.000488
47038 0.000244
47040 0.000488
47041 0.000732
47045 0.000244
47049 0.001221
47050 0.000244
47052 0.000488
47053 0.000488
47057 0.000732
47060 0.000244
47068 0.000244
47076 0.000244
49152 0.000244
49153 0.002197
49154 0.002197
49155 0.000244
49156 0.001709
49157 0.001465
49158 0.001221
49159 0.000488
49160 0.001465
49161 0.001953
49162 0.002686
49163 0.002197
49164 0.002930
49165 0.004639
49166 0.003662
49167 0.000732
49168 0.000244
49169 0.000732
49170 0.002197
49171 0.001221
49172 0.001953
49173 0.000732
49174 0.002197
49175 0.000488
49176 0.001709
49177 0.001465
49178 0.001953
49179 0.001465
49180 0.001221
49181 0.001465
49182 0.001221
49183 0.002197
49184 0.000732
49185 0.001221
49186 0.000977
49187 0.001221
49188 0.001709
49189 0.001465
49190 0.000977
49191 0.002441
49192 0.001709
49193 0.000977
49194 0.002441
49195 0.001221
49196 0.000244
49197 0.000244
49198 0.001221
49199 0.001465
49200 0.000244
49201 0.004883
49202 0.002686
49203 0.000977
49204 0.001221
49205 0.001709
49206 0.000488
49207 0.001465
49208 0.001465
49209 0.000977
49210 0.000977
49211 0.001221
49212 0.000244
49213 0.001709
49214 0.003174
49215 0.004639
49216 0.000732
49217 0.001953
49218 0.000732
49219 0.002441
49220 0.000732
49221 0.002441
49222 0.000977
49223 0.001221
49224 0.000488
49225 0.001465
49226 0.001465
49227 0.001709
49228 0.005371
49229 0.000977
49230 0.001465
49231 0.001221
49232 0.000732
49233 0.001465
63080 0.002197
63081 0.002441
63082 0.003662
63083 0.004150
63084 0.003174
63085 0.003174
63086 0.003906
63087 0.004150
63088 0.001709
63089 0.003906
63090 0.002441
63091 0.002197
63092 0.001709
63093 0.002930
63094 0.002930
63095 0.003418
63096 0.003906
63097 0.002930
63098 0.005371
63099 0.004883
63100 0.002197
63101 0.003418
63102 0.002441
63103 0.002930
63104 0.003662
63105 0.002197
63106 0.004395
63107 0.002197
63108 0.003662
63109 0.002441
63110 0.003906
63111 0.004150
63112 0.003418
63113 0.003174
63114 0.003418
63115 0.005127
63116 0.003662
63117 0.004150
63118 0.004639
63119 0.004150
63120 0.003418
63121 0.003906
63122 0.004639
63123 0.002930
63124 0.003906
63125 0.002686
63126 0.003418
63127 0.003662
63128 0.003662
63129 0.001953
63130 0.002930
63131 0.004150
63132 0.004150
63133 0.003418
63134 0.004150
63135 0.004639
63136 0.003418
63137 0.004883
63138 0.004639
63139 0.003662
63140 0.004150
63141 0.004395
63142 0.004395
63143 0.003906
63144 0.003906
63145 0.004883
63146 0.003906
63147 0.002441
63148 0.003418
63149 0.003906
63150 0.004639
63151 0.004883
63152 0.003418
63153 0.002686
63154 0.005615
63155 0.003418
63156 0.003906
63157 0.005859
63158 0.005371
63159 0.004150
63160 0.004639
63161 0.004395
63162 0.002686
63163 0.004395
63164 0.003906
63165 0.002686
63166 0.003662
63167 0.003174
63168 0.005127
63169 0.005127
63170 0.004150
63171 0.005127
63172 0.004883
63173 0.003662
63174 0.002930
63175 0.004150
63176 0.002686
63177 0.003418
63178 0.004395
63179 0.002686
63180 0.004883
63181 0.004150
63182 0.004150
63183 0.003418
63184 0.003662
63185 0.002930
63186 0.004150
63187 0.004883
63188 0.005371
63189 0.002441
63190 0.002197
63191 0.004150
63192 0.003662
63193 0.002686
63194 0.004150
63195 0.004395
63196 0.002930
63197 0.003174
63198 0.002930
63199 0.003662
63200 0.004395
63201 0.002197
63202 0.004639
63203 0.003174
63204 0.002686
63205 0.004395
63206 0.003906
63207 0.004150
63208 0.002441
63209 0.004883
63210 0.003418
63211 0.002686
63212 0.004639
63213 0.003906
63214 0.005371
63215 0.003906
63216 0.003418
63217 0.003662
63218 0.004395
63219 0.005615
63220 0.003906
63221 0.005127
63222 0.003662
63223 0.004639
63224 0.004883
63225 0.004150
63226 0.003174
63227 0.003906
63228 0.002686
63229 0.002930
63230 0.003662
63231 0.004150
63232 0.004150
63233 0.003418
63234 0.004883
63235 0.003662
63236 0.002441
63237 0.004639
63238 0.002686
63239 0.004883
63240 0.003418
63241 0.004395
63242 0.003662
63243 0.003174
63244 0.004150
63245 0.002930
63246 0.002930
63247 0.003418
63248 0.004639
63249 0.001953
63250 0.004395
63251 0.002930
63252 0.005127
63253 0.002441
63254 0.002930
63255 0.003906
63256 0.004395
63257 0.004639
63258 0.003662
63259 0.002930
63260 0.003174
63261 0.003174
63262 0.003418
63263 0.004150
63264 0.004150
63265 0.003906
63266 0.003418
63267 0.003906
63268 0.004150
63269 0.003174
63270 0.002930
63271 0.003418
63272 0.003662
63273 0.003662
63274 0.002686
63275 0.004639
63276 0.002930
63277 0.004639
63278 0.003418
63279 0.004150
63280 0.003418
63281 0.003418
63282 0.002197
63283 0.003418
63284 0.004639
63285 0.004150
63286 0.003418
63287 0.003418
63288 0.003418
63289 0.003174
63290 0.003418
63291 0.001221
63292 0.003174
63293 0.003662
63294 0.001709
63295 0.002441
63296 0.005127
63297 0.003418
63298 0.003174
63299 0.003418
63300 0.002686
63301 0.003174
63302 0.001953
63303 0.002930
63304 0.004150
63305 0.002930
63306 0.002686
63307 0.002930
63308 0.001709
63309 0.003662
63310 0.001953
63311 0.002686
63312 0.003174
63313 0.002197
63314 0.002930
63315 0.003174
63316 0.002197
63317 0.001953
63318 0.002197
63319 0.002441
63320 0.003906
63321 0.003662
63322 0.002197
63323 0.002441
63324 0.002441
63325 0.002930
63326 0.002686
63327 0.003418
63328 0.004150
63329 0.002930
63330 0.003174
63331 0.001709
63332 0.001709
63333 0.003662
63334 0.001953
63335 0.003662
63336 0.002441
63337 0.003174
63338 0.002197
63339 0.001953
63340 0.000244
63341 0.002441
63342 0.003174
63343 0.001709
63344 0.002441
63345 0.002197
63346 0.002197
63347 0.002441
63348 0.001709
63349 0.002441
63350 0.001465
63351 0.001465
63352 0.002197
63353 0.002197
63354 0.002197
63355 0.001709
63356 0.001709
63357 0.001953
63358 0.001709
63359 0.001953
63360 0.001709
63361 0.002441
63362 0.001953
63363 0.001465
63364 0.001465
63365 0.002686
63366 0.001709
63367 0.001709
63368 0.002686
63369 0.003174
63370 0.001465
63371 0.001709
63372 0.000488
63373 0.002197
63374 0.000732
63375 0.000732
63376 0.002197
63377 0.001709
63378 0.000488
63379 0.001221
63380 0.000488
63381 0.001465
63382 0.000977
63383 0.000977
63384 0.000732
63385 0.002686
63386 0.000977
63387 0.001709
63388 0.000732
63389 0.001221
63390 0.001221
63391 0.000488
63392 0.001709
63393 0.002197
63394 0.001221
63395 0.000977
63396 0.000244
63397 0.001465
63398 0.000977
63399 0.000488
63400 0.001953
63401 0.001709
63402 0.000244
63403 0.000977
63404 0.000732
63405 0.000732
63406 0.000977
63407 0.000244
63408 0.001709
63409 0.000732
63410 0.000488
63411 0.001221
63413 0.000732
63414 0.000488
63416 0.000977
63417 0.000732
63418 0.000977
63419 0.000488
63420 0.000488
63421 0.000732
63422 0.000977
63423 0.000244
63424 0.000488
63425 0.000244
63426 0.000488
63428 0.000488
63429 0.000488
63430 0.000488
63432 0.000488
63433 0.000732
63437 0.000244
63438 0.000244
63440 0.000488
63445 0.000244
63448 0.000244
63464 0.000732
65536 0.000244
65537 0.000488
65538 0.000488
65539 0.000244
65540 0.003418
65541 0.003662
65542 0.001709
65543 0.001221
65544 0.002197
65545 0.002441
65546 0.002197
65547 0.001709
65548 0.000977
65549 0.000244
65550 0.000732
65551 0.000244
65552 0.002441
65553 0.001709
65554 0.001465
65555 0.002441
65556 0.005127
65557 0.001221
65558 0.000977
65559 0.001709
65560 0.002930
65561 0.002197
65562 0.001221
65563 0.002197
65564 0.000244
65565 0.000732
65566 0.000488
65567 0.001465
65568 0.002197
65569 0.003174
65570 0.001953
65571 0.001465
65572 0.000977
65573 0.001709
65574 0.000244
65575 0.001953
65576 0.001709
65577 0.002686
65578 0.000977
65579 0.002441
65580 0.001465
65581 0.001465
65582 0.003662
65583 0.000977
65584 0.001221
65585 0.000977
65586 0.001221
65587 0.001221
65588 0.002441
65589 0.001709
65590 0.002197
65591 0.000488
65592 0.001465
65593 0.001709
65594 0.001709
65595 0.001221
65596 0.002197
65597 0.001221
65598 0.001221
65599 0.000488
65600 0.002197
65601 0.000977
65602 0.001465
65603 0.000244
65604 0.001953
65605 0.001953
65606 0.001465
65607 0.001709
65608 0.002930
65609 0.002197
65610 0.002197
65611 0.000488
65612 0.000488
65613 0.001221
65614 0.001221
65615 0.002441
65616 0.001709
65617 0.001465
79464 0.005371
79465 0.004639
79466 0.004395
79467 0.002441
79468 0.001465
79469 0.002930
79470 0.002930
79471 0.003906
79472 0.002686
79473 0.002197
79474 0.003662
79475 0.001709
79476 0.000732
79477 0.001709
79478 0.002686
79479 0.002930
79480 0.003418
79481 0.003174
79482 0.003662
79483 0.001953
79484 0.002441
79485 0.003174
79486 0.002930
79487 0.003418
79488 0.002197
79489 0.004150
79490 0.002930
79491 0.004150
79492 0.005859
79493 0.003662
79494 0.003906
79495 0.002686
79496 0.004150
79497 0.003662
79498 0.004150
79499 0.004639
79500 0.005615
79501 0.005371
79502 0.003906
79503 0.004639
79504 0.003906
79505 0.003174
79506 0.003662
79507 0.005127
79508 0.004883
79509 0.004150
79510 0.002930
79511 0.003174
79512 0.003906
79513 0.003662
79514 0.004150
79515 0.004150
79516 0.003418
79517 0.003418
79518 0.004639
79519 0.004395
79520 0.004150
79521 0.003174
79522 0.002930
79523 0.003662
79524 0.003418
79525 0.004395
79526 0.003906
79527 0.004639
79528 0.005127
79529 0.003662
79530 0.002930
79531 0.002930
79532 0.005615
79533 0.004395
79534 0.004395
79535 0.003906
79536 0.005127
79537 0.004150
79538 0.004150
79539 0.003662
79540 0.002686
79541 0.003174
79542 0.005127
79543 0.005127
79544 0.004150
79545 0.005127
79546 0.003662
79547 0.004395
79548 0.005371
79549 0.004395
79550 0.005371
79551 0.003418
79552 0.003418
79553 0.004639
79554 0.005127
79555 0.005371
79556 0.003906
79557 0.004395
79558 0.003418
79559 0.004150
79560 0.003418
79561 0.004639
79562 0.003906
79563 0.004639
79564 0.004639
79565 0.004639
79566 0.002686
79567 0.005859
79568 0.003662
79569 0.002197
79570 0.004150
79571 0.003418
79572 0.003418
79573 0.003662
79574 0.004395
79575 0.002930
79576 0.002197
79577 0.004639
79578 0.004639
79579 0.004395
79580 0.004639
79581 0.003662
79582 0.004639
79583 0.003906
79584 0.002686
79585 0.003174
79586 0.005127
79587 0.003418
79588 0.002930
79589 0.003662
79590 0.004639
79591 0.004395
79592 0.003174
79593 0.003662
79594 0.005127
79595 0.003418
79596 0.004883
79597 0.004395
79598 0.002441
79599 0.003906
79600 0.003906
79601 0.003174
79602 0.005127
79603 0.004150
79604 0.004639
79605 0.004639
79606 0.003906
79607 0.004395
79608 0.002930
79609 0.004395
79610 0.003662
79611 0.003418
79612 0.003906
79613 0.003662
79614 0.004639
79615 0.004639
79616 0.003174
79617 0.004150
79618 0.001465
79619 0.004150
79620 0.005127
79621 0.004639
79622 0.003418
79623 0.004639
79624 0.003906
79625 0.002686
79626 0.002441
79627 0.004395
79628 0.003174
79629 0.004395
79630 0.004395
79631 0.003906
79632 0.004395
79633 0.003906
79634 0.005615
79635 0.002686
79636 0.003418
79637 0.003662
79638 0.004883
79639 0.001709
79640 0.003906
79641 0.003174
79642 0.003174
79643 0.004883
79644 0.003662
79645 0.003906
79646 0.002686
79647 0.003418
79648 0.002930
79649 0.003174
79650 0.003662
79651 0.003174
79652 0.003418
79653 0.004395
79654 0.003174
79655 0.003906
79656 0.004395
79657 0.003174
79658 0.003906
79659 0.003662
79660 0.003906
79661 0.003906
79662 0.002441
79663 0.002930
79664 0.003662
79665 0.002197
79666 0.003906
79667 0.003418
79668 0.002441
79669 0.002930
79670 0.005371
79671 0.003662
79672 0.005127
79673 0.002930
79674 0.003174
79675 0.004150
79676 0.002197
79677 0.003906
79678 0.003174
79679 0.003418
79680 0.002930
79681 0.003174
79682 0.003174
79683 0.003906
79684 0.003662
79685 0.002930
79686 0.003418
79687 0.002686
79688 0.003418
79689 0.001953
79690 0.002686
79691 0.002441
79692 0.002441
79693 0.002930
79694 0.003174
79695 0.003174
79696 0.003418
79697 0.000977
79698 0.003906
79699 0.003174
79700 0.003418
79701 0.004639
79702 0.002197
79703 0.002686
79704 0.003174
79705 0.002197
79706 0.003906
79707 0.001465
79708 0.003662
79709 0.003418
79710 0.003174
79711 0.002686
79712 0.001953
79713 0.002197
79714 0.002930
79715 0.001953
79716 0.002686
79717 0.002686
79718 0.002686
79719 0.002197
79720 0.001953
79721 0.001953
79722 0.002686
79723 0.001465
79724 0.002930
79725 0.002441
79726 0.002197
79727 0.002930
79728 0.002686
79729 0.001465
79730 0.003174
79731 0.000977
79732 0.001221
79733 0.002197
79734 0.001221
79735 0.001953
79736 0.001709
79737 0.001465
79738 0.001221
79739 0.002441
79740 0.000977
79741 0.002441
79742 0.002197
79743 0.002441
79744 0.003418
79745 0.000977
79746 0.000732
79747 0.000732
79748 0.001221
79749 0.002441
79750 0.001709
79751 0.002686
79752 0.003418
79753 0.000488
79754 0.001221
79755 0.001465
79756 0.000488
79757 0.002441
79758 0.001953
79759 0.001709
79760 0.002441
79761 0.001221
79762 0.000977
79763 0.000977
79765 0.001953
79766 0.001465
79767 0.001465
79768 0.003662
79769 0.001221
79770 0.001953
79771 0.000977
79772 0.000488
79773 0.001221
79774 0.001465
79775 0.001953
79776 0.001953
79777 0.000244
79778 0.000488
79779 0.000488
79780 0.000977
79781 0.001221
79782 0.000488
79783 0.001465
79784 0.001221
79785 0.000977
79786 0.000977
79787 0.000488
79788 0.000732
79789 0.000488
79790 0.000732
79791 0.000732
79792 0.000977
79793 0.001709
79794 0.000977
79796 0.000488
79797 0.000488
79798 0.000244
79799 0.000732
79800 0.000244
79801 0.000977
79802 0.000977
79803 0.000244
79804 0.000244
79805 0.001221
79807 0.000732
79808 0.000488
79809 0.000732
79810 0.000488
79812 0.000488
79813 0.000244
79817 0.000244
79818 0.000244
79821 0.000488
79826 0.000488
79829 0.000488
79833 0.000244
79834 0.000244
79837 0.000244
79842 0.000488
79850 0.000488
81920 0.000977
81921 0.000977
81922 0.000244
81923 0.001221
81924 0.000977
81925 0.001221
81926 0.004150
81927 0.004883
81928 0.002197
81929 0.002441
81930 0.000488
81931 0.001221
81932 0.001953
81933 0.000244
81934 0.000488
81935 0.001953
81936 0.002441
81937 0.000488
81938 0.001221
81939 0.001465
81940 0.000488
81941 0.001953
81942 0.001953
81943 0.003662
81944 0.000244
81945 0.000732
81946 0.001709
81947 0.002686
81948 0.002686
81949 0.000977
81950 0.001709
81951 0.000488
81952 0.001221
81953 0.000732
81954 0.003418
81955 0.001953
81956 0.001221
81957 0.000732
81958 0.000977
81959 0.000488
81960 0.001465
81961 0.001465
81962 0.002441
81963 0.001221
81964 0.006104
81965 0.003662
81966 0.000977
81967 0.001953
81968 0.003174
81969 0.000244
81970 0.001465
81971 0.001465
81972 0.001465
81973 0.000732
81974 0.003418
81975 0.001221
81976 0.001953
81977 0.000732
81978 0.003662
81979 0.001953
81980 0.005371
81981 0.000244
81982 0.000488
81983 0.001221
81984 0.003418
81985 0.000977
81986 0.002197
81987 0.000732
81988 0.002441
81989 0.001953
81990 0.003174
81991 0.001221
81992 0.005127
81993 0.000732
81994 0.001221
81995 0.000732
81996 0.000977
81997 0.001953
81998 0.002686
81999 0.000977
82000 0.001709
82001 0.000977
95848 0.003418
95849 0.001953
95850 0.002930
95851 0.003174
95852 0.002441
95853 0.003662
95854 0.002441
95855 0.002197
95856 0.001953
95857 0.003174
95858 0.002686
95859 0.003418
95860 0.002197
95861 0.003418
95862 0.003174
95863 0.003174
95864 0.002930
95865 0.003418
95866 0.003662
95867 0.004150
95868 0.003906
95869 0.002686
95870 0.003418
95871 0.002930
95872 0.002930
95873 0.005859
95874 0.003662
95875 0.003418
95876 0.005371
95877 0.003418
95878 0.004150
95879 0.004395
95880 0.002441
95881 0.004150
95882 0.003662
95883 0.002930
95884 0.004395
95885 0.002930
95886 0.002930
95887 0.004150
95888 0.004639
95889 0.004639
95890 0.003906
95891 0.003906
95892 0.006348
95893 0.005127
95894 0.003174
95895 0.004395
95896 0.005371
95897 0.003418
95898 0.002930
95899 0.004395
95900 0.003418
95901 0.003418
95902 0.006104
95903 0.002686
95904 0.004150
95905 0.004883
95906 0.004150
95907 0.003906
95908 0.004395
95909 0.003418
95910 0.003906
95911 0.004150
95912 0.004395
95913 0.005127
95914 0.003906
95915 0.005127
95916 0.004639
95917 0.004395
95918 0.002930
95919 0.003662
95920 0.003906
95921 0.004639
95922 0.004395
95923 0.003662
95924 0.003662
95925 0.003174
95926 0.001465
95927 0.003418
95928 0.004150
95929 0.003174
95930 0.003418
95931 0.003174
95932 0.003418
95933 0.004883
95934 0.003662
95935 0.003662
95936 0.004639
95937 0.005371
95938 0.005127
95939 0.003906
95940 0.003906
95941 0.003662
95942 0.004150
95943 0.003662
95944 0.005859
95945 0.003906
95946 0.004150
95947 0.003418
95948 0.002441
95949 0.004150
95950 0.004883
95951 0.003906
95952 0.004150
95953 0.002686
95954 0.002930
95955 0.002930
95956 0.003906
95957 0.004639
95958 0.004883
95959 0.004395
95960 0.004883
95961 0.004639
95962 0.004883
95963 0.006592
95964 0.003662
95965 0.004639
95966 0.004639
95967 0.003418
95968 0.004883
95969 0.003662
95970 0.004150
95971 0.003662
95972 0.003906
95973 0.004395
95974 0.003906
95975 0.003174
95976 0.004639
95977 0.004150
95978 0.004395
95979 0.002686
95980 0.003174
95981 0.003418
95982 0.002930
95983 0.006104
95984 0.004639
95985 0.003906
95986 0.003906
95987 0.004395
95988 0.003418
95989 0.004883
95990 0.002686
95991 0.003418
95992 0.002930
95993 0.003662
95994 0.004150
95995 0.003418
95996 0.002930
95997 0.004150
95998 0.003174
95999 0.003418
96000 0.005371
96001 0.004395
96002 0.003906
96003 0.003906
96004 0.003906
96005 0.004639
96006 0.004150
96007 0.003174
96008 0.003906
96009 0.003662
96010 0.003906
96011 0.003418
96012 0.004150
96013 0.004150
96014 0.004883
96015 0.003662
96016 0.003906
96017 0.005371
96018 0.003906
96019 0.004883
96020 0.003418
96021 0.002441
96022 0.003906
96023 0.005615
96024 0.005371
96025 0.002686
96026 0.004150
96027 0.003662
96028 0.003906
96029 0.002441
96030 0.004150
96031 0.002686
96032 0.004150
96033 0.003906
96034 0.002686
96035 0.003906
96036 0.002930
96037 0.005615
96038 0.003174
96039 0.003662
96040 0.004150
96041 0.004883
96042 0.003906
96043 0.004150
96044 0.003662
96045 0.003906
96046 0.004395
96047 0.004150
96048 0.003418
96049 0.004639
96050 0.004150
96051 0.003174
96052 0.002441
96053 0.004150
96054 0.004395
96055 0.003906
96056 0.004150
96057 0.003662
96058 0.003418
96059 0.003418
96060 0.002441
96061 0.004150
96062 0.002930
96063 0.003906
96064 0.004150
96065 0.004150
96066 0.003174
96067 0.003906
96068 0.004639
96069 0.003906
96070 0.003418
96071 0.002930
96072 0.002930
96073 0.003906
96074 0.002441
96075 0.001953
96076 0.002441
96077 0.003174
96078 0.003662
96079 0.003174
96080 0.002686
96081 0.003418
96082 0.002686
96083 0.003662
96084 0.002686
96085 0.003174
96086 0.003662
96087 0.002686
96088 0.003418
96089 0.003174
96090 0.002686
96091 0.002686
96092 0.002197
96093 0.003418
96094 0.003418
96095 0.002197
96096 0.002686
96097 0.002930
96098 0.003174
96099 0.002930
96100 0.002930
96101 0.003174
96102 0.003418
96103 0.001953
96104 0.002197
96105 0.002686
96106 0.002686
96107 0.002930
96108 0.002930
96109 0.002686
96110 0.001953
96111 0.002197
96112 0.002197
96113 0.001709
96114 0.003418
96115 0.002930
96116 0.003174
96117 0.002197
96118 0.002441
96119 0.002197
96120 0.002441
96121 0.001953
96122 0.001709
96123 0.002930
96124 0.001709
96125 0.002441
96126 0.001953
96127 0.002197
96128 0.002441
96129 0.001465
96130 0.001465
96131 0.002441
96132 0.001953
96133 0.002197
96134 0.001709
96135 0.002441
96136 0.001953
96137 0.001953
96138 0.001221
96139 0.003174
96140 0.002686
96141 0.001953
96142 0.000732
96143 0.000977
96144 0.001221
96145 0.001221
96146 0.001221
96147 0.001709
96148 0.001465
96149 0.002441
96150 0.000488
96151 0.001221
96152 0.000977
96153 0.001465
96154 0.000488
96155 0.001709
96156 0.001465
96157 0.001465
96158 0.000977
96159 0.001221
96160 0.000732
96161 0.000732
96162 0.001465
96163 0.000732
96164 0.000488
96165 0.000977
96167 0.001465
96168 0.001221
96169 0.000977
96170 0.001221
96171 0.001221
96172 0.000977
96173 0.000977
96175 0.000977
96176 0.001709
96177 0.000244
96178 0.000977
96179 0.000977
96180 0.000488
96181 0.000488
96183 0.000977
96184 0.001709
96185 0.000244
96186 0.000488
96187 0.000244
96188 0.000732
96189 0.001465
96191 0.000488
96192 0.000488
96193 0.000977
96194 0.000732
96197 0.000977
96199 0.000488
96200 0.000488
96201 0.000244
96205 0.000732
96207 0.000244
96216 0.000488
96223 0.000244
98304 0.002441
98305 0.001953
98306 0.003174
98307 0.003174
98308 0.000244
98309 0.000977
98310 0.001465
98311 0.000732
98312 0.003174
98313 0.001709
98314 0.001953
98315 0.002197
98316 0.001465
98317 0.002197
98318 0.002441
98319 0.003418
98320 0.000244
98321 0.000977
98322 0.001465
98323 0.000244
98324 0.000488
98325 0.003662
98326 0.001465
98327 0.002197
98328 0.000488
98329 0.000244
98330 0.000244
98331 0.001221
98332 0.001953
98333 0.000732
98334 0.002441
98335 0.000977
98336 0.001953
98337 0.000732
98338 0.000488
98339 0.001465
98340 0.001465
98341 0.000244
98342 0.003662
98343 0.000977
98344 0.002930
98345 0.001221
98346 0.002197
98347 0.001221
98348 0.000488
98349 0.000244
98350 0.001221
98351 0.000977
98352 0.000244
98353 0.001221
98354 0.001953
98355 0.003418
98356 0.001221
98357 0.001953
98358 0.001953
98359 0.003906
98360 0.003662
98361 0.000244
98362 0.000732
98363 0.001221
98364 0.000244
98365 0.000732
98366 0.001709
98367 0.001221
98368 0.000244
98369 0.002197
98370 0.000977
98371 0.001709
98372 0.001465
98373 0.001465
98374 0.000244
98375 0.002930
98376 0.001465
98377 0.000977
98378 0.001709
98379 0.002197
98380 0.001221
98381 0.003418
98382 0.000732
98383 0.001221
98384 0.000732
98385 0.001953
112232 0.003906
112233 0.003418
112234 0.004395
112235 0.004639
112236 0.003418
112237 0.003418
112238 0.004639
112239 0.002686
112240 0.002441
112241 0.001465
112242 0.001709
112243 0.003174
112244 0.002686
112245 0.002930
112246 0.003174
112247 0.003174
112248 0.003906
112249 0.003662
112250 0.002441
112251 0.003174
112252 0.001465
112253 0.003662
112254 0.003174
112255 0.002197
112256 0.003174
112257 0.002441
112258 0.003662
112259 0.003174
112260 0.002441
112261 0.004150
112262 0.004395
112263 0.004395
112264 0.003174
112265 0.005615
112266 0.005615
112267 0.003174
112268 0.003906
112269 0.003906
112270 0.003906
112271 0.003662
112272 0.003418
112273 0.003906
112274 0.002686
112275 0.004395
112276 0.004883
112277 0.004150
112278 0.004639
112279 0.003662
112280 0.001953
112281 0.004150
112282 0.003906
112283 0.003662
112284 0.003906
112285 0.002930
112286 0.005859
112287 0.004150
112288 0.004639
112289 0.004395
112290 0.003906
112291 0.003174
112292 0.004150
112293 0.004639
112294 0.003418
112295 0.005127
112296 0.004395
112297 0.005371
112298 0.004395
112299 0.004883
112300 0.005859
112301 0.004639
112302 0.003906
112303 0.004150
112304 0.003174
112305 0.003174
112306 0.003906
112307 0.004150
112308 0.004395
112309 0.002930
112310 0.004883
112311 0.002930
112312 0.002930
112313 0.004150
112314 0.004639
112315 0.004395
112316 0.004395
112317 0.004639
112318 0.003662
112319 0.003418
112320 0.004639
112321 0.004639
112322 0.004639
112323 0.005615
112324 0.003418
112325 0.004395
112326 0.003906
112327 0.005615
112328 0.002441
112329 0.004395
112330 0.003174
112331 0.003174
112332 0.004639
112333 0.004150
112334 0.004395
112335 0.003906
112336 0.003906
112337 0.004639
112338 0.004639
112339 0.003418
112340 0.002441
112341 0.004395
112342 0.003418
112343 0.002930
112344 0.004150
112345 0.003906
112346 0.004395
112347 0.002930
112348 0.004883
112349 0.003906
112350 0.004395
112351 0.005371
112352 0.005371
112353 0.003662
112354 0.004639
112355 0.003906
112356 0.004150
112357 0.003174
112358 0.003906
112359 0.003174
112360 0.003662
112361 0.004395
112362 0.005127
112363 0.002930
112364 0.003174
112365 0.004150
112366 0.002686
112367 0.002686
112368 0.004395
112369 0.004639
112370 0.002930
112371 0.003418
112372 0.004639
112373 0.003662
112374 0.003418
112375 0.003906
112376 0.003662
112377 0.003174
112378 0.004150
112379 0.004150
112380 0.004395
112381 0.004150
112382 0.004639
112383 0.002441
112384 0.004150
112385 0.003906
112386 0.004395
112387 0.003418
112388 0.002686
112389 0.004150
112390 0.002686
112391 0.003418
112392 0.003906
112393 0.002441
112394 0.003418
112395 0.003418
112396 0.004639
112397 0.003662
112398 0.003662
112399 0.003174
112400 0.003662
112401 0.003174
112402 0.003662
112403 0.005127
112404 0.004395
112405 0.004150
112406 0.003662
112407 0.003174
112408 0.004883
112409 0.005127
112410 0.002686
112411 0.004395
112412 0.002686
112413 0.003906
112414 0.002930
112415 0.004639
112416 0.004150
112417 0.003906
112418 0.004395
112419 0.003418
112420 0.003906
112421 0.002930
112422 0.003662
112423 0.003662
112424 0.002930
112425 0.004639
112426 0.003662
112427 0.003418
112428 0.003906
112429 0.003418
112430 0.004639
112431 0.003418
112432 0.003906
112433 0.004395
112434 0.004883
112435 0.002930
112436 0.003418
112437 0.003174
112438 0.002930
112439 0.004883
112440 0.002930
112441 0.003662
112442 0.004395
112443 0.003418
112444 0.004639
112445 0.003418
112446 0.003418
112447 0.003174
112448 0.002441
112449 0.004150
112450 0.002686
112451 0.002930
112452 0.003906
112453 0.002930
112454 0.002197
112455 0.004150
112456 0.002686
112457 0.003906
112458 0.003662
112459 0.004150
112460 0.002930
112461 0.004639
112462 0.002930
112463 0.002686
112464 0.002930
112465 0.003174
112466 0.001465
112467 0.002930
112468 0.002930
112469 0.002686
112470 0.002441
112471 0.002930
112472 0.003662
112473 0.003906
112474 0.002930
112475 0.003418
112476 0.004395
112477 0.003174
112478 0.002930
112479 0.002441
112480 0.002197
112481 0.002686
112482 0.001709
112483 0.002197
112484 0.003906
112485 0.003418
112486 0.001709
112487 0.002441
112488 0.003174
112489 0.001953
112490 0.003906
112491 0.002686
112492 0.003418
112493 0.002686
112494 0.001953
112495 0.002441
112496 0.003174
112497 0.001709
112498 0.001221
112499 0.003662
112500 0.002686
112501 0.002197
112502 0.001465
112503 0.002197
112504 0.003662
112505 0.001709
112506 0.000732
112507 0.001465
112508 0.002930
112509 0.002930
112510 0.001221
112511 0.001953
112512 0.002441
112513 0.001709
112514 0.002686
112515 0.001953
112516 0.002441
112517 0.001953
112518 0.001465
112519 0.001709
112520 0.002441
112521 0.001953
112522 0.003174
112523 0.001221
112524 0.000977
112525 0.001709
112526 0.000732
112527 0.001221
112528 0.003174
112529 0.001465
112530 0.001953
112531 0.001465
112532 0.001709
112533 0.001221
112534 0.000732
112535 0.000977
112536 0.001221
112537 0.001465
112538 0.002441
112539 0.001709
112540 0.000732
112541 0.000732
112542 0.001221
112543 0.000488
112544 0.001221
112545 0.001709
112546 0.000732
112547 0.000732
112548 0.000977
112549 0.001221
112550 0.002197
112551 0.000244
112552 0.001465
112553 0.000977
112554 0.001465
112555 0.001709
112556 0.000488
112557 0.001709
112558 0.000732
112559 0.000488
112560 0.000977
112561 0.000732
112562 0.000977
112563 0.000732
112564 0.000244
112565 0.001221
112566 0.000244
112568 0.000977
112569 0.000488
112570 0.000732
112571 0.000488
112572 0.000488
112573 0.000488
112574 0.000488
112576 0.000488
112577 0.000488
112578 0.000732
112579 0.000244
112580 0.000244
112581 0.000732
112582 0.000488
112584 0.000488
112586 0.000732
112589 0.000488
112592 0.000488
112594 0.000732
112597 0.000488
112602 0.000244
114688 0.000244
114689 0.004150
114690 0.002930
114691 0.000244
114692 0.000732
114693 0.001221
114694 0.000732
114695 0.000488
114696 0.002197
114697 0.000977
114698 0.001221
114699 0.002930
114700 0.001953
114701 0.004883
114702 0.002686
114703 0.000488
114704 0.000244
114705 0.000977
114706 0.001221
114707 0.001709
114708 0.001221
114709 0.000488
114710 0.001465
114711 0.000244
114712 0.001709
114713 0.001465
114714 0.002686
114715 0.000732
114716 0.000488
114717 0.003418
114718 0.003174
114719 0.001465
114720 0.000488
114721 0.001709
114722 0.000244
114723 0.001221
114724 0.000488
114725 0.001221
114726 0.000977
114727 0.000488
114728 0.001221
114729 0.000732
114730 0.002930
114731 0.000488
114732 0.000244
114733 0.000244
114734 0.001465
114735 0.002197
114736 0.000244
114737 0.003906
114738 0.004395
114739 0.000488
114740 0.001465
114741 0.002441
114742 0.000732
114743 0.000977
114744 0.000488
114745 0.000977
114746 0.000488
114747 0.001465
114748 0.000244
114749 0.002197
114750 0.002441
114751 0.002686
114752 0.000488
114753 0.003662
114754 0.001465
114755 0.002686
114756 0.000244
114757 0.001953
114758 0.001221
114759 0.001953
114760 0.001221
114761 0.002686
114762 0.000977
114763 0.002930
114764 0.004639
114765 0.000732
114766 0.002441
114767 0.003174
114768 0.001709
114769 0.001465
128616 0.005615
128617 0.004395
128618 0.005859
128619 0.004395
128620 0.003174
128621 0.003906
128622 0.002930
128623 0.002930
128624 0.001709
128625 0.001953
128626 0.003906
128627 0.001709
128628 0.003174
128629 0.001953
128630 0.004883
128631 0.003174
128632 0.002686
128633 0.003174
128634 0.002197
128635 0.001953
128636 0.002930
128637 0.003174
128638 0.002686
128639 0.003418
128640 0.003906
128641 0.004395
128642 0.004883
128643 0.002930
128644 0.002686
128645 0.005615
128646 0.003174
128647 0.002441
128648 0.004395
128649 0.004150
128650 0.003662
128651 0.003174
128652 0.003906
128653 0.003174
128654 0.003662
128655 0.002686
128656 0.001709
128657 0.004395
128658 0.003174
128659 0.002930
128660 0.004395
128661 0.002441
128662 0.004395
128663 0.003174
128664 0.004395
128665 0.004150
128666 0.003418
128667 0.003418
128668 0.003662
128669 0.002441
128670 0.005127
128671 0.003906
128672 0.003174
128673 0.003662
128674 0.004639
128675 0.003662
128676 0.003906
128677 0.004883
128678 0.004883
128679 0.003662
128680 0.005615
128681 0.003174
128682 0.003174
128683 0.003906
128684 0.002686
128685 0.004150
128686 0.002197
128687 0.003418
128688 0.003174
128689 0.004639
128690 0.004639
128691 0.004395
128692 0.005127
128693 0.003174
128694 0.002441
128695 0.005615
128696 0.003906
128697 0.003906
128698 0.003174
128699 0.004395
128700 0.004150
128701 0.003662
128702 0.005371
128703 0.003174
128704 0.003174
128705 0.005371
128706 0.005127
128707 0.004639
128708 0.003906
128709 0.004639
128710 0.003418
128711 0.003662
128712 0.003906
128713 0.003174
128714 0.004639
128715 0.003906
128716 0.004150
128717 0.002686
128718 0.002197
128719 0.003418
128720 0.003174
128721 0.003662
128722 0.003662
128723 0.005859
128724 0.004395
128725 0.004150
128726 0.003662
128727 0.004883
128728 0.005859
128729 0.004395
128730 0.003662
128731 0.003906
128732 0.004395
128733 0.002686
128734 0.003174
128735 0.005371
128736 0.003906
128737 0.003418
128738 0.004639
128739 0.002930
128740 0.003906
128741 0.004395
128742 0.002930
128743 0.003662
128744 0.003906
128745 0.004395
128746 0.005859
128747 0.002441
128748 0.004883
128749 0.004395
128750 0.002686
128751 0.002686
128752 0.002930
128753 0.004883
128754 0.004150
128755 0.003906
128756 0.005371
128757 0.002930
128758 0.003174
128759 0.004150
128760 0.003418
128761 0.003174
128762 0.004395
128763 0.003906
128764 0.003662
128765 0.004395
128766 0.004395
128767 0.003418
128768 0.004883
128769 0.003662
128770 0.002441
128771 0.004639
128772 0.004150
128773 0.004639
128774 0.004150
128775 0.005371
128776 0.004639
128777 0.002930
128778 0.004395
128779 0.004883
128780 0.003906
128781 0.005127
128782 0.002686
128783 0.004639
128784 0.003906
128785 0.004639
128786 0.003174
128787 0.003906
128788 0.004395
128789 0.004150
128790 0.003662
128791 0.004395
128792 0.003662
128793 0.002930
128794 0.002930
128795 0.003662
128796 0.003906
128797 0.003662
128798 0.002930
128799 0.002930
128800 0.004395
128801 0.002930
128802 0.004395
128803 0.004639
128804 0.003174
128805 0.004395
128806 0.003662
128807 0.004395
128808 0.004150
128809 0.003174
128810 0.003418
128811 0.002441
128812 0.002686
128813 0.003662
128814 0.002197
128815 0.003418
128816 0.003418
128817 0.003174
128818 0.002441
128819 0.001953
128820 0.003662
128821 0.003906
128822 0.003418
128823 0.005127
128824 0.004883
128825 0.003662
128826 0.002441
128827 0.004150
128828 0.004395
128829 0.003418
128830 0.003906
128831 0.003906
128832 0.004150
128833 0.004395
128834 0.002930
128835 0.003906
128836 0.003662
128837 0.003662
128838 0.003906
128839 0.002197
128840 0.003662
128841 0.002930
128842 0.003662
128843 0.002930
128844 0.003906
128845 0.003418
128846 0.003418
128847 0.003418
128848 0.003662
128849 0.002441
128850 0.002441
128851 0.003174
128852 0.002930
128853 0.001465
128854 0.003906
128855 0.003418
128856 0.003174
128857 0.001953
128858 0.002441
128859 0.002686
128860 0.001709
128861 0.001953
128862 0.002930
128863 0.002197
128864 0.002686
128865 0.002441
128866 0.001953
128867 0.003174
128868 0.001953
128869 0.001953
128870 0.003174
128871 0.003906
128872 0.002197
128873 0.001221
128874 0.003418
128875 0.003418
128876 0.003174
128877 0.001953
128878 0.002930
128879 0.001953
128880 0.002197
128881 0.002197
128882 0.002197
128883 0.001465
128884 0.002686
128885 0.001709
128886 0.001953
128887 0.001465
128888 0.003174
128889 0.001953
128890 0.002441
128891 0.002197
128892 0.001953
128893 0.001709
128894 0.002686
128895 0.002441
128896 0.002930
128897 0.001465
128898 0.002197
128899 0.002197
128900 0.001465
128901 0.001953
128902 0.002686
128903 0.001221
128904 0.001953
128905 0.000488
128906 0.001953
128907 0.001709
128908 0.001221
128909 0.000977
128910 0.001465
128911 0.001953
128912 0.002441
128913 0.000732
128914 0.002441
128915 0.001709
128916 0.001221
128917 0.000488
128918 0.002686
128919 0.001465
128920 0.001953
128921 0.000244
128922 0.001465
128923 0.001221
128924 0.001465
128925 0.000732
128926 0.002197
128927 0.000977
128928 0.001709
128929 0.000488
128930 0.000977
128931 0.001221
128932 0.000977
128933 0.000977
128934 0.001465
128935 0.000977
128936 0.001465
128937 0.000244
128938 0.001709
128940 0.000732
128941 0.000488
128942 0.000488
128944 0.001221
128945 0.000488
128946 0.000244
128947 0.000977
128949 0.000977
128950 0.000732
128952 0.001221
128953 0.000488
128954 0.001221
128955 0.000732
128958 0.000732
128960 0.000732
128962 0.001465
128963 0.000244
128965 0.000488
128966 0.000488
128968 0.000977
128970 0.001465
128973 0.000244
128974 0.000488
128976 0.000732
128984 0.000488
128992 0.000488
129000 0.000244
129016 0.000732
