0 403323.384690
384 403323.384690
536 403323.384690
920 403323.384690
304 403323.384690
688 403323.384690
768 403323.384690
152 403323.384690
1 12978.433737
769 12454.370301
153 12454.370301
537 12454.370301
305 12137.248000
689 12137.248000
385 12137.248000
921 12137.248000
386 6473.195791
770 6473.195791
154 6473.195791
538 6473.195791
922 6473.195791
306 6409.886609
690 6197.741419
2 6340.132915
3 4340.469934
387 4340.469934
771 4340.469934
155 4340.469934
539 4340.469934
923 4340.469934
691 4301.302822
307 4301.302822
772 3260.751186
156 3260.751186
540 3260.751186
308 3242.603136
692 3242.603136
4 3242.603136
924 3220.692823
388 3201.030476
