0.000000	0	0	16	0
0.003814	0	32	88	0
0.024794	0	128	80	0
0.043866	0	216	24	0
0.049587	0	248	88	0
0.070566	0	344	24	0
0.076288	0	368	32	0
0.083917	0	408	24	0
0.089638	0	440	24	0
0.095360	0	472	24	0
0.101082	0	504	48	0
0.112525	0	568	24	0
0.118246	0	600	16	0
0.122061	0	632	16	0
0.125875	0	664	24	0
0.131597	0	696	24	0
0.137318	0	728	48	0
0.148762	0	792	64	0
0.164019	0	856	24	0
0.169741	0	888	128	0
0.200256	0	1016	24	0
0.205978	0	1048	24	0
0.211699	0	1080	48	0
0.223142	0	1144	40	0
0.232678	0	1184	48	0
0.244122	0	1240	24	0
0.249843	0	1272	24	0
0.255565	0	1304	24	0
0.261286	0	1336	128	0
0.291802	0	1464	16	0
0.295616	0	1496	24	0
0.301338	0	1528	16	0
0.305152	0	1560	120	0
0.333760	0	1688	24	0
0.339482	0	1720	56	0
0.352832	0	1784	24	0
0.358554	0	1816	16	0
0.362368	0	1848	24	0
0.368090	0	1880	24	0
0.373811	0	1912	128	0
0.404326	0	2040	48	0
0.415770	0	2104	24	0
0.421491	0	2136	88	0
0.442470	0	2232	24	0
0.448192	0	2264	56	0
0.461542	0	2328	24	0
0.467264	0	2360	24	0
0.472986	0	2392	24	0
0.478707	0	2424	24	0
0.484429	0	2456	16	0
0.488243	0	2488	24	0
0.493965	0	2520	16	0
0.497779	0	2552	24	0
0.503501	0	2584	56	0
0.516851	0	2648	24	0
0.522573	0	2680	16	0
0.526387	0	2696	40	0
0.535923	0	2744	24	0
0.541645	0	2776	56	0
0.554995	0	2840	56	0
0.568346	0	2904	24	0
0.574067	0	2936	16	0
0.577882	0	2968	16	0
0.581696	0	3000	16	0
0.585510	0	3032	88	0
0.606490	0	3128	24	0
0.612211	0	3160	8	0
0.614118	0	3168	16	0
0.617933	0	3192	24	0
0.623654	0	3224	16	0
0.627469	0	3256	24	0
0.633190	0	3288	16	0
0.637005	0	3320	24	0
0.642726	0	3352	24	0
0.648448	0	3384	16	0
0.652262	0	3416	48	0
0.663706	0	3480	16	0
0.667520	0	3496	8	0
0.669427	0	3512	48	0
0.680870	0	3576	24	0
0.686592	0	3608	24	0
0.692314	0	3640	24	0
0.698035	0	3672	24	0
0.703757	0	3704	24	0
0.709478	0	3736	24	0
0.715200	0	3768	24	0
0.720922	0	3800	16	0
0.724736	0	3832	128	0
0.755251	0	3960	16	0
0.759066	0	3984	8	0
0.760973	0	3992	16	0
0.764787	0	4016	24	0
0.770509	0	4048	24	0
0.776230	0	4080	112	0
0.802931	0	4208	88	0
0.823910	0	4304	56	0
0.837261	0	4368	24	0
0.842982	0	4400	72	0
0.860147	0	4488	16	0
0.863962	0	4520	24	0
0.869683	0	4552	56	0
0.883034	0	4616	120	0
0.911642	0	4744	56	0
0.924992	0	4808	24	0
0.930714	0	4840	24	0
0.936435	0	4872	48	0
0.947878	0	4928	56	0
0.961229	0	4992	24	0
0.966950	0	5024	88	0
0.987930	0	5120	56	0
1.001280	0	5184	24	0
1.007002	0	5216	16	0
1.010816	0	5248	24	0
1.016538	0	5280	24	0
1.022259	0	5312	24	0
1.027981	0	5344	24	0
1.033702	0	5376	24	0
1.039424	0	5400	96	0
1.062310	0	5504	16	0
1.066125	0	5536	56	0
1.079475	0	5600	24	0
1.085197	0	5632	16	0
1.089011	0	5664	56	0
1.102362	0	5728	56	0
1.115712	0	5792	24	0
1.121434	0	5824	16	0
1.125248	0	5856	24	0
1.130970	0	5888	56	0
1.144320	0	5952	48	0
1.155763	0	6016	16	0
1.159578	0	6048	24	0
1.165299	0	6080	24	0
1.171021	0	6112	48	0
1.182464	0	6176	24	0
1.188186	0	6208	56	0
1.201536	0	6272	16	0
1.205350	0	6304	24	0
1.211072	0	6336	16	0
1.214886	0	6368	24	0
1.220608	0	6400	56	0
1.233958	0	6464	16	0
1.237773	0	6496	16	0
1.241587	0	6528	40	0
1.251123	0	6568	16	0
1.254938	0	6592	16	0
1.258752	0	6624	48	0
1.270195	0	6680	24	0
1.275917	0	6712	24	0
1.281638	0	6744	56	0
1.294989	0	6808	24	0
1.300710	0	6840	24	0
1.306432	0	6872	80	0
1.325504	0	6968	24	0
1.331226	0	7000	48	0
1.342669	0	7064	88	0
1.363648	0	7160	24	0
1.369370	0	7192	16	0
1.373184	0	7224	16	0
1.376998	0	7256	24	0
1.382720	0	7288	24	0
1.388442	0	7320	16	0
1.392256	0	7352	56	0
1.405606	0	7416	112	0
1.432307	0	7544	104	0
1.457101	0	7664	16	0
1.460915	0	7696	24	0
1.466637	0	7728	56	0
1.479987	0	7792	24	0
1.485709	0	7824	40	0
1.495245	0	7880	16	0
1.499059	0	7912	128	0
1.529574	0	8040	24	0
1.535296	0	8072	40	0
1.544832	0	8112	48	0
1.556275	0	8168	16	0
1.560090	0	8200	48	0
1.571533	0	8256	24	0
1.577254	0	8288	24	0
1.582976	0	8320	16	0
1.586790	0	8352	16	0
1.590605	0	8384	24	0
1.596326	0	8416	16	0
1.600141	0	8448	24	0
1.605862	0	8480	32	0
1.613491	0	8512	16	0
1.617306	0	8544	24	0
1.623027	0	8576	24	0
1.628749	0	8608	16	0
1.632563	0	8640	24	0
1.638285	0	8672	24	0
1.644006	0	8704	56	0
1.657357	0	8768	24	0
1.663078	0	8800	48	0
1.674522	0	8864	24	0
1.680243	0	8896	24	0
1.685965	0	8928	96	0
1.708851	0	9024	24	0
1.714573	0	9056	16	0
1.718387	0	9088	48	0
1.729830	0	9144	40	0
1.739366	0	9200	120	0
1.767974	0	9328	16	0
1.771789	0	9360	48	0
1.783232	0	9424	24	0
1.788954	0	9456	24	0
1.794675	0	9488	80	0
1.813747	0	9584	24	0
1.819469	0	9616	80	0
1.838541	0	9704	24	0
1.844262	0	9736	16	0
1.848077	0	9760	24	0
1.853798	0	9792	64	0
1.869056	0	9856	24	0
1.874778	0	9888	16	0
1.878592	0	9920	24	0
1.884314	0	9952	88	0
1.905293	0	10048	48	0
1.916736	0	10112	16	0
1.920550	0	10144	56	0
1.933901	0	10208	80	0
1.952973	0	10304	24	0
1.958694	0	10336	24	0
1.964416	0	10368	88	0
1.985395	0	10464	48	0
1.996838	0	10528	24	0
2.002560	0	10560	24	0
2.008282	0	10592	40	0
2.017818	0	10648	24	0
2.023539	0	10680	16	0
2.027354	0	10712	24	0
2.033075	0	10744	88	0
2.054054	0	10840	96	0
2.076941	0	10936	24	0
2.082662	0	10968	48	0
2.094106	0	11024	80	0
2.113178	0	11112	48	0
2.124621	0	11176	24	0
2.130342	0	11208	16	0
2.134157	0	11232	48	0
2.145600	0	11296	24	0
2.151322	0	11328	128	0
2.181837	0	11456	48	0
2.193280	0	11512	16	0
2.197094	0	11544	24	0
2.202816	0	11576	16	0
2.206630	0	11608	56	0
2.219981	0	11672	56	0
2.233331	0	11736	16	0
2.237146	0	11768	16	0
2.240960	0	11800	16	0
2.244774	0	11832	16	0
2.248589	0	11864	24	0
2.254310	0	11896	24	0
2.260032	0	11928	24	0
2.265754	0	11960	56	0
2.279104	0	12024	24	0
2.284826	0	12056	24	0
2.290547	0	12088	56	0
2.303898	0	12152	88	0
2.324877	0	12248	24	0
2.330598	0	12280	56	0
2.343949	0	12344	48	0
2.355392	0	12408	120	0
2.384000	0	12536	24	0
2.389722	0	12568	24	0
2.395443	0	12600	24	0
2.401165	0	12632	48	0
2.412608	0	12696	24	0
2.418330	0	12728	24	0
2.424051	0	12760	24	0
2.429773	0	12792	16	0
2.433587	0	12824	56	0
2.446938	0	12888	24	0
2.452659	0	12920	24	0
2.458381	0	12952	24	0
2.464102	0	12984	88	0
2.485082	0	13080	24	0
2.490803	0	13112	48	0
2.502246	0	13176	16	0
2.506061	0	13208	24	0
2.511782	0	13240	16	0
2.515597	0	13272	16	0
2.519411	0	13304	24	0
2.525133	0	13336	112	0
2.551834	0	13464	16	0
2.555648	0	13496	120	0
2.584256	0	13624	56	0
2.597606	0	13688	24	0
2.603328	0	13720	24	0
2.609050	0	13752	24	0
2.614771	0	13784	16	0
2.618586	0	13816	112	0
2.645286	0	13944	24	0
2.651008	0	13968	64	0
2.666266	0	14040	24	0
2.671987	0	14072	16	0
2.675802	0	14104	88	0
2.696781	0	14200	56	0
2.710131	0	14264	24	0
2.715853	0	14296	16	0
2.719667	0	14328	24	0
2.725389	0	14360	24	0
2.731110	0	14392	56	0
2.744461	0	14456	120	0
2.773069	0	14584	56	0
2.786419	0	14648	16	0
2.790234	0	14680	16	0
2.794048	0	14712	16	0
2.797862	0	14744	16	0
2.801677	0	14776	24	0
2.807398	0	14808	16	0
2.811213	0	14840	48	0
2.822656	0	14904	16	0
2.826470	0	14936	16	0
2.830285	0	14968	8	0
2.832192	0	14976	80	0
2.851264	0	15064	56	0
2.864614	0	15128	16	0
2.868429	0	15160	56	0
2.881779	0	15224	88	0
2.902758	0	15320	24	0
2.908480	0	15352	56	0
2.921830	0	15416	48	0
2.933274	0	15480	24	0
2.938995	0	15512	16	0
2.942810	0	15544	24	0
2.948531	0	15576	128	0
2.979046	0	15704	24	0
2.984768	0	15736	24	0
2.990490	0	15768	24	0
2.996211	0	15800	88	0
3.017190	0	15896	24	0
3.022912	0	15928	48	0
3.034355	0	15984	16	0
3.038170	0	16016	80	0
3.057242	0	16112	16	0
3.061056	0	16144	24	0
3.066778	0	16176	24	0
3.072499	0	16208	24	0
3.078221	0	16240	24	0
3.083942	0	16272	16	0
3.087757	0	16304	24	0
3.093478	0	16336	48	0
3.104922	0	16400	24	0
3.110643	0	16432	56	0
3.123994	0	16496	24	0
3.129715	0	16528	16	0
3.133530	0	16560	104	0
3.158323	0	16680	24	0
3.164045	0	16712	24	0
3.169766	0	16744	48	0
3.181210	0	16808	24	0
3.186931	0	16840	24	0
3.192653	0	16872	48	0
3.204096	0	16936	24	0
3.209818	0	16968	16	0
3.213632	0	17000	48	0
3.225075	0	17064	112	0
3.251776	0	17192	16	0
3.255590	0	17224	24	0
3.261312	0	17256	24	0
3.267034	0	17288	56	0
3.280384	0	17352	88	0
3.301363	0	17448	24	0
3.307085	0	17480	128	0
3.337600	0	17608	16	0
3.341414	0	17640	88	0
3.362394	0	17736	16	0
3.366208	0	17768	56	0
3.379558	0	17832	88	0
3.400538	0	17928	48	0
3.411981	0	17992	24	0
3.417702	0	18024	56	0
3.431053	0	18088	24	0
3.436774	0	18120	88	0
3.457754	0	18216	48	0
3.469197	0	18280	24	0
3.474918	0	18312	24	0
3.480640	0	18344	16	0
3.484454	0	18376	48	0
3.495898	0	18440	24	0
3.501619	0	18472	24	0
3.507341	0	18504	48	0
3.518784	0	18568	24	0
3.524506	0	18600	24	0
3.530227	0	18632	56	0
3.543578	0	18696	56	0
3.556928	0	18760	48	0
3.568371	0	18824	48	0
3.579814	0	18872	24	0
3.585536	0	18912	16	0
3.589350	0	18944	128	0
3.619866	0	19072	128	0
3.650381	0	19200	128	0
3.680896	0	19344	24	0
3.686618	0	19376	80	0
3.705690	0	19472	88	0
3.726669	0	19568	128	0
3.757184	0	19696	56	0
3.770534	0	19760	88	0
3.791514	0	19856	16	0
3.795328	0	19888	16	0
3.799142	0	19920	56	0
3.812493	0	19984	24	0
3.818214	0	20016	56	0
3.831565	0	20080	16	0
3.835379	0	20112	24	0
3.841101	0	20144	16	0
3.844915	0	20176	88	0
3.865894	0	20272	24	0
3.871616	0	20304	24	0
3.877338	0	20336	24	0
3.883059	0	20368	16	0
3.886874	0	20400	16	0
3.890688	0	20432	88	0
3.911667	0	20528	88	0
3.932646	0	20624	24	0
3.938368	0	20656	16	0
3.942182	0	20688	24	0
3.947904	0	20720	16	0
3.951718	0	20752	16	0
3.955533	0	20768	32	0
3.963162	0	20816	16	0
3.966976	0	20848	24	0
3.972698	0	20880	24	0
3.978419	0	20912	24	0
3.984141	0	20944	16	0
3.987955	0	20976	56	0
4.001306	0	21040	16	0
4.005120	0	21072	24	0
4.010842	0	21104	24	0
4.016563	0	21136	24	0
4.022285	0	21168	24	0
4.028006	0	21200	112	0
4.054707	0	21320	56	0
4.068058	0	21384	24	0
4.073779	0	21416	24	0
4.079501	0	21448	16	0
4.083315	0	21480	48	0
4.094758	0	21544	24	0
4.100480	0	21576	24	0
4.106202	0	21608	16	0
4.110016	0	21640	56	0
4.123366	0	21704	24	0
4.129088	0	21736	16	0
4.132902	0	21768	88	0
4.153882	0	21864	24	0
4.159603	0	21896	16	0
4.163418	0	21928	16	0
4.167232	0	21960	16	0
4.171046	0	21992	24	0
4.176768	0	22024	16	0
4.180582	0	22056	16	0
4.184397	0	22088	16	0
4.188211	0	22120	24	0
4.193933	0	22152	56	0
4.207283	0	22216	24	0
4.213005	0	22248	16	0
4.216819	0	22280	16	0
4.220634	0	22312	16	0
4.224448	0	22344	24	0
4.230170	0	22376	24	0
4.235891	0	22408	88	0
4.256870	0	22504	24	0
4.262592	0	22536	16	0
4.266406	0	22568	120	0
4.295014	0	22696	16	0
4.298829	0	22728	80	0
4.317901	0	22824	128	0
4.348416	0	22952	16	0
4.352230	0	22984	16	0
4.356045	0	23016	24	0
4.361766	0	23048	16	0
4.365581	0	23080	24	0
4.371302	0	23112	56	0
4.384653	0	23176	80	0
4.403725	0	23272	16	0
4.407539	0	23304	80	0
4.426611	0	23400	24	0
4.432333	0	23432	24	0
4.438054	0	23464	24	0
4.443776	0	23496	40	0
4.453312	0	23544	56	0
4.466662	0	23608	128	0
4.497178	0	23736	24	0
4.502899	0	23768	48	0
4.514342	0	23832	56	0
4.527693	0	23896	16	0
4.531507	0	23928	24	0
4.537229	0	23960	24	0
4.542950	0	23992	24	0
4.548672	0	24024	56	0
4.562022	0	24088	24	0
4.567744	0	24120	16	0
4.571558	0	24152	120	0
4.600166	0	24280	80	0
4.619238	0	24376	24	0
4.624960	0	24408	56	0
4.638310	0	24472	16	0
4.642125	0	24504	24	0
4.647846	0	24536	48	0
4.659290	0	24592	56	0
4.672640	0	24656	56	0
4.685990	0	24720	48	0
4.697434	0	24784	24	0
4.703155	0	24816	56	0
4.716506	0	24880	48	0
4.727949	0	24944	24	0
4.733670	0	24976	24	0
4.739392	0	25008	24	0
4.745114	0	25040	16	0
4.748928	0	25072	16	0
4.752742	0	25104	24	0
4.758464	0	25136	16	0
4.762278	0	25168	24	0
4.768000	0	25200	24	0
4.773722	0	25232	48	0
4.785165	0	25296	24	0
4.790886	0	25328	120	0
4.819494	0	25456	24	0
4.825216	0	25488	16	0
4.829030	0	25520	16	0
4.832845	0	25552	16	0
4.836659	0	25584	128	0
4.867174	0	25712	56	0
4.880525	0	25776	24	0
4.886246	0	25808	24	0
4.891968	0	25840	56	0
4.905318	0	25904	56	0
4.918669	0	25968	88	0
4.939648	0	26064	72	0
4.956813	0	26152	16	0
4.960627	0	26184	24	0
4.966349	0	26216	24	0
4.972070	0	26248	16	0
4.975885	0	26280	24	0
4.981606	0	26312	56	0
4.994957	0	26376	24	0
5.000678	0	26408	16	0
5.004493	0	26440	24	0
5.010214	0	26472	24	0
5.015936	0	26504	24	0
5.021658	0	26536	56	0
5.035008	0	26600	56	0
5.048358	0	26664	16	0
5.052173	0	26696	16	0
5.055987	0	26728	24	0
5.061709	0	26760	112	0
5.088410	0	26888	24	0
5.094131	0	26920	48	0
5.105574	0	26976	24	0
5.111296	0	27008	16	0
5.115110	0	27032	24	0
5.120832	0	27064	24	0
5.126554	0	27096	48	0
5.137997	0	27160	48	0
5.149440	0	27224	16	0
5.153254	0	27256	56	0
5.166605	0	27320	16	0
5.170419	0	27352	16	0
5.174234	0	27384	24	0
5.179955	0	27416	56	0
5.193306	0	27480	48	0
5.204749	0	27544	24	0
5.210470	0	27576	56	0
5.223821	0	27640	48	0
5.235264	0	27704	88	0
5.256243	0	27800	16	0
5.260058	0	27832	48	0
5.271501	0	27896	16	0
5.275315	0	27928	112	0
5.302016	0	28056	24	0
5.307738	0	28088	24	0
5.313459	0	28120	16	0
5.317274	0	28152	16	0
5.321088	0	28184	24	0
5.326810	0	28216	16	0
5.330624	0	28248	96	0
5.353510	0	28360	16	0
5.357325	0	28392	72	0
5.374490	0	28480	48	0
5.385933	0	28544	16	0
5.389747	0	28576	16	0
5.393562	0	28608	48	0
5.405005	0	28672	80	0
5.424077	0	28768	24	0
5.429798	0	28800	112	0
5.456499	0	28928	16	0
5.460314	0	28952	16	0
5.464128	0	28976	24	0
5.469850	0	29008	56	0
5.483200	0	29072	24	0
5.488922	0	29104	24	0
5.494643	0	29136	48	0
5.506086	0	29200	16	0
5.509901	0	29232	24	0
5.515622	0	29264	24	0
5.521344	0	29296	16	0
5.525158	0	29328	88	0
5.546138	0	29424	16	0
5.549952	0	29456	16	0
5.553766	0	29488	16	0
5.557581	0	29520	16	0
5.561395	0	29552	24	0
5.567117	0	29584	120	0
5.595725	0	29712	24	0
5.601446	0	29744	16	0
5.605261	0	29776	24	0
5.610982	0	29808	120	0
5.639590	0	29936	16	0
5.643405	0	29968	56	0
5.656755	0	30032	48	0
5.668198	0	30096	56	0
5.681549	0	30160	16	0
5.685363	0	30192	24	0
5.691085	0	30224	56	0
5.704435	0	30288	24	0
5.710157	0	30320	24	0
5.715878	0	30352	24	0
5.721600	0	30384	24	0
5.727322	0	30416	24	0
5.733043	0	30448	56	0
5.746394	0	30512	24	0
5.752115	0	30544	24	0
5.757837	0	30576	24	0
5.763558	0	30608	24	0
5.769280	0	30640	24	0
5.775002	0	30672	16	0
5.778816	0	30704	24	0
5.784538	0	30736	120	0
5.813146	0	30864	16	0
5.816960	0	30896	112	0
5.843661	0	31024	24	0
5.849382	0	31056	24	0
5.855104	0	31088	16	0
5.858918	0	31120	24	0
5.864640	0	31152	24	0
5.870362	0	31184	24	0
5.876083	0	31216	80	0
5.895155	0	31312	24	0
5.900877	0	31344	56	0
5.914227	0	31408	56	0
5.927578	0	31472	16	0
5.931392	0	31504	24	0
5.937114	0	31536	16	0
5.940928	0	31568	24	0
5.946650	0	31600	24	0
5.952371	0	31632	24	0
5.958093	0	31664	24	0
5.963814	0	31696	48	0
5.975258	0	31760	24	0
5.980979	0	31792	16	0
5.984794	0	31824	24	0
5.990515	0	31856	80	0
6.009587	0	31952	16	0
6.013402	0	31984	24	0
6.019123	0	32016	56	0
6.032474	0	32080	16	0
6.036288	0	32112	24	0
6.042010	0	32144	16	0
6.045824	0	32176	16	0
6.049638	0	32208	24	0
6.055360	0	32240	24	0
6.061082	0	32272	72	0
6.078246	0	32360	48	0
6.089690	0	32424	24	0
6.095411	0	32456	80	0
6.114483	0	32544	16	0
6.118298	0	32576	24	0
6.124019	0	32608	48	0
6.135462	0	32672	24	0
6.141184	0	32704	16	0
6.144998	0	32736	24	0
6.150720	0	32768	24	0
6.156442	0	32800	24	0
6.162163	0	32832	128	0
6.192678	0	32960	48	0
6.204122	0	33016	24	0
6.209843	0	33048	56	0
6.223194	0	33112	24	0
6.228915	0	33144	24	0
6.234637	0	33176	24	0
6.240358	0	33208	24	0
6.246080	0	33240	16	0
6.249894	0	33272	88	0
6.270874	0	33368	24	0
6.276595	0	33400	24	0
6.282317	0	33432	16	0
6.286131	0	33464	24	0
6.291853	0	33496	24	0
6.297574	0	33528	16	0
6.301389	0	33560	56	0
6.314739	0	33624	24	0
6.320461	0	33656	24	0
6.326182	0	33688	24	0
6.331904	0	33720	24	0
6.337626	0	33752	16	0
6.341440	0	33784	16	0
6.345254	0	33816	16	0
6.349069	0	33848	24	0
6.354790	0	33880	16	0
6.358605	0	33912	24	0
6.364326	0	33944	16	0
6.368141	0	33976	56	0
6.381491	0	34040	24	0
6.387213	0	34072	24	0
6.392934	0	34104	24	0
6.398656	0	34136	16	0
6.402470	0	34168	24	0
6.408192	0	34200	16	0
6.412006	0	34224	24	0
6.417728	0	34256	24	0
6.423450	0	34288	24	0
6.429171	0	34320	88	0
6.450150	0	34416	48	0
6.461594	0	34472	16	0
6.465408	0	34504	16	0
6.469222	0	34536	16	0
6.473037	0	34568	16	0
6.476851	0	34600	24	0
6.482573	0	34632	48	0
6.494016	0	34696	24	0
6.499738	0	34728	56	0
6.513088	0	34792	56	0
6.526438	0	34856	120	0
6.555046	0	34984	16	0
6.558861	0	35016	56	0
6.572211	0	35080	16	0
6.576026	0	35112	24	0
6.581747	0	35144	24	0
6.587469	0	35176	24	0
6.593190	0	35208	48	0
6.604634	0	35264	56	0
6.617984	0	35328	16	0
6.621798	0	35360	24	0
6.627520	0	35392	24	0
6.633242	0	35424	16	0
6.637056	0	35456	24	0
6.642778	0	35488	56	0
6.656128	0	35552	24	0
6.661850	0	35584	24	0
6.667571	0	35616	80	0
6.686643	0	35704	24	0
6.692365	0	35728	56	0
6.705715	0	35800	16	0
6.709530	0	35832	48	0
6.720973	0	35888	112	0
6.747674	0	36016	16	0
6.751488	0	36048	56	0
6.764838	0	36112	24	0
6.770560	0	36144	16	0
6.774374	0	36176	88	0
6.795354	0	36272	48	0
6.806797	0	36336	56	0
6.820147	0	36400	48	0
6.831590	0	36464	16	0
6.835405	0	36496	80	0
6.854477	0	36592	24	0
6.860198	0	36624	16	0
6.864013	0	36656	48	0
6.875456	0	36704	8	0
6.877363	0	36720	56	0
6.890714	0	36784	16	0
6.894528	0	36808	24	0
6.900250	0	36840	24	0
6.905971	0	36872	24	0
6.911693	0	36904	56	0
6.925043	0	36968	24	0
6.930765	0	37000	16	0
6.934579	0	37032	24	0
6.940301	0	37064	24	0
6.946022	0	37096	16	0
6.949837	0	37128	16	0
6.953651	0	37160	24	0
6.959373	0	37192	24	0
6.965094	0	37224	24	0
6.970816	0	37256	40	0
6.980352	0	37312	24	0
6.986074	0	37344	56	0
6.999424	0	37408	112	0
7.026125	0	37536	16	0
7.029939	0	37568	56	0
7.043290	0	37632	56	0
7.056640	0	37696	56	0
7.069990	0	37760	16	0
7.073805	0	37792	24	0
7.079526	0	37824	88	0
7.100506	0	37920	24	0
7.106227	0	37952	24	0
7.111949	0	37984	80	0
7.131021	0	38080	128	0
7.161536	0	38208	24	0
7.167258	0	38240	24	0
7.172979	0	38272	40	0
7.182515	0	38328	24	0
7.188237	0	38360	24	0
7.193958	0	38392	24	0
7.199680	0	38424	24	0
7.205402	0	38456	24	0
7.211123	0	38488	24	0
7.216845	0	38520	16	0
7.220659	0	38552	24	0
7.226381	0	38584	56	0
7.239731	0	38648	48	0
7.251174	0	38712	24	0
7.256896	0	38744	56	0
7.270246	0	38808	56	0
7.283597	0	38872	48	0
7.295040	0	38936	24	0
7.300762	0	38968	24	0
7.306483	0	39000	24	0
7.312205	0	39032	16	0
7.316019	0	39064	16	0
7.319834	0	39096	24	0
7.325555	0	39128	24	0
7.331277	0	39160	16	0
7.335091	0	39192	48	0
7.346534	0	39248	56	0
7.359885	0	39312	24	0
7.365606	0	39344	24	0
7.371328	0	39376	56	0
7.384678	0	39440	48	0
7.396122	0	39504	80	0
7.415194	0	39600	24	0
7.420915	0	39632	16	0
7.424730	0	39664	24	0
7.430451	0	39696	24	0
7.436173	0	39728	16	0
7.439987	0	39760	24	0
7.445709	0	39792	24	0
7.451430	0	39824	16	0
7.455245	0	39856	88	0
7.476224	0	39952	16	0
7.480038	0	39984	24	0
7.485760	0	40016	24	0
7.491482	0	40048	48	0
7.502925	0	40112	24	0
7.508646	0	40144	24	0
7.514368	0	40176	80	0
7.533440	0	40264	16	0
7.537254	0	40296	24	0
7.542976	0	40328	16	0
7.546790	0	40360	128	0
7.577306	0	40488	48	0
7.588749	0	40544	32	0
7.596378	0	40576	24	0
7.602099	0	40608	16	0
7.605914	0	40640	24	0
7.611635	0	40672	24	0
7.617357	0	40704	24	0
7.623078	0	40736	56	0
17.415629	0	40800	24	0
17.421350	0	40832	56	0
17.434701	0	40888	32	0
17.442330	0	40928	24	0
17.448051	0	40960	24	0
17.453773	0	40992	16	0
17.457587	0	41016	56	0
32.139738	0	41080	24	0
32.145459	0	41112	16	0
32.149274	0	41144	24	0
32.154995	0	41176	24	0
32.160717	0	41208	24	0
32.166438	0	41240	48	0
32.177882	0	41288	8	0
32.179789	0	41304	56	0
32.193139	0	41368	16	0
32.196954	0	41400	56	0
32.210304	0	41464	88	0
38.648883	0	41560	56	0
38.662234	0	41624	40	0
38.671770	0	41664	48	0
38.683213	0	41720	48	0
51.529856	0	41784	24	0
51.535578	0	41816	24	0
51.541299	0	41848	24	0
51.547021	0	41880	24	0
51.552742	0	41912	56	0
51.566093	0	41976	16	0
51.569907	0	42008	24	0
51.575629	0	42040	24	0
51.581350	0	42072	24	0
51.587072	0	42104	24	0
51.592794	0	42136	24	0
51.598515	0	42168	24	0
63.828237	0	42200	24	0
63.833958	0	42232	16	0
63.837773	0	42264	128	0
63.868288	0	42392	40	0
63.877824	0	42448	56	0
63.891174	0	42512	48	0
63.902618	0	42568	24	0
81.633139	0	42600	16	0
81.636954	0	42632	16	0
81.640768	0	42664	24	0
81.646490	0	42696	88	0
81.667469	0	42792	16	0
81.671283	0	42824	16	0
81.675098	0	42856	24	0
81.680819	0	42888	16	0
81.684634	0	42920	16	0
81.688448	0	42952	56	0
81.701798	0	43016	56	0
81.715149	0	43080	16	0
81.718963	0	43112	24	0
81.724685	0	43144	24	0
81.730406	0	43176	56	0
96.106957	0	43240	16	0
96.110771	0	43272	24	0
96.116493	0	43304	16	0
96.120307	0	43336	48	0
96.131750	0	43400	24	0
96.137472	0	43432	24	0
96.143194	0	43464	48	0
96.154637	0	43528	48	0
96.166080	0	43592	24	0
96.171802	0	43624	24	0
96.177523	0	43656	48	0
96.188966	0	43720	24	0
111.169088	0	43752	88	0
111.190067	0	43848	16	0
111.193882	0	43880	56	0
111.207232	0	43944	56	0
111.220582	0	44008	24	0
111.226304	0	44040	24	0
111.232026	0	44072	56	0
111.245376	0	44136	112	0
122.884877	0	44256	16	0
122.888691	0	44288	24	0
122.894413	0	44320	24	0
122.900134	0	44352	24	0
122.905856	0	44384	120	0
122.934464	0	44512	24	0
122.940186	0	44544	24	0
135.994307	0	44576	56	0
136.007658	0	44640	24	0
136.013379	0	44672	16	0
136.017194	0	44704	16	0
136.021008	0	44736	16	0
136.024822	0	44768	16	0
136.028637	0	44800	56	0
136.041987	0	44864	24	0
136.047709	0	44896	48	0
136.059152	0	44960	56	0
136.072502	0	45024	16	0
151.050717	0	45056	24	0
151.056438	0	45088	16	0
151.060253	0	45120	24	0
151.065974	0	45152	24	0
151.071696	0	45184	16	0
151.075510	0	45216	24	0
151.081232	0	45248	24	0
151.086954	0	45280	56	0
151.100304	0	45344	24	0
151.106026	0	45376	16	0
151.109840	0	45408	80	0
151.128912	0	45504	56	0
168.255862	0	45568	24	0
168.261584	0	45600	16	0
168.265398	0	45632	24	0
168.271120	0	45664	48	0
168.282563	0	45728	48	0
168.294006	0	45784	24	0
168.299728	0	45816	24	0
168.305450	0	45848	16	0
168.309264	0	45872	56	0
168.322614	0	45936	16	0
168.326429	0	45968	48	0
168.337872	0	46032	128	0
184.565187	0	46160	48	0
184.576630	0	46224	56	0
184.589981	0	46288	56	0
184.603331	0	46352	24	0
184.609053	0	46384	24	0
184.614774	0	46416	48	0
184.626218	0	46472	24	0
184.631939	0	46504	48	0
184.643382	0	46568	24	0
184.649104	0	46600	56	0
199.636854	0	46664	24	0
199.642576	0	46696	24	0
199.648298	0	46728	24	0
199.654019	0	46760	56	0
199.667370	0	46824	16	0
199.671184	0	46856	24	0
199.676906	0	46888	24	0
199.682627	0	46920	56	0
199.695978	0	46984	24	0
199.701699	0	47016	16	0
199.705514	0	47048	48	0
199.716957	0	47112	16	0
199.720771	0	47144	16	0
199.724586	0	47160	32	0
215.836614	0	47208	24	0
215.842336	0	47240	24	0
215.848058	0	47272	128	0
215.878573	0	47400	24	0
215.884294	0	47432	24	0
215.890016	0	47464	48	0
215.901459	0	47528	128	0
233.962374	0	47656	8	0
233.964282	0	47680	112	0
233.990982	0	47800	16	0
233.994797	0	47832	24	0
234.000518	0	47864	16	0
234.004333	0	47896	16	0
234.008147	0	47928	24	0
234.013869	0	47960	16	0
234.017683	0	47992	48	0
234.029126	0	48056	24	0
234.034848	0	48088	56	0
234.048198	0	48152	24	0
234.053920	0	48184	16	0
234.057734	0	48216	24	0
234.063456	0	48248	24	0
234.069178	0	48280	24	0
247.521299	0	48312	16	0
247.525114	0	48344	80	0
247.544186	0	48440	16	0
247.548000	0	48472	16	0
247.551814	0	48504	88	0
247.572794	0	48600	88	0
247.593773	0	48696	24	0
247.599494	0	48728	16	0
247.603309	0	48760	24	0
266.556230	0	48792	24	0
266.561952	0	48824	24	0
266.567674	0	48856	56	0
266.581024	0	48912	64	0
266.596282	0	48984	48	0
266.607725	0	49048	24	0
266.613446	0	49080	24	0
266.619168	0	49112	56	0
266.632518	0	49176	16	0
266.636333	0	49208	16	0
266.640147	0	49224	8	0
266.642054	0	49240	16	0
266.645869	0	49272	24	0
266.651590	0	49304	128	0
282.267706	0	49432	24	0
282.273427	0	49464	24	0
282.279149	0	49496	56	0
282.292499	0	49560	48	0
282.303942	0	49616	24	0
282.309664	0	49648	24	0
282.315386	0	49680	56	0
282.328736	0	49744	48	0
282.340179	0	49808	24	0
282.345901	0	49840	120	0
300.404909	0	49968	24	0
300.410630	0	50000	24	0
300.416352	0	50032	24	0
300.422074	0	50064	120	0
300.450682	0	50192	16	0
300.454496	0	50224	56	0
300.467846	0	50288	56	0
300.481197	0	50352	80	0
319.447469	0	50448	24	0
319.453190	0	50480	88	0
319.474170	0	50576	24	0
319.479891	0	50608	56	0
319.493242	0	50672	16	0
319.497056	0	50704	16	0
319.500870	0	50736	24	0
319.506592	0	50768	24	0
319.512314	0	50800	24	0
319.518035	0	50832	72	0
319.535200	0	50912	16	0
319.539014	0	50944	120	0
335.977622	0	51072	120	0
336.006230	0	51200	16	0
336.010045	0	51232	24	0
336.015766	0	51264	88	0
336.036746	0	51360	24	0
336.042467	0	51392	24	0
336.048189	0	51424	80	0
336.067261	0	51520	56	0
353.805411	0	51584	24	0
353.811133	0	51616	48	0
353.822576	0	51680	56	0
353.835926	0	51744	80	0
353.854998	0	51840	24	0
353.860720	0	51872	16	0
353.864534	0	51904	16	0
353.868349	0	51936	24	0
353.874070	0	51968	16	0
353.877885	0	52000	16	0
353.881699	0	52032	24	0
353.887421	0	52064	16	0
353.891235	0	52080	8	0
353.893142	0	52096	24	0
353.898864	0	52128	24	0
353.904586	0	52160	24	0
360.939107	0	52192	24	0
360.944829	0	52224	16	0
360.948643	0	52256	24	0
360.954365	0	52288	16	0
360.958179	0	52320	48	0
360.969622	0	52384	24	0
360.975344	0	52416	24	0
376.261066	0	52448	48	0
376.272509	0	52512	16	0
376.276323	0	52544	56	0
376.289674	0	52608	16	0
376.293488	0	52640	24	0
376.299210	0	52672	24	0
376.304931	0	52704	24	0
376.310653	0	52736	24	0
376.316374	0	52768	24	0
376.322096	0	52800	128	0
376.352611	0	52928	24	0
391.545933	0	52960	24	0
391.551654	0	52992	48	0
391.563098	0	53056	16	0
391.566912	0	53088	24	0
391.572634	0	53120	88	0
391.593613	0	53216	24	0
391.599334	0	53248	24	0
391.605056	0	53280	16	0
391.608870	0	53312	16	0
391.612685	0	53344	24	0
391.618406	0	53376	16	0
391.622221	0	53408	80	0
408.051293	0	53504	16	0
408.055107	0	53536	16	0
408.058922	0	53568	24	0
408.064643	0	53600	24	0
408.070365	0	53632	24	0
408.076086	0	53664	16	0
408.079901	0	53696	88	0
408.100880	0	53792	24	0
408.106602	0	53824	88	0
408.127581	0	53920	48	0
408.139024	0	53984	24	0
408.144746	0	54016	24	0
423.124867	0	54048	16	0
423.128682	0	54080	24	0
423.134403	0	54112	24	0
423.140125	0	54144	24	0
423.145846	0	54176	24	0
423.151568	0	54208	24	0
423.157290	0	54240	56	0
423.170640	0	54304	80	0
423.189712	0	54400	24	0
423.195434	0	54432	80	0
423.214506	0	54528	56	0
435.970656	0	54592	80	0
435.989728	0	54688	120	0
436.018336	0	54816	24	0
436.024058	0	54848	80	0
451.841930	0	54944	16	0
451.845744	0	54976	24	0
451.851466	0	55008	56	0
451.864816	0	55072	128	0
451.895331	0	55200	88	0
451.916310	0	55296	24	0
451.922032	0	55328	24	0
451.927754	0	55360	24	0
463.240675	0	55392	24	0
463.246397	0	55424	24	0
463.252118	0	55456	16	0
463.255933	0	55488	112	0
463.282634	0	55616	48	0
463.294077	0	55680	24	0
463.299798	0	55712	88	0
477.897178	0	55808	32	0
477.904806	0	55840	16	0
477.908621	0	55872	24	0
477.914342	0	55904	16	0
477.918157	0	55936	56	0
477.931507	0	56000	24	0
477.937229	0	56032	24	0
477.942950	0	56064	24	0
477.948672	0	56096	24	0
477.954394	0	56128	24	0
477.960115	0	56160	24	0
477.965837	0	56192	24	0
477.971558	0	56224	16	0
477.975373	0	56256	88	0
491.748352	0	56352	24	0
491.754074	0	56384	16	0
491.757888	0	56416	16	0
491.761702	0	56448	24	0
491.767424	0	56472	64	0
491.782682	0	56544	56	0
491.796032	0	56608	24	0
491.801754	0	56640	56	0
506.391504	0	56704	24	0
506.397226	0	56736	16	0
506.401040	0	56768	24	0
506.406762	0	56800	128	0
506.437277	0	56928	48	0
506.448720	0	56992	16	0
506.452534	0	57024	48	0
506.463978	0	57088	56	0
506.477328	0	57152	24	0
525.949050	0	57184	48	0
525.960493	0	57248	48	0
525.971936	0	57312	56	0
525.985286	0	57376	24	0
525.991008	0	57408	24	0
525.996730	0	57440	56	0
526.010080	0	57504	24	0
526.015802	0	57536	24	0
526.021523	0	57568	88	0
526.042502	0	57664	16	0
526.046317	0	57696	24	0
526.052038	0	57728	24	0
526.057760	0	57760	56	0
543.184710	0	57824	24	0
543.190432	0	57856	80	0
543.209504	0	57952	56	0
543.222854	0	58016	24	0
543.228576	0	58048	48	0
543.240019	0	58112	16	0
543.243834	0	58144	16	0
543.247648	0	58176	88	0
543.268627	0	58272	24	0
543.274349	0	58304	56	0
558.567699	0	58368	24	0
558.573421	0	58400	24	0
558.579142	0	58432	48	0
558.590586	0	58496	56	0
558.603936	0	58560	48	0
558.615379	0	58624	48	0
558.626822	0	58688	16	0
558.630637	0	58720	24	0
558.636358	0	58752	88	0
558.657338	0	58848	24	0
572.017059	0	58880	24	0
572.022781	0	58912	56	0
572.036131	0	58976	16	0
572.039946	0	59008	80	0
572.059018	0	59104	48	0
572.070461	0	59168	24	0
572.076182	0	59200	48	0
572.087626	0	59264	56	0
590.955776	0	59328	24	0
590.961498	0	59360	24	0
590.967219	0	59392	24	0
590.972941	0	59424	24	0
590.978662	0	59456	48	0
590.990106	0	59512	16	0
590.993920	0	59544	88	0
591.014899	0	59640	24	0
591.020621	0	59672	56	0
591.033971	0	59736	24	0
591.039693	0	59768	48	0
591.051136	0	59832	16	0
591.054950	0	59864	24	0
591.060672	0	59896	24	0
591.066394	0	59928	72	0
605.141158	0	60016	56	0
605.154509	0	60080	16	0
605.158323	0	60112	16	0
605.162138	0	60144	24	0
605.167859	0	60176	56	0
605.181210	0	60240	48	0
605.192653	0	60304	16	0
605.196467	0	60336	16	0
605.200282	0	60368	24	0
605.206003	0	60400	24	0
605.211725	0	60432	16	0
624.162739	0	60464	24	0
624.168461	0	60496	56	0
624.181811	0	60560	56	0
624.195162	0	60624	24	0
624.200883	0	60656	24	0
624.206605	0	60688	16	0
624.210419	0	60720	24	0
624.216141	0	60752	88	0
624.237120	0	60848	56	0
624.250470	0	60912	56	0
624.263821	0	60976	56	0
624.277171	0	61040	40	0
631.834307	0	61096	16	0
631.838122	0	61128	56	0
631.851472	0	61192	24	0
631.857194	0	61224	16	0
631.861008	0	61248	128	0
649.616323	0	61376	24	0
649.622045	0	61408	24	0
649.627766	0	61440	56	0
649.641117	0	61504	16	0
649.644931	0	61536	128	0
649.675446	0	61664	16	0
649.679261	0	61688	24	0
649.684982	0	61720	56	0
649.698333	0	61784	80	0
663.469405	0	61880	24	0
663.475126	0	61912	80	0
663.494198	0	62008	24	0
663.499920	0	62040	88	0
663.520899	0	62136	16	0
663.524714	0	62168	16	0
663.528528	0	62200	24	0
663.534250	0	62232	48	0
663.545693	0	62296	80	0
677.835565	0	62392	24	0
677.841286	0	62424	16	0
677.845101	0	62456	24	0
677.850822	0	62488	16	0
677.854637	0	62520	56	0
677.867987	0	62584	48	0
677.879430	0	62648	112	0
697.372131	0	62768	16	0
697.375946	0	62800	16	0
697.379760	0	62832	120	0
697.408368	0	62960	24	0
697.414090	0	62992	16	0
697.417904	0	63024	120	0
697.446512	0	63152	24	0
697.452234	0	63184	128	0
697.482749	0	63312	72	0
716.965914	0	63392	56	0
716.979264	0	63456	80	0
716.998336	0	63544	16	0
717.002150	0	63576	56	0
717.015501	0	63640	24	0
717.021222	0	63672	16	0
717.025037	0	63704	24	0
717.030758	0	63736	80	0
717.049830	0	63832	16	0
717.053645	0	63864	16	0
717.057459	0	63896	56	0
717.070810	0	63960	24	0
717.076531	0	63992	24	0
736.548253	0	64024	16	0
736.552067	0	64056	16	0
736.555882	0	64088	56	0
736.569232	0	64152	16	0
736.573046	0	64184	48	0
736.584490	0	64248	24	0
736.590211	0	64280	24	0
736.595933	0	64312	56	0
736.609283	0	64376	80	0
736.628355	0	64472	24	0
736.634077	0	64536	24	0
736.639798	0	64568	24	0
736.645520	0	64600	24	0
736.651242	0	64632	112	0
756.143942	0	64760	88	0
756.164922	0	64856	48	0
756.176365	0	64912	16	0
756.180179	0	64944	24	0
756.185901	0	64976	16	0
756.189715	0	65008	24	0
756.195437	0	65040	80	0
756.214509	0	65136	16	0
756.218323	0	65168	56	0
756.231674	0	65232	24	0
756.237395	0	65264	24	0
756.243117	0	65296	24	0
756.248838	0	65328	16	0
773.273853	0	65360	16	0
773.277667	0	65392	48	0
773.289110	0	65456	16	0
773.292925	0	65488	24	0
773.298646	0	65520	16	0
773.302461	0	65552	16	0
773.306275	0	65584	24	0
773.311997	0	65616	48	0
773.323440	0	65680	16	0
773.327254	0	65712	88	0
773.348234	0	65808	24	0
773.353955	0	65840	56	0
773.367306	0	65904	128	0
790.724621	0	66032	24	0
790.730342	0	66064	24	0
790.736064	0	66096	16	0
790.739878	0	66128	24	0
790.745600	0	66160	16	0
790.749414	0	66192	24	0
790.755136	0	66224	16	0
790.758950	0	66256	16	0
790.762765	0	66288	56	0
790.776115	0	66352	24	0
790.781837	0	66384	56	0
790.795187	0	66448	16	0
790.799002	0	66480	24	0
790.804723	0	66512	128	0
809.078838	0	66640	24	0
809.084560	0	66672	80	0
809.103632	0	66768	24	0
809.109354	0	66800	56	0
809.122704	0	66864	24	0
809.128426	0	66896	16	0
809.132240	0	66928	24	0
809.137962	0	66960	96	0
809.160848	0	67056	24	0
827.715770	0	67088	24	0
827.721491	0	67120	88	0
827.742470	0	67216	16	0
827.746285	0	67248	16	0
827.750099	0	67280	88	0
827.771078	0	67376	16	0
827.774893	0	67408	24	0
827.780614	0	67440	80	0
827.799686	0	67536	120	0
827.828294	0	67664	48	0
843.027338	0	67728	56	0
843.040688	0	67792	56	0
843.054038	0	67856	24	0
843.059760	0	67888	48	0
843.071203	0	67952	16	0
843.075018	0	67984	24	0
843.080739	0	68016	16	0
843.084554	0	68048	24	0
843.090275	0	68080	48	0
843.101718	0	68144	88	0
853.818698	0	68240	80	0
853.837770	0	68336	16	0
853.841584	0	68368	16	0
853.845398	0	68400	24	0
853.851120	0	68432	48	0
853.862563	0	68488	24	0
853.868285	0	68520	32	0
868.757914	0	68568	16	0
868.761728	0	68600	32	0
868.769357	0	68632	56	0
868.782707	0	68696	56	0
868.796058	0	68760	80	0
868.815130	0	68856	24	0
868.820851	0	68888	48	0
868.832294	0	68952	24	0
868.838016	0	68984	48	0
879.239859	0	69040	24	0
879.245581	0	69072	16	0
879.249395	0	69104	24	0
879.255117	0	69136	48	0
879.266560	0	69200	128	0
879.297075	0	69328	80	0
893.892547	0	69416	16	0
893.896362	0	69448	56	0
893.909712	0	69512	56	0
893.923062	0	69576	48	0
893.934506	0	69640	24	0
893.940227	0	69672	24	0
893.945949	0	69704	24	0
893.951670	0	69736	120	0
909.167878	0	69864	24	0
909.173600	0	69896	88	0
909.194579	0	69992	24	0
909.200301	0	70024	24	0
909.206022	0	70056	24	0
909.211744	0	70088	24	0
909.217466	0	70120	56	0
909.230816	0	70184	48	0
909.242259	0	70248	48	0
922.607702	0	70312	56	0
922.621053	0	70376	128	0
922.651568	0	70504	24	0
922.657290	0	70536	88	0
922.678269	0	70632	16	0
922.682083	0	70664	16	0
941.021898	0	70696	24	0
941.027619	0	70728	24	0
941.033341	0	70760	48	0
941.044784	0	70824	24	0
941.050506	0	70856	56	0
941.063856	0	70920	88	0
941.084835	0	71016	24	0
941.090557	0	71048	16	0
941.094371	0	71080	56	0
941.107722	0	71144	24	0
941.113443	0	71176	24	0
941.119165	0	71208	16	0
941.122979	0	71240	56	0
959.685530	0	71304	80	0
959.704602	0	71400	24	0
959.710323	0	71432	88	0
959.731302	0	71528	88	0
959.752282	0	71624	48	0
959.763725	0	71680	24	0
959.769446	0	71712	24	0
959.775168	0	71744	24	0
959.780890	0	71776	56	0
959.794240	0	71840	24	0
977.524762	0	71872	24	0
977.530483	0	71904	16	0
977.534298	0	71936	24	0
977.540019	0	71968	24	0
977.545741	0	72000	24	0
977.551462	0	72032	56	0
977.564813	0	72096	56	0
977.578163	0	72160	24	0
977.583885	0	72192	56	0
977.597235	0	72256	88	0
977.618214	0	72352	56	0
977.631565	0	72416	16	0
984.664179	0	72448	24	0
984.669901	0	72480	56	0
984.683251	0	72544	24	0
984.688973	0	72576	24	0
984.694694	0	72608	16	0
984.698509	0	72640	24	0
984.704230	0	72672	40	0
999.901366	0	72712	8	0
999.903274	0	72728	24	0
999.908995	0	72760	16	0
999.912810	0	72792	40	0
999.922346	0	72848	24	0
999.928067	0	72880	16	0
999.931882	0	72912	56	0
999.945232	0	72976	120	0
999.973840	0	73104	120	0
1013.967648	0	73232	24	0
1013.973370	0	73264	24	0
1013.979091	0	73296	24	0
1013.984813	0	73328	120	0
1014.013421	0	73456	48	0
1014.024864	0	73520	16	0
1014.028678	0	73552	16	0
1014.032493	0	73584	24	0
1014.038214	0	73616	80	0
1028.633686	0	73712	16	0
1028.637501	0	73744	80	0
1028.656573	0	73840	88	0
1028.677552	0	73936	16	0
1028.681366	0	73968	48	0
1028.692810	0	74032	24	0
1028.698531	0	74064	24	0
1028.704253	0	74096	24	0
1036.655574	0	74128	48	0
1036.667018	0	74184	16	0
1036.670832	0	74216	88	0
1036.691811	0	74312	24	0
1036.697533	0	74344	24	0
1055.252454	0	74376	16	0
1055.256269	0	74408	24	0
1055.261990	0	74440	24	0
1055.267712	0	74472	24	0
1055.273434	0	74504	24	0
1055.279155	0	74536	16	0
1055.282970	0	74568	24	0
1055.288691	0	74600	56	0
1055.302042	0	74664	56	0
1055.315392	0	74728	56	0
1055.328742	0	74792	56	0
1055.342093	0	74856	24	0
1055.347814	0	74888	48	0
1055.359258	0	74944	24	0
1073.302979	0	74976	16	0
1073.306794	0	75008	56	0
1073.320144	0	75072	16	0
1073.323958	0	75104	24	0
1073.329680	0	75136	56	0
1073.343030	0	75200	24	0
1073.348752	0	75232	48	0
1073.360195	0	75296	80	0
1073.379267	0	75392	24	0
1073.384989	0	75424	24	0
1073.390710	0	75456	48	0
1073.402154	0	75520	48	0
1082.489197	0	75584	24	0
1082.494918	0	75616	56	0
1082.508269	0	75680	56	0
1082.521619	0	75744	56	0
1082.534970	0	75808	24	0
1082.540691	0	75840	16	0
1094.768506	0	75872	48	0
1094.779949	0	75936	16	0
1094.783763	0	75960	48	0
1094.795206	0	76024	24	0
1094.800928	0	76056	24	0
1094.806650	0	76088	16	0
1094.810464	0	76120	56	0
1094.823814	0	76184	48	0
1094.835258	0	76248	16	0
1094.839072	0	76280	16	0
1094.842886	0	76312	24	0
1114.314608	0	76344	24	0
1114.320330	0	76376	48	0
1114.331773	0	76432	24	0
1114.337494	0	76464	48	0
1114.348938	0	76528	24	0
1114.354659	0	76560	16	0
1114.358474	0	76592	24	0
1114.364195	0	76624	24	0
1114.369917	0	76656	112	0
1114.396618	0	76784	16	0
1114.400432	0	76816	16	0
1114.404246	0	76848	16	0
1114.408061	0	76880	16	0
1114.411875	0	76912	24	0
1114.417597	0	76944	24	0
1114.423318	0	76976	16	0
1114.427133	0	77008	24	0
1128.398054	0	77040	16	0
1128.401869	0	77072	24	0
1128.407590	0	77104	24	0
1128.413312	0	77136	128	0
1128.443827	0	77264	88	0
1128.464806	0	77360	56	0
1128.478157	0	77424	16	0
1144.280771	0	77456	16	0
1144.284586	0	77488	56	0
1144.297936	0	77552	24	0
1144.303658	0	77584	24	0
1144.309379	0	77616	24	0
1144.315101	0	77648	16	0
1144.318915	0	77680	24	0
1144.324637	0	77712	40	0
1144.334173	0	77768	24	0
1144.339894	0	77800	24	0
1144.345616	0	77832	24	0
1144.351338	0	77864	56	0
1144.364688	0	77928	16	0
1144.368502	0	77960	16	0
1144.372317	0	77992	16	0
1144.376131	0	78024	24	0
1157.735853	0	78056	24	0
1157.741574	0	78088	24	0
1157.747296	0	78120	48	0
1157.758739	0	78184	24	0
1157.764461	0	78216	48	0
1157.775904	0	78280	24	0
1157.781626	0	78312	24	0
1157.787347	0	78344	24	0
1157.793069	0	78376	24	0
1157.798790	0	78408	24	0
1157.804512	0	78432	32	0
1157.812141	0	78472	24	0
1173.709062	0	78504	16	0
1173.712877	0	78536	128	0
1173.743392	0	78664	16	0
1173.747206	0	78680	8	0
1173.749114	0	78696	24	0
1173.754835	0	78728	24	0
1173.760557	0	78760	24	0
1173.766278	0	78792	24	0
1173.772000	0	78824	88	0
1173.792979	0	78920	112	0
1189.710880	0	79048	56	0
1189.724230	0	79112	24	0
1189.729952	0	79144	16	0
1189.733766	0	79176	16	0
1189.737581	0	79208	72	0
1189.754746	0	79296	24	0
1189.760467	0	79328	24	0
1189.766189	0	79360	48	0
1189.777632	0	79424	24	0
1189.783354	0	79456	56	0
1202.539504	0	79520	24	0
1202.545226	0	79552	40	0
1202.554762	0	79600	72	0
1202.571926	0	79688	56	0
1202.585277	0	79752	24	0
1202.590998	0	79784	48	0
1202.602442	0	79848	24	0
1202.608163	0	79880	24	0
1202.613885	0	79912	88	0
1220.878464	0	80008	16	0
1220.882278	0	80040	48	0
1220.893722	0	80104	24	0
1220.899443	0	80136	16	0
1220.903258	0	80168	24	0
1220.908979	0	80200	56	0
1220.922330	0	80264	24	0
1220.928051	0	80296	24	0
1220.933773	0	80328	24	0
1220.939494	0	80360	48	0
1220.950938	0	80424	88	0
1240.437917	0	80520	48	0
1240.449360	0	80584	16	0
1240.453174	0	80616	24	0
1240.458896	0	80648	16	0
1240.462710	0	80680	24	0
1240.468432	0	80712	16	0
1240.472246	0	80744	24	0
1240.477968	0	80776	128	0
1240.508483	0	80904	24	0
1240.514205	0	80936	56	0
1240.527555	0	81000	16	0
1240.531370	0	81032	16	0
1240.535184	0	81064	24	0
1240.540906	0	81096	56	0
1240.554256	0	81160	48	0
1253.614099	0	81224	16	0
1253.617914	0	81256	16	0
1253.621728	0	81288	24	0
1253.627450	0	81320	16	0
1253.631264	0	81352	16	0
1253.635078	0	81384	56	0
1253.648429	0	81448	24	0
1253.654150	0	81480	24	0
1253.659872	0	81512	24	0
1253.665594	0	81544	24	0
1253.671315	0	81576	128	0
1271.945430	0	81704	56	0
1271.958781	0	81768	56	0
1271.972131	0	81832	48	0
1271.983574	0	81896	120	0
1272.012182	0	82024	16	0
1272.015997	0	82048	88	0
1272.036976	0	82144	24	0
1286.007898	0	82176	24	0
1286.013619	0	82208	88	0
1286.034598	0	82304	24	0
1286.040320	0	82336	56	0
1286.053670	0	82400	88	0
1286.074650	0	82496	24	0
1286.080371	0	82528	48	0
1286.091814	0	82584	16	0
1303.514829	0	82616	128	0
1303.545344	0	82744	56	0
1303.558694	0	82808	56	0
1303.572045	0	82872	16	0
1303.575859	0	82904	112	0
1303.602560	0	83024	16	0
1303.606374	0	83056	16	0
1303.610189	0	83080	24	0
1303.615910	0	83112	16	0
1303.619725	0	83144	8	0
1318.503632	0	83152	8	0
1318.505539	0	83176	24	0
1318.511261	0	83208	24	0
1318.516982	0	83240	120	0
1318.545590	0	83368	56	0
1318.558941	0	83432	112	0
1318.585642	0	83560	128	0
1333.498157	0	83688	56	0
1333.511507	0	83752	48	0
1333.522950	0	83816	24	0
1333.528672	0	83848	16	0
1333.532486	0	83880	24	0
1333.538208	0	83912	48	0
1333.549651	0	83976	16	0
1333.553466	0	84008	24	0
1333.559187	0	84040	24	0
1333.564909	0	84072	56	0
1349.682659	0	84136	24	0
1349.688381	0	84168	16	0
1349.692195	0	84200	88	0
1349.713174	0	84296	24	0
1349.718896	0	84328	56	0
1349.732246	0	84392	56	0
1349.745597	0	84456	80	0
1349.764669	0	84552	24	0
1349.770390	0	84584	24	0
1366.491712	0	84616	16	0
1366.495526	0	84648	16	0
1366.499341	0	84680	72	0
1366.516506	0	84768	24	0
1366.522227	0	84800	24	0
1366.527949	0	84832	56	0
1366.541299	0	84896	24	0
1366.547021	0	84928	16	0
1366.550835	0	84960	24	0
1366.556557	0	84992	16	0
1366.560371	0	85024	16	0
1366.564186	0	85056	24	0
1366.569907	0	85088	24	0
1366.575629	0	85120	72	0
1376.066394	0	85208	24	0
1376.072115	0	85240	24	0
1376.077837	0	85272	56	0
1376.091187	0	85336	16	0
1376.095002	0	85368	88	0
1376.115981	0	85464	24	0
1376.121702	0	85496	56	0
1391.933853	0	85560	24	0
1391.939574	0	85592	88	0
1391.960554	0	85688	48	0
1391.971997	0	85752	88	0
1391.992976	0	85848	24	0
1391.998698	0	85880	24	0
1392.004419	0	85912	16	0
1392.008234	0	85944	56	0
1409.959584	0	86008	24	0
1409.965306	0	86040	88	0
1409.986285	0	86136	24	0
1409.992006	0	86168	24	0
1409.997728	0	86200	48	0
1410.009171	0	86264	16	0
1410.012986	0	86296	88	0
1410.033965	0	86392	80	0
1410.053037	0	86488	24	0
1410.058758	0	86520	88	0
1424.044938	0	86616	24	0
1424.050659	0	86648	24	0
1424.056381	0	86680	56	0
1424.069731	0	86744	24	0
1424.075453	0	86776	24	0
1424.081174	0	86808	24	0
1424.086896	0	86840	24	0
1424.092618	0	86872	56	0
1424.105968	0	86936	16	0
1424.109782	0	86968	16	0
1424.113597	0	87000	88	0
1440.238976	0	87096	56	0
1440.252326	0	87160	24	0
1440.258048	0	87192	72	0
1440.275213	0	87280	24	0
1440.280934	0	87312	16	0
1440.284749	0	87344	56	0
1440.298099	0	87408	56	0
1440.311450	0	87472	24	0
1440.317171	0	87504	24	0
1458.260893	0	87536	24	0
1458.266614	0	87568	48	0
1458.278058	0	87632	24	0
1458.283779	0	87664	24	0
1458.289501	0	87696	24	0
1458.295222	0	87728	16	0
1458.299037	0	87760	56	0
1458.312387	0	87824	16	0
1458.316202	0	87856	128	0
1458.346717	0	87984	48	0
1458.358160	0	88048	24	0
1458.363882	0	88080	16	0
1458.367696	0	88112	24	0
1477.228218	0	88144	24	0
1477.233939	0	88176	24	0
1477.239661	0	88208	24	0
1477.245382	0	88240	24	0
1477.251104	0	88272	48	0
1477.262547	0	88336	56	0
1477.275898	0	88400	112	0
1477.302598	0	88528	56	0
1477.315949	0	88592	56	0
1477.329299	0	88656	24	0
1477.335021	0	88688	24	0
1477.340742	0	88720	24	0
1493.450864	0	88752	128	0
1493.481379	0	88880	24	0
1493.487101	0	88912	48	0
1493.498544	0	88976	88	0
1493.519523	0	89072	16	0
1493.523338	0	89104	80	0
1493.542410	0	89200	56	0
1506.298560	0	89264	24	0
1506.304282	0	89296	16	0
1506.308096	0	89328	56	0
1506.321446	0	89392	24	0
1506.327168	0	89424	56	0
1506.340518	0	89488	120	0
1515.231526	0	89616	24	0
1515.237248	0	89648	80	0
1515.256320	0	89744	16	0
1515.260134	0	89776	16	0
1515.263949	0	89808	120	0
1529.257757	0	89936	16	0
1529.261571	0	89960	24	0
1529.267293	0	89992	88	0
1529.288272	0	90088	16	0
1529.292086	0	90120	24	0
1529.297808	0	90144	32	0
1529.305437	0	90184	48	0
1529.316880	0	90248	56	0
1529.330230	0	90312	16	0
1529.334045	0	90344	88	0
1545.551824	0	90440	16	0
1545.555638	0	90472	56	0
1545.568989	0	90536	16	0
1545.572803	0	90568	16	0
1545.576618	0	90592	24	0
1545.582339	0	90624	24	0
1545.588061	0	90656	24	0
1545.593782	0	90688	80	0
1545.612854	0	90784	24	0
1545.618576	0	90816	120	0
1564.501984	0	90944	88	0
1564.522963	0	91040	24	0
1564.528685	0	91072	16	0
1564.532499	0	91104	112	0
1564.559200	0	91232	24	0
1564.564922	0	91264	16	0
1564.568736	0	91296	16	0
1564.572550	0	91328	96	0
1564.595437	0	91424	56	0
1573.165587	0	91488	16	0
1573.169402	0	91520	16	0
1573.173216	0	91552	56	0
1573.186566	0	91616	24	0
1573.192288	0	91648	24	0
1573.198010	0	91680	16	0
1573.201824	0	91712	24	0
1573.207546	0	91744	16	0
1573.211360	0	91776	24	0
1592.071882	0	91808	48	0
1592.083325	0	91872	16	0
1592.087139	0	91904	24	0
1592.092861	0	91936	16	0
1592.096675	0	91968	24	0
1592.102397	0	92000	24	0
1592.108118	0	92032	16	0
1592.111933	0	92064	48	0
1592.123376	0	92120	48	0
1592.134819	0	92184	24	0
1592.140541	0	92216	16	0
1592.144355	0	92248	24	0
1592.150077	0	92280	24	0
1592.155798	0	92312	24	0
1592.161520	0	92344	16	0
1592.165334	0	92376	24	0
1592.171056	0	92408	48	0
1592.182499	0	92472	16	0
1607.771914	0	92504	24	0
1607.777635	0	92536	24	0
1607.783357	0	92568	88	0
1607.804336	0	92664	88	0
1607.825315	0	92760	24	0
1607.831037	0	92792	16	0
1607.834851	0	92824	56	0
1607.848202	0	92888	24	0
1607.853923	0	92920	24	0
1607.859645	0	92952	56	0
1621.226995	0	93016	24	0
1621.232717	0	93048	16	0
1621.236531	0	93080	16	0
1621.240346	0	93112	24	0
1621.246067	0	93144	48	0
1621.257510	0	93208	24	0
1621.263232	0	93240	24	0
1621.268954	0	93272	24	0
1621.274675	0	93304	16	0
1621.278490	0	93336	16	0
1621.282304	0	93368	104	0
1635.272298	0	93472	16	0
1635.276112	0	93496	112	0
1635.302813	0	93624	56	0
1635.316163	0	93688	16	0
1635.319978	0	93720	24	0
1635.325699	0	93752	24	0
1635.331421	0	93784	56	0
1635.344771	0	93848	16	0
1635.348586	0	93880	48	0
1653.298029	0	93944	16	0
1653.301843	0	93976	24	0
1653.307565	0	94008	112	0
1653.334266	0	94128	24	0
1653.339987	0	94160	56	0
1653.353338	0	94224	16	0
1653.357152	0	94256	88	0
1653.378131	0	94352	56	0
1653.391482	0	94416	24	0
1653.397203	0	94448	16	0
1653.401018	0	94480	48	0
1669.516861	0	94544	24	0
1669.522582	0	94576	24	0
1669.528304	0	94608	56	0
1669.541654	0	94672	16	0
1669.545469	0	94704	88	0
1669.566448	0	94800	24	0
1669.572170	0	94832	16	0
1669.575984	0	94864	56	0
1669.589334	0	94928	24	0
1669.595056	0	94960	24	0
1669.600778	0	94992	16	0
1669.604592	0	95024	56	0
1687.250342	0	95088	56	0
1687.263693	0	95152	24	0
1687.269414	0	95184	16	0
1687.273229	0	95216	24	0
1687.278950	0	95248	16	0
1687.282765	0	95280	120	0
1687.311373	0	95408	24	0
1687.317094	0	95440	24	0
1687.322816	0	95472	24	0
1687.328538	0	95504	56	0
1687.341888	0	95568	24	0
1687.347610	0	95600	88	0
1705.306589	0	95696	120	0
1705.335197	0	95824	16	0
1705.339011	0	95856	48	0
1705.350454	0	95920	24	0
1705.356176	0	95952	16	0
1705.359990	0	95984	56	0
1705.373341	0	96048	48	0
1705.384784	0	96112	56	0
1718.233334	0	96176	24	0
1718.239056	0	96208	24	0
1718.244778	0	96240	24	0
1718.250499	0	96272	24	0
1718.256221	0	96304	24	0
1718.261942	0	96336	16	0
1718.265757	0	96368	16	0
1718.269571	0	96400	56	0
1718.282922	0	96464	16	0
1718.286736	0	96496	16	0
1718.290550	0	96528	48	0
1718.301994	0	96584	56	0
1730.539344	0	96648	24	0
1730.545066	0	96680	24	0
1730.550787	0	96712	16	0
1730.554602	0	96744	112	0
1730.581302	0	96872	16	0
1730.585117	0	96904	80	0
1730.604189	0	97000	24	0
1730.609910	0	97032	16	0
1746.718125	0	97064	16	0
1746.721939	0	97096	56	0
1746.735290	0	97160	128	0
1746.765805	0	97288	48	0
1746.777248	0	97352	24	0
1746.782970	0	97384	24	0
1746.788691	0	97416	24	0
1746.794413	0	97448	16	0
1746.798227	0	97480	24	0
1746.803949	0	97512	24	0
1746.809670	0	97544	24	0
1746.815392	0	97576	88	0
1761.718371	0	97672	24	0
1761.724093	0	97704	24	0
1761.729814	0	97736	24	0
1761.735536	0	97768	24	0
1761.741258	0	97800	48	0
1761.752701	0	97864	120	0
1761.781309	0	97992	16	0
1761.785123	0	98024	16	0
1761.788938	0	98056	24	0
1776.982259	0	98088	88	0
1777.003238	0	98184	24	0
1777.008960	0	98216	24	0
1777.014682	0	98248	48	0
1777.026125	0	98312	56	0
1777.039475	0	98376	24	0
1777.045197	0	98408	16	0
1777.049011	0	98440	24	0
1777.054733	0	98472	16	0
1777.058547	0	98504	56	0
1790.518298	0	98568	16	0
1790.522112	0	98600	16	0
1790.525926	0	98632	24	0
1790.531648	0	98664	24	0
1790.537370	0	98696	24	0
1790.543091	0	98728	24	0
1790.548813	0	98760	88	0
1790.569792	0	98856	16	0
1790.573606	0	98888	88	0
1790.594586	0	98984	88	0
1807.636765	0	99080	56	0
1807.650115	0	99144	56	0
1807.663466	0	99208	16	0
1807.667280	0	99232	16	0
1807.671094	0	99264	24	0
1807.676816	0	99296	24	0
1807.682538	0	99328	16	0
1807.686352	0	99360	24	0
1807.692074	0	99392	24	0
1807.697795	0	99424	24	0
1807.703517	0	99456	80	0
1807.722589	0	99552	24	0
1824.443910	0	99584	16	0
1824.447725	0	99616	56	0
1824.461075	0	99680	48	0
1824.472518	0	99744	80	0
1824.491590	0	99832	24	0
1824.497312	0	99864	24	0
1824.503034	0	99896	16	0
1824.506848	0	99928	112	0
1824.533549	0	100056	24	0
1824.539270	0	100088	80	0
1840.051542	0	100184	48	0
1840.062986	0	100248	16	0
1840.066800	0	100280	24	0
1840.072522	0	100312	120	0
1840.101130	0	100440	120	0
1840.129738	0	100568	88	0
1854.208317	0	100664	24	0
1854.214038	0	100696	24	0
1854.219760	0	100728	56	0
1854.233110	0	100792	16	0
1854.236925	0	100824	24	0
1854.242646	0	100856	80	0
1854.261718	0	100952	24	0
1854.267440	0	100984	24	0
1854.273162	0	101016	128	0
1871.324877	0	101144	72	0
1871.342042	0	101232	24	0
1871.347763	0	101264	56	0
1871.361114	0	101328	24	0
1871.366835	0	101360	24	0
1871.372557	0	101392	16	0
1871.376371	0	101424	128	0
1886.288886	0	101552	24	0
1886.294608	0	101584	16	0
1886.298422	0	101616	24	0
1886.304144	0	101648	24	0
1886.309866	0	101680	48	0
1886.321309	0	101744	128	0
1886.351824	0	101872	80	0
1886.370896	0	101968	48	0
1905.542739	0	102032	24	0
1905.548461	0	102064	24	0
1905.554182	0	102096	24	0
1905.559904	0	102128	48	0
1905.571347	0	102192	24	0
1905.577069	0	102224	48	0
1905.588512	0	102288	24	0
1905.594234	0	102320	16	0
1905.598048	0	102352	24	0
1905.603770	0	102384	16	0
1905.607584	0	102416	88	0
1905.628563	0	102512	88	0
1905.649542	0	102608	24	0
1905.655264	0	102640	16	0
1915.345878	0	102672	24	0
1915.351600	0	102704	24	0
1915.357322	0	102736	