0 3968
-1 0
-1 0
-1 0
-1 0
-1 0
-1 0
-1 0
-1 0
-1 0
-1 0
-1 0
-1 0
-1 0
-1 0
-1 0
-1 0
-1 0
-1 0
-1 0
-1 0
-1 0
-1 0
-1 0
-1 0
-1 0
-1 0
-1 0
-1 0
-1 0
-1 0
-1 0
-1 0
-1 0
-1 0
-1 0
-1 0
-1 0
-1 0
-1 0
-1 0
-1 0
-1 0
-1 0
-1 0
-1 0
-1 0
-1 0
-1 0
-1 0
-1 0
-1 0
-1 0
-1 0
-1 0
-1 0
-1 0
-1 0
-1 0
-1 0
-1 0
-1 0
-1 0
-1 0
-1 0
-1 0
-1 0
-1 0
-1 0
-1 0
-1 0
-1 0
-1 0
-1 0
-1 0
-1 0
-1 0
-1 0
-1 0
-1 0
-1 0
-1 0
-1 0
-1 0
-1 0
-1 0
-1 0
-1 0
-1 0
-1 0
-1 0
-1 0
-1 0
-1 0
-1 0
-1 0
-1 0
-1 0
-1 0
-1 0
-1 0
-1 0
-1 0
-1 0
-1 0
-1 0
-1 0
-1 0
-1 0
-1 0
-1 0
-1 0
-1 0
-1 0
-1 0
-1 0
-1 0
-1 0
-1 0
-1 0
-1 0
-1 0
-1 0
-1 0
-1 0
-1 0
-1 0
-1 0
-1 0
-1 0
-1 0
-1 0
-1 0
-1 0
-1 0
-1 0
-1 0
-1 0
-1 0
-1 0
-1 0
-1 0
-1 0
-1 0
-1 0
-1 0
-1 0
-1 0
-1 0
-1 0
-1 0
-1 0
-1 0
-1 0
-1 0
-1 0
-1 0
-1 0
-1 0
-1 0
-1 0
-1 0
-1 0
-1 0
-1 0
-1 0
-1 0
-1 0
-1 0
-1 0
-1 0
-1 0
-1 0
-1 0
-1 0
-1 0
-1 0
-1 0
-1 0
-1 0
-1 0
-1 0
-1 0
-1 0
-1 0
-1 0
-1 0
-1 0
-1 0
-1 0
-1 0
-1 0
-1 0
-1 0
-1 0
-1 0
-1 0
-1 0
-1 0
-1 0
-1 0
-1 0
-1 0
-1 0
-1 0
-1 0
-1 0
-1 0
-1 0
-1 0
-1 0
-1 0
-1 0
-1 0
-1 0
-1 0
-1 0
-1 0
-1 0
-1 0
-1 0
-1 0
-1 0
-1 0
-1 0
-1 0
-1 0
-1 0
-1 0
-1 0
-1 0
-1 0
-1 0
-1 0
-1 0
-1 0
-1 0
-1 0
-1 0
-1 0
-1 0
-1 0
-1 0
-1 0
-1 0
-1 0
-1 0
-1 0
-1 0
-1 0
-1 0
-1 0
-1 0
-1 0
-1 0
-1 0
-1 0
-1 0
-1 0
-1 0
-1 0
-1 0
-1 0
-1 0
-1 0
-1 0
-1 0
-1 0
-1 0
-1 0
-1 0
-1 0
-1 0
-1 0
-1 0
-1 0
-1 0
-1 0
-1 0
-1 0
-1 0
-1 0
-1 0
-1 0
-1 0
-1 0
-1 0
-1 0
-1 0
-1 0
-1 0
-1 0
-1 0
-1 0
-1 0
-1 0
-1 0
-1 0
-1 0
-1 0
-1 0
-1 0
-1 0
-1 0
-1 0
-1 0
-1 0
-1 0
-1 0
-1 0
-1 0
-1 0
-1 0
-1 0
-1 0
-1 0
-1 0
-1 0
-1 0
-1 0
-1 0
-1 0
-1 0
-1 0
-1 0
-1 0
-1 0
-1 0
-1 0
-1 0
-1 0
-1 0
-1 0
-1 0
-1 0
-1 0
-1 0
-1 0
-1 0
-1 0
-1 0
-1 0
-1 0
-1 0
-1 0
-1 0
-1 0
-1 0
-1 0
-1 0
-1 0
-1 0
-1 0
306 2816
311 3648
690 2752
695 3520
305 3200
694 3648
310 3072
-1 0
-1 0
-1 0
544 3200
-1 0
-1 0
-1 0
-1 0
-1 0
-1 0
-1 0
-1 0
-1 0
-1 0
-1 0
-1 0
-1 0
-1 0
-1 0
-1 0
-1 0
-1 0
-1 0
-1 0
-1 0
-1 0
-1 0
-1 0
-1 0
-1 0
-1 0
-1 0
-1 0
-1 0
-1 0
-1 0
-1 0
-1 0
-1 0
-1 0
-1 0
-1 0
-1 0
-1 0
-1 0
-1 0
-1 0
-1 0
-1 0
-1 0
-1 0
-1 0
-1 0
-1 0
-1 0
-1 0
-1 0
-1 0
-1 0
-1 0
-1 0
-1 0
-1 0
-1 0
-1 0
-1 0
-1 0
-1 0
-1 0
-1 0
-1 0
-1 0
-1 0
-1 0
-1 0
-1 0
-1 0
-1 0
-1 0
-1 0
-1 0
-1 0
-1 0
-1 0
-1 0
-1 0
-1 0
-1 0
-1 0
-1 0
-1 0
-1 0
-1 0
-1 0
-1 0
-1 0
-1 0
-1 0
-1 0
-1 0
-1 0
-1 0
-1 0
-1 0
-1 0
-1 0
-1 0
-1 0
-1 0
-1 0
-1 0
-1 0
-1 0
-1 0
-1 0
-1 0
-1 0
-1 0
-1 0
-1 0
-1 0
-1 0
-1 0
-1 0
-1 0
-1 0
-1 0
-1 0
-1 0
-1 0
-1 0
-1 0
-1 0
-1 0
-1 0
-1 0
-1 0
-1 0
-1 0
-1 0
-1 0
-1 0
-1 0
-1 0
-1 0
-1 0
-1 0
-1 0
-1 0
-1 0
-1 0
-1 0
-1 0
-1 0
-1 0
-1 0
-1 0
-1 0
-1 0
-1 0
-1 0
-1 0
-1 0
-1 0
-1 0
-1 0
-1 0
-1 0
-1 0
-1 0
-1 0
-1 0
-1 0
-1 0
-1 0
-1 0
-1 0
-1 0
-1 0
-1 0
-1 0
-1 0
-1 0
-1 0
-1 0
-1 0
-1 0
-1 0
-1 0
-1 0
-1 0
-1 0
-1 0
-1 0
-1 0
-1 0
-1 0
-1 0
-1 0
-1 0
-1 0
-1 0
-1 0
-1 0
-1 0
-1 0
-1 0
-1 0
-1 0
-1 0
-1 0
-1 0
-1 0
-1 0
-1 0
-1 0
-1 0
-1 0
-1 0
-1 0
-1 0
-1 0
-1 0
-1 0
-1 0
-1 0
-1 0
-1 0
-1 0
-1 0
-1 0
-1 0
-1 0
-1 0
-1 0
-1 0
-1 0
-1 0
-1 0
-1 0
-1 0
-1 0
-1 0
-1 0
-1 0
-1 0
-1 0
-1 0
-1 0
-1 0
-1 0
-1 0
-1 0
-1 0
-1 0
-1 0
-1 0
-1 0
-1 0
-1 0
-1 0
-1 0
-1 0
-1 0
-1 0
-1 0
-1 0
-1 0
-1 0
-1 0
-1 0
-1 0
-1 0
-1 0
-1 0
-1 0
-1 0
-1 0
-1 0
-1 0
-1 0
-1 0
-1 0
-1 0
-1 0
-1 0
-1 0
-1 0
-1 0
-1 0
-1 0
-1 0
-1 0
-1 0
-1 0
-1 0
-1 0
-1 0
-1 0
-1 0
-1 0
-1 0
-1 0
-1 0
-1 0
-1 0
-1 0
-1 0
-1 0
-1 0
-1 0
-1 0
-1 0
-1 0
-1 0
-1 0
-1 0
-1 0
-1 0
-1 0
-1 0
-1 0
-1 0
-1 0
-1 0
-1 0
-1 0
-1 0
-1 0
-1 0
-1 0
-1 0
-1 0
-1 0
-1 0
-1 0
-1 0
-1 0
-1 0
-1 0
-1 0
-1 0
-1 0
-1 0
-1 0
-1 0
-1 0
-1 0
-1 0
-1 0
-1 0
-1 0
-1 0
-1 0
-1 0
-1 0
-1 0
-1 0
-1 0
-1 0
-1 0
-1 0
-1 0
-1 0
-1 0
-1 0
-1 0
-1 0
-1 0
-1 0
-1 0
-1 0
-1 0
-1 0
-1 0
-1 0
-1 0
-1 0
-1 0
-1 0
-1 0
-1 0
-1 0
-1 0
542 3072
692 3520
163 2561
154 2496
693 3392
689 2496
-1 0
-1 0
-1 0
-1 0
-1 0
-1 0
-1 0
-1 0
-1 0
307 1280
304 1600
-1 0
-1 0
-1 0
-1 0
-1 0
-1 0
-1 0
-1 0
-1 0
-1 0
-1 0
-1 0
-1 0
-1 0
-1 0
-1 0
-1 0
-1 0
-1 0
-1 0
-1 0
-1 0
-1 0
-1 0
-1 0
-1 0
-1 0
-1 0
-1 0
-1 0
-1 0
-1 0
-1 0
-1 0
-1 0
-1 0
-1 0
-1 0
-1 0
-1 0
-1 0
-1 0
-1 0
-1 0
-1 0
-1 0
-1 0
-1 0
-1 0
-1 0
-1 0
-1 0
-1 0
-1 0
-1 0
-1 0
-1 0
-1 0
-1 0
-1 0
-1 0
-1 0
-1 0
-1 0
-1 0
-1 0
-1 0
-1 0
-1 0
-1 0
-1 0
-1 0
-1 0
-1 0
-1 0
-1 0
-1 0
-1 0
-1 0
-1 0
-1 0
-1 0
-1 0
-1 0
-1 0
-1 0
-1 0
-1 0
-1 0
-1 0
-1 0
-1 0
-1 0
-1 0
-1 0
-1 0
-1 0
-1 0
-1 0
-1 0
-1 0
-1 0
-1 0
-1 0
-1 0
-1 0
-1 0
-1 0
-1 0
-1 0
-1 0
-1 0
-1 0
-1 0
-1 0
-1 0
-1 0
-1 0
-1 0
-1 0
-1 0
-1 0
-1 0
-1 0
-1 0
-1 0
-1 0
-1 0
-1 0
-1 0
-1 0
-1 0
-1 0
-1 0
-1 0
-1 0
-1 0
-1 0
-1 0
-1 0
-1 0
-1 0
-1 0
-1 0
-1 0
-1 0
-1 0
-1 0
-1 0
-1 0
-1 0
-1 0
-1 0
-1 0
-1 0
-1 0
-1 0
-1 0
-1 0
-1 0
-1 0
-1 0
-1 0
-1 0
-1 0
-1 0
-1 0
-1 0
-1 0
-1 0
-1 0
-1 0
-1 0
-1 0
-1 0
-1 0
-1 0
-1 0
-1 0
-1 0
-1 0
-1 0
-1 0
-1 0
-1 0
-1 0
-1 0
-1 0
-1 0
-1 0
-1 0
-1 0
-1 0
-1 0
-1 0
-1 0
-1 0
-1 0
-1 0
-1 0
-1 0
-1 0
-1 0
-1 0
-1 0
-1 0
-1 0
-1 0
-1 0
-1 0
-1 0
-1 0
-1 0
-1 0
-1 0
-1 0
-1 0
-1 0
-1 0
-1 0
-1 0
-1 0
-1 0
-1 0
-1 0
-1 0
-1 0
-1 0
-1 0
-1 0
-1 0
-1 0
-1 0
-1 0
-1 0
-1 0
-1 0
-1 0
-1 0
-1 0
-1 0
-1 0
-1 0
-1 0
-1 0
-1 0
-1 0
-1 0
-1 0
-1 0
-1 0
-1 0
-1 0
-1 0
-1 0
-1 0
-1 0
-1 0
-1 0
-1 0
-1 0
-1 0
-1 0
-1 0
-1 0
-1 0
-1 0
-1 0
-1 0
-1 0
-1 0
-1 0
-1 0
-1 0
-1 0
-1 0
-1 0
-1 0
-1 0
-1 0
-1 0
-1 0
-1 0
-1 0
-1 0
-1 0
-1 0
-1 0
-1 0
-1 0
-1 0
-1 0
-1 0
-1 0
-1 0
-1 0
-1 0
-1 0
-1 0
-1 0
-1 0
-1 0
-1 0
-1 0
-1 0
-1 0
-1 0
-1 0
-1 0
-1 0
-1 0
-1 0
-1 0
-1 0
-1 0
-1 0
-1 0
-1 0
-1 0
-1 0
-1 0
-1 0
-1 0
-1 0
-1 0
-1 0
-1 0
-1 0
-1 0
-1 0
-1 0
-1 0
-1 0
-1 0
-1 0
-1 0
-1 0
-1 0
-1 0
-1 0
-1 0
-1 0
-1 0
-1 0
-1 0
-1 0
-1 0
-1 0
-1 0
-1 0
-1 0
-1 0
-1 0
-1 0
-1 0
-1 0
-1 0
-1 0
-1 0
-1 0
-1 0
-1 0
-1 0
-1 0
-1 0
-1 0
-1 0
-1 0
-1 0
-1 0
-1 0
-1 0
-1 0
-1 0
-1 0
-1 0
-1 0
-1 0
-1 0
-1 0
-1 0
-1 0
-1 0
-1 0
-1 0
691 3968
688 3904
921 3328
309 3648
308 3904
156 3328
775 3712
-1 0
-1 0
-1 0
-1 0
-1 0
-1 0
-1 0
165 1
-1 0
-1 0
-1 0
-1 0
-1 0
-1 0
-1 0
-1 0
-1 0
-1 0
-1 0
-1 0
-1 0
-1 0
-1 0
-1 0
-1 0
-1 0
-1 0
-1 0
-1 0
-1 0
-1 0
165 1
-1 0
-1 0
-1 0
-1 0
-1 0
-1 0
-1 0
165 1
-1 0
-1 0
-1 0
-1 0
-1 0
-1 0
-1 0
-1 0
-1 0
-1 0
-1 0
-1 0
-1 0
165 1
-1 0
-1 0
-1 0
-1 0
-1 0
-1 0
-1 0
-1 0
-1 0
-1 0
165 1
-1 0
-1 0
-1 0
-1 0
-1 0
-1 0
-1 0
-1 0
-1 0
-1 0
-1 0
-1 0
-1 0
-1 0
-1 0
-1 0
-1 0
-1 0
-1 0
-1 0
-1 0
-1 0
-1 0
-1 0
-1 0
-1 0
-1 0
-1 0
-1 0
165 1
-1 0
-1 0
-1 0
-1 0
-1 0
-1 0
-1 0
-1 0
-1 0
-1 0
-1 0
-1 0
-1 0
-1 0
-1 0
-1 0
-1 0
-1 0
-1 0
-1 0
165 1
-1 0
-1 0
-1 0
-1 0
-1 0
-1 0
-1 0
-1 0
-1 0
-1 0
-1 0
-1 0
-1 0
165 1
-1 0
-1 0
-1 0
-1 0
-1 0
-1 0
-1 0
-1 0
-1 0
-1 0
-1 0
-1 0
-1 0
-1 0
-1 0
-1 0
-1 0
-1 0
-1 0
-1 0
-1 0
-1 0
-1 0
-1 0
-1 0
-1 0
-1 0
-1 0
-1 0
-1 0
-1 0
-1 0
-1 0
-1 0
-1 0
-1 0
-1 0
-1 0
-1 0
-1 0
-1 0
-1 0
-1 0
-1 0
-1 0
-1 0
-1 0
-1 0
-1 0
-1 0
165 1
-1 0
-1 0
-1 0
-1 0
-1 0
-1 0
-1 0
-1 0
-1 0
-1 0
-1 0
-1 0
165 1
-1 0
-1 0
-1 0
-1 0
-1 0
165 1
-1 0
-1 0
-1 0
-1 0
-1 0
-1 0
165 1
-1 0
-1 0
-1 0
-1 0
-1 0
-1 0
-1 0
-1 0
-1 0
-1 0
-1 0
-1 0
-1 0
165 1
-1 0
-1 0
-1 0
-1 0
-1 0
-1 0
-1 0
-1 0
-1 0
-1 0
-1 0
-1 0
-1 0
165 1
-1 0
-1 0
-1 0
-1 0
-1 0
-1 0
-1 0
-1 0
-1 0
-1 0
-1 0
-1 0
-1 0
-1 0
-1 0
-1 0
-1 0
-1 0
-1 0
-1 0
-1 0
-1 0
-1 0
-1 0
-1 0
165 1
-1 0
-1 0
-1 0
-1 0
-1 0
-1 0
-1 0
165 1
-1 0
-1 0
-1 0
-1 0
-1 0
-1 0
-1 0
165 1
-1 0
-1 0
-1 0
-1 0
-1 0
-1 0
-1 0
-1 0
-1 0
-1 0
-1 0
-1 0
-1 0
-1 0
-1 0
-1 0
-1 0
-1 0
-1 0
-1 0
-1 0
-1 0
-1 0
165 1
-1 0
-1 0
-1 0
-1 0
-1 0
-1 0
-1 0
165 1
-1 0
-1 0
-1 0
-1 0
-1 0
165 1
-1 0
-1 0
-1 0
-1 0
-1 0
-1 0
-1 0
-1 0
-1 0
-1 0
-1 0
-1 0
165 1
-1 0
-1 0
-1 0
-1 0
-1 0
-1 0
165 1
-1 0
-1 0
-1 0
-1 0
-1 0
-1 0
-1 0
-1 0
-1 0
-1 0
165 1
-1 0
-1 0
-1 0
-1 0
-1 0
-1 0
-1 0
-1 0
-1 0
-1 0
-1 0
-1 0
-1 0
-1 0
-1 0
-1 0
-1 0
-1 0
-1 0
-1 0
-1 0
-1 0
-1 0
-1 0
-1 0
-1 0
-1 0
-1 0
-1 0
165 1
-1 0
-1 0
-1 0
-1 0
-1 0
-1 0
-1 0
-1 0
-1 0
-1 0
-1 0
-1 0
-1 0
-1 0
543 3264
164 2945
926 2496
166 1
10 2624
396 3073
162 3008
160 3008
-1 0
-1 0
-1 0
-1 0
-1 0
-1 0
-1 0
-1 0
-1 0
-1 0
-1 0
-1 0
-1 0
-1 0
-1 0
-1 0
166 1
-1 0
-1 0
-1 0
-1 0
-1 0
-1 0
-1 0
-1 0
-1 0
-1 0
-1 0
-1 0
-1 0
-1 0
-1 0
-1 0
-1 0
-1 0
166 1
-1 0
-1 0
-1 0
-1 0
-1 0
-1 0
-1 0
166 1
-1 0
-1 0
-1 0
-1 0
-1 0
-1 0
-1 0
-1 0
-1 0
-1 0
-1 0
166 1
-1 0
-1 0
-1 0
-1 0
-1 0
166 1
-1 0
-1 0
-1 0
-1 0
-1 0
-1 0
-1 0
-1 0
-1 0
-1 0
-1 0
-1 0
-1 0
-1 0
-1 0
-1 0
-1 0
-1 0
-1 0
-1 0
-1 0
-1 0
-1 0
-1 0
-1 0
-1 0
-1 0
-1 0
-1 0
-1 0
-1 0
-1 0
-1 0
-1 0
-1 0
-1 0
-1 0
-1 0
-1 0
-1 0
-1 0
-1 0
-1 0
-1 0
-1 0
-1 0
-1 0
-1 0
-1 0
-1 0
-1 0
166 1
-1 0
-1 0
-1 0
-1 0
-1 0
-1 0
-1 0
-1 0
-1 0
-1 0
-1 0
-1 0
-1 0
-1 0
-1 0
-1 0
-1 0
-1 0
-1 0
-1 0
-1 0
-1 0
-1 0
-1 0
166 1
-1 0
-1 0
-1 0
-1 0
-1 0
-1 0
-1 0
-1 0
-1 0
-1 0
-1 0
-1 0
-1 0
-1 0
-1 0
-1 0
-1 0
-1 0
-1 0
166 1
-1 0
-1 0
-1 0
-1 0
-1 0
-1 0
-1 0
-1 0
-1 0
166 1
-1 0
-1 0
-1 0
-1 0
-1 0
-1 0
-1 0
-1 0
-1 0
-1 0
-1 0
-1 0
-1 0
166 1
-1 0
-1 0
-1 0
-1 0
-1 0
-1 0
-1 0
-1 0
-1 0
-1 0
-1 0
-1 0
166 1
-1 0
-1 0
-1 0
-1 0
-1 0
166 1
-1 0
-1 0
-1 0
-1 0
-1 0
-1 0
166 1
-1 0
-1 0
-1 0
-1 0
-1 0
166 1
-1 0
-1 0
-1 0
-1 0
-1 0
-1 0
-1 0
-1 0
-1 0
-1 0
166 1
-1 0
-1 0
-1 0
-1 0
-1 0
-1 0
-1 0
-1 0
-1 0
-1 0
-1 0
-1 0
-1 0
-1 0
-1 0
-1 0
-1 0
-1 0
-1 0
-1 0
-1 0
-1 0
-1 0
-1 0
-1 0
166 1
-1 0
-1 0
-1 0
-1 0
-1 0
-1 0
-1 0
-1 0
-1 0
-1 0
-1 0
-1 0
-1 0
-1 0
-1 0
-1 0
-1 0
-1 0
166 1
-1 0
-1 0
-1 0
-1 0
-1 0
166 1
-1 0
-1 0
-1 0
-1 0
-1 0
-1 0
-1 0
-1 0
-1 0
-1 0
-1 0
-1 0
-1 0
-1 0
-1 0
-1 0
-1 0
-1 0
166 1
-1 0
-1 0
-1 0
-1 0
166 1
-1 0
-1 0
-1 0
-1 0
-1 0
-1 0
-1 0
166 1
-1 0
-1 0
-1 0
-1 0
-1 0
166 1
-1 0
-1 0
-1 0
-1 0
-1 0
-1 0
166 1
-1 0
-1 0
-1 0
-1 0
-1 0
-1 0
166 1
-1 0
-1 0
-1 0
166 1
-1 0
-1 0
-1 0
-1 0
-1 0
166 1
-1 0
-1 0
-1 0
-1 0
-1 0
-1 0
-1 0
166 1
-1 0
-1 0
-1 0
-1 0
-1 0
166 1
-1 0
-1 0
-1 0
-1 0
166 1
-1 0
-1 0
-1 0
-1 0
166 1
-1 0
-1 0
-1 0
-1 0
-1 0
-1 0
166 1
-1 0
-1 0
-1 0
-1 0
-1 0
166 1
-1 0
-1 0
-1 0
166 1
-1 0
-1 0
-1 0
-1 0
-1 0
166 1
-1 0
-1 0
8 3264
774 2880
167 1
551 1
388 3200
11 3073
546 2816
-1 0
-1 0
167 1
551 1
-1 0
-1 0
-1 0
-1 0
-1 0
167 1
551 1
-1 0
-1 0
-1 0
-1 0
167 1
-1 0
-1 0
-1 0
-1 0
167 1
551 1
-1 0
-1 0
-1 0
-1 0
778 3072
-1 0
167 1
551 1
-1 0
-1 0
-1 0
-1 0
-1 0
167 1
551 1
-1 0
-1 0
-1 0
-1 0
-1 0
167 1
551 1
-1 0
-1 0
-1 0
-1 0
-1 0
167 1
551 1
-1 0
-1 0
-1 0
-1 0
-1 0
-1 0
-1 0
-1 0
-1 0
167 1
551 1
-1 0
-1 0
-1 0
-1 0
-1 0
167 1
-1 0
-1 0
-1 0
-1 0
-1 0
167 1
551 1
-1 0
-1 0
-1 0
-1 0
-1 0
-1 0
167 1
551 1
-1 0
-1 0
-1 0
-1 0
-1 0
-1 0
551 1
-1 0
-1 0
-1 0
-1 0
-1 0
167 1
551 1
-1 0
-1 0
-1 0
-1 0
551 1
-1 0
-1 0
-1 0
-1 0
-1 0
-1 0
167 1
551 1
-1 0
-1 0
-1 0
-1 0
-1 0
-1 0
167 1
551 1
-1 0
-1 0
-1 0
-1 0
167 1
551 1
-1 0
-1 0
-1 0
-1 0
-1 0
167 1
551 1
-1 0
-1 0
-1 0
-1 0
-1 0
-1 0
167 1
551 1
-1 0
-1 0
-1 0
167 1
551 1
-1 0
-1 0
-1 0
-1 0
-1 0
-1 0
167 1
551 1
-1 0
-1 0
-1 0
167 1
551 1
-1 0
-1 0
-1 0
-1 0
-1 0
-1 0
167 1
551 1
-1 0
-1 0
-1 0
167 1
551 1
-1 0
-1 0
-1 0
167 1
551 1
-1 0
-1 0
-1 0
-1 0
167 1
551 1
-1 0
-1 0
-1 0
-1 0
-1 0
-1 0
167 1
551 1
-1 0
-1 0
-1 0
167 1
551 1
-1 0
-1 0
-1 0
167 1
551 1
-1 0
-1 0
-1 0
-1 0
167 1
551 1
-1 0
-1 0
-1 0
-1 0
-1 0
167 1
551 1
-1 0
-1 0
-1 0
-1 0
167 1
551 1
-1 0
-1 0
-1 0
-1 0
-1 0
-1 0
167 1
551 1
-1 0
-1 0
-1 0
167 1
-1 0
-1 0
-1 0
-1 0
-1 0
167 1
551 1
-1 0
-1 0
-1 0
-1 0
-1 0
-1 0
167 1
551 1
-1 0
-1 0
-1 0
-1 0
167 1
-1 0
-1 0
-1 0
-1 0
-1 0
167 1
551 1
-1 0
-1 0
-1 0
-1 0
-1 0
-1 0
167 1
551 1
-1 0
-1 0
-1 0
-1 0
167 1
551 1
-1 0
-1 0
-1 0
-1 0
-1 0
-1 0
167 1
551 1
-1 0
-1 0
-1 0
-1 0
-1 0
-1 0
167 1
551 1
-1 0
-1 0
-1 0
-1 0
-1 0
-1 0
551 1
-1 0
-1 0
-1 0
-1 0
-1 0
-1 0
551 1
-1 0
-1 0
-1 0
-1 0
-1 0
-1 0
167 1
551 1
-1 0
-1 0
-1 0
167 1
551 1
-1 0
-1 0
-1 0
-1 0
-1 0
167 1
551 1
-1 0
-1 0
-1 0
167 1
551 1
-1 0
-1 0
-1 0
-1 0
-1 0
167 1
551 1
-1 0
-1 0
-1 0
-1 0
167 1
551 1
-1 0
-1 0
167 1
551 1
-1 0
-1 0
-1 0
-1 0
-1 0
167 1
551 1
-1 0
-1 0
-1 0
-1 0
167 1
551 1
-1 0
-1 0
167 1
551 1
-1 0
-1 0
-1 0
-1 0
-1 0
167 1
551 1
-1 0
-1 0
-1 0
-1 0
167 1
551 1
-1 0
-1 0
-1 0
167 1
551 1
-1 0
-1 0
-1 0
-1 0
-1 0
167 1
551 1
-1 0
-1 0
-1 0
-1 0
-1 0
167 1
551 1
-1 0
-1 0
-1 0
-1 0
167 1
551 1
-1 0
925 3136
552 1
158 3712
923 2880
16 1
779 2945
-1 0
552 1
-1 0
-1 0
16 1
-1 0
704 65
-1 0
552 1
-1 0
777 3072
704 1
16 1
-1 0
-1 0
-1 0
552 1
704 1
16 1
-1 0
-1 0
-1 0
552 1
-1 0
-1 0
704 1
16 1
-1 0
-1 0
552 1
-1 0
-1 0
704 1
16 1
-1 0
-1 0
-1 0
704 1
16 1
-1 0
-1 0
-1 0
704 1
16 1
-1 0
-1 0
552 1
-1 0
-1 0
704 1
16 1
-1 0
-1 0
-1 0
-1 0
704 1
-1 0
-1 0
552 1
-1 0
-1 0
704 1
16 1
-1 0
-1 0
552 1
-1 0
704 1
16 1
-1 0
-1 0
552 1
-1 0
704 1
-1 0
-1 0
-1 0
704 1
16 1
-1 0
-1 0
-1 0
-1 0
704 1
-1 0
-1 0
552 1
-1 0
704 1
-1 0
-1 0
-1 0
704 1
16 1
-1 0
-1 0
552 1
-1 0
-1 0
704 1
-1 0
-1 0
-1 0
704 1
16 1
-1 0
-1 0
-1 0
552 1
-1 0
-1 0
704 1
16 1
-1 0
-1 0
552 1
-1 0
704 1
16 1
-1 0
-1 0
-1 0
552 1
-1 0
704 1
16 1
-1 0
-1 0
-1 0
552 1
-1 0
-1 0
704 1
16 1
-1 0
-1 0
-1 0
552 1
-1 0
-1 0
704 1
16 1
-1 0
-1 0
552 1
-1 0
704 1
-1 0
-1 0
552 1
-1 0
704 1
-1 0
-1 0
552 1
-1 0
704 1
-1 0
-1 0
-1 0
704 1
16 1
-1 0
-1 0
-1 0
552 1
-1 0
704 1
16 1
-1 0
-1 0
552 1
-1 0
-1 0
704 1
16 1
-1 0
-1 0
-1 0
704 1
16 1
-1 0
-1 0
552 1
-1 0
-1 0
704 1
16 1
-1 0
-1 0
-1 0
552 1
-1 0
-1 0
704 1
16 1
-1 0
-1 0
-1 0
552 1
-1 0
704 1
16 1
-1 0
-1 0
-1 0
552 1
-1 0
-1 0
704 1
-1 0
-1 0
552 1
-1 0
704 1
16 1
-1 0
-1 0
-1 0
552 1
-1 0
704 1
16 1
-1 0
-1 0
-1 0
704 1
16 1
-1 0
-1 0
552 1
-1 0
-1 0
704 1
16 1
-1 0
-1 0
-1 0
552 1
-1 0
-1 0
704 1
16 1
-1 0
-1 0
552 1
-1 0
704 1
16 1
-1 0
-1 0
-1 0
552 1
-1 0
-1 0
704 1
16 1
-1 0
-1 0
-1 0
704 1
-1 0
-1 0
552 1
-1 0
-1 0
704 1
16 1
-1 0
-1 0
-1 0
552 1
-1 0
704 1
-1 0
-1 0
552 1
-1 0
704 1
16 1
-1 0
-1 0
-1 0
552 1
-1 0
-1 0
704 1
-1 0
-1 0
552 1
-1 0
-1 0
704 1
16 1
-1 0
-1 0
-1 0
552 1
-1 0
-1 0
704 1
16 1
-1 0
-1 0
552 1
-1 0
-1 0
704 1
-1 0
-1 0
552 1
-1 0
-1 0
704 1
16 1
-1 0
-1 0
552 1
-1 0
-1 0
704 1
16 1
-1 0
-1 0
552 1
-1 0
704 1
16 1
-1 0
-1 0
-1 0
-1 0
704 1
-1 0
-1 0
552 1
-1 0
704 1
-1 0
-1 0
552 1
-1 0
704 1
16 1
-1 0
-1 0
-1 0
-1 0
704 1
16 1
-1 0
-1 0
-1 0
552 1
-1 0
-1 0
704 1
16 1
-1 0
-1 0
552 1
-1 0
-1 0
704 1
16 1
-1 0
-1 0
-1 0
-1 0
704 1
-1 0
-1 0
-1 0
704 1
16 1
-1 0
-1 0
552 1
-1 0
-1 0
704 1
-1 0
-1 0
-1 0
-1 0
-1 0
704 1
320 3777
169 1
553 1
705 1
-1 0
13 3969
785 1
0 3968
0 3968
0 3968
0 3968
