0.000000	0	8272	8	1
0.132507	0	8288	8	1
0.265014	0	8264	24	0
0.270736	0	8296	8	0
0.272643	0	8312	8	0
0.274550	0	8392	64	0
0.289808	0	110656	8	0
0.291715	0	110816	48	0
0.303158	0	112696	88	0
0.324138	0	135200	32	0
0.331766	0	139784	8	0
0.333674	0	148976	8	0
0.335581	0	180280	8	0
0.337488	0	184376	8	0
0.339395	0	195472	40	0
0.348931	0	204272	56	0
0.362282	0	221240	8	0
0.364189	0	278528	64	0
0.379446	0	279616	64	0
0.394704	0	319536	16	0
0.398518	0	335920	16	0
0.402333	0	344120	8	0
0.404240	0	356408	8	0
0.406147	0	364600	8	0
0.408054	0	374928	16	0
0.411869	0	380984	8	0
0.413776	0	385080	8	0
0.415683	0	421944	8	0
0.417590	0	426040	8	0
0.419498	0	569400	8	0
0.421405	0	577592	8	0
0.423312	0	589880	8	0
0.425219	0	610360	8	0
0.427126	0	622648	8	0
0.429034	0	688184	8	0
0.430941	0	696376	8	0
0.432848	0	700472	8	0
0.434755	0	704552	24	0
0.440477	0	712760	8	0
0.442384	0	716856	8	0
0.444291	0	733224	24	0
0.450013	0	778296	8	0
0.451920	0	782392	8	0
0.453827	0	798784	16	0
0.457642	0	831544	8	0
0.459549	0	852032	16	0
0.463363	0	862272	64	0
0.478621	0	876608	16	0
0.482435	0	879696	8	0
0.484342	0	42208352	8	0
0.486250	0	42268232	8	0
0.488157	0	8304	8	1
0.620664	0	8288	8	0
0.622571	0	72	8	0
0.624478	0	78016	8	0
0.626386	0	108656	80	0
0.645458	0	131128	8	0
0.647365	0	602168	8	0
0.649272	0	806968	8	0
0.651179	0	827384	72	0
0.668344	0	880696	8	0
0.670251	0	883240	8	0
0.672158	0	917048	8	0
0.674066	0	930360	8	0
0.675973	0	946752	8	0
0.677880	0	963144	8	0
0.679787	0	987728	8	0
0.681694	0	1020448	80	0
0.700766	0	1102464	16	0
0.704581	0	1118864	8	0
0.706488	0	1209016	8	0
0.708395	0	1263680	56	0
0.721746	0	1296440	72	0
0.738910	0	1310776	8	0
0.740818	0	1373896	8	0
0.742725	0	1377008	24	0
0.748446	0	1392696	8	0
0.750354	0	1417272	8	0
0.752261	0	1425464	8	0
0.754168	0	1429496	72	0
0.771333	0	1445872	80	0
0.790405	0	1458288	8	0
0.792312	0	1488864	8	0
0.794219	0	1507144	8	0
0.796126	0	1507384	8	0
0.798034	0	1523752	24	0
0.803755	0	1527848	24	0
0.809477	0	1531960	8	0
0.811384	0	1544064	8	0
0.813291	0	1552440	8	0
0.815198	0	1627744	8	0
0.817106	0	42268456	8	0
0.819013	0	1378936	8	0
0.820920	0	864240	8	0
0.822827	0	868408	8	0
0.824734	0	872504	8	0
0.826642	0	883752	8	0
0.828549	0	883984	8	0
0.830456	0	910424	8	0
0.832363	0	911560	8	0
0.834270	0	918408	8	0
0.836178	0	923840	8	0
0.838085	0	924224	8	0
0.839992	0	924456	8	0
0.841899	0	925568	8	0
0.843806	0	928960	8	0
0.845714	0	929904	8	0
0.847621	0	930168	8	0
0.849528	0	930312	8	0
0.851435	0	932984	8	0
0.853342	0	933760	8	0
0.855250	0	934016	8	0
0.857157	0	934792	8	0
0.859064	0	938032	8	0
0.860971	0	940392	8	0
0.862878	0	940640	8	0
0.864786	0	946640	8	0
0.866693	0	953696	8	0
0.868600	0	956504	8	0
0.870507	0	959056	8	0
0.872414	0	962568	8	0
0.874322	0	963952	16	0
0.878136	0	964832	8	0
0.880043	0	967216	8	0
0.881950	0	968072	8	0
0.883858	0	970840	8	0
0.885765	0	971176	8	0
0.887672	0	973040	8	0
0.889579	0	973456	8	0
0.891486	0	977056	8	0
0.893394	0	977472	8	0
0.895301	0	985472	8	0
0.897208	0	990976	8	0
0.899115	0	991056	8	0
0.901022	0	1006832	8	0
0.902930	0	1012072	8	0
0.904837	0	1015960	8	0
0.906744	0	1023696	8	0
0.908651	0	1029904	8	0
0.910558	0	1031016	8	0
0.912466	0	1034064	8	0
0.914373	0	1036488	8	0
0.916280	0	1036920	8	0
0.918187	0	1041616	8	0
0.920094	0	1042264	8	0
0.922002	0	1047216	8	0
0.923909	0	1048936	8	0
0.925816	0	1049872	8	0
0.927723	0	1063400	8	0
0.929630	0	1070064	8	0
0.931538	0	1076080	8	0
0.933445	0	1076640	8	0
0.935352	0	1080768	8	0
0.937259	0	1090936	8	0
0.939166	0	1109552	8	0
0.941074	0	1115160	8	0
0.942981	0	1130952	8	0
0.944888	0	1136360	8	0
0.946795	0	1157344	8	0
0.948702	0	1160136	8	0
0.950610	0	1162752	8	0
0.952517	0	1169648	8	0
0.954424	0	1175424	8	0
0.956331	0	1179840	8	0
0.958238	0	1199168	8	0
0.960146	0	1199192	8	0
0.962053	0	1200872	8	0
0.963960	0	1208744	8	0
0.965867	0	1217744	8	0
0.967774	0	1219784	8	0
0.969682	0	1224696	8	0
0.971589	0	1225920	8	0
0.973496	0	1234888	8	0
0.975403	0	1237016	8	0
0.977310	0	1250832	8	0
0.979218	0	1258008	8	0
0.981125	0	1262464	8	0
0.983032	0	1292432	8	0
0.984939	0	1309464	8	0
0.986846	0	1327136	8	0
0.988754	0	1360776	8	0
0.990661	0	1361184	8	0
0.992568	0	1366024	8	0
0.994475	0	1370544	8	0
0.996382	0	1384272	8	0
0.998290	0	1389008	8	0
1.000197	0	1389952	8	0
1.002104	0	1474880	8	0
1.004011	0	1480960	8	0
1.005918	0	1542672	8	0
1.007826	0	1593400	8	0
1.009733	0	1604032	8	0
1.011640	0	1626200	8	0
1.013547	0	1631440	8	0
1.015454	0	42331464	8	0
1.017362	0	978760	8	0
1.019269	0	979920	8	0
1.021176	0	986816	8	0
1.023083	0	996008	8	0
1.024990	0	1033088	8	0
1.026898	0	1047120	8	0
1.028805	0	1047232	8	0
1.030712	0	1051376	8	0
1.032619	0	1060208	8	0
1.034526	0	1068568	8	0
1.036434	0	1072224	8	0
1.038341	0	1085728	8	0
1.040248	0	1093288	8	0
1.042155	0	1098112	8	0
1.044062	0	1118576	8	0
1.045970	0	1128872	8	0
1.047877	0	1132848	8	0
1.049784	0	1133824	8	0
1.051691	0	1146032	8	0
1.053598	0	1156656	8	0
1.055506	0	1178176	8	0
1.057413	0	1186144	8	0
1.059320	0	1186536	8	0
1.061227	0	1203944	8	0
1.063134	0	1211208	8	0
1.065042	0	1213248	8	0
1.066949	0	1224792	8	0
1.068856	0	1226464	8	0
1.070763	0	1228712	8	0
1.072670	0	1231520	8	0
1.074578	0	1234080	8	0
1.076485	0	1243320	8	0
1.078392	0	1245064	8	0
1.080299	0	1255976	8	0
1.082206	0	1258296	8	0
1.084114	0	1265448	8	0
1.086021	0	1273912	8	0
1.087928	0	1284952	8	0
1.089835	0	1292128	8	0
1.091742	0	1292304	8	0
1.093650	0	1295160	8	0
1.095557	0	1308544	8	0
1.097464	0	1329344	8	0
1.099371	0	1331432	8	0
1.101278	0	1333640	8	0
1.103186	0	1338128	8	0
1.105093	0	1338768	8	0
1.107000	0	1348624	8	0
1.108907	0	1375936	8	0
1.110814	0	1382536	8	0
1.112722	0	1384896	8	0
1.114629	0	1386840	8	0
1.116536	0	1390640	8	0
1.118443	0	1392808	8	0
1.120350	0	1404064	8	0
1.122258	0	1405688	8	0
1.124165	0	1418016	8	0
1.126072	0	1418352	8	0
1.127979	0	1419200	8	0
1.129886	0	1420664	8	0
1.131794	0	1422200	8	0
1.133701	0	1425784	8	0
1.135608	0	1440472	8	0
1.137515	0	1441128	8	0
1.139422	0	1451616	8	0
1.141330	0	1452448	8	0
1.143237	0	1454104	8	0
1.145144	0	1460960	8	0
1.147051	0	1464144	8	0
1.148958	0	1467040	8	0
1.150866	0	1481592	8	0
1.152773	0	1487376	8	0
1.154680	0	1493272	8	0
1.156587	0	1499192	8	0
1.158494	0	1500056	8	0
1.160402	0	1504144	8	0
1.162309	0	1505248	8	0
1.164216	0	1507432	8	0
1.166123	0	1520696	8	0
1.168030	0	1522760	8	0
1.169938	0	1445928	8	0
1.171845	0	78016	8	0
1.173752	0	826440	8	0
1.175659	0	881848	8	0
1.177566	0	882576	8	0
1.179474	0	913656	8	0
1.181381	0	915808	8	0
1.183288	0	915824	8	0
1.185195	0	928296	8	0
1.187102	0	932952	8	0
1.189010	0	936824	8	0
1.190917	0	942400	8	0
1.192824	0	945472	8	0
1.194731	0	947520	8	0
1.196638	0	947912	8	0
1.198546	0	948536	8	0
1.200453	0	948744	8	0
1.202360	0	959208	8	0
1.204267	0	961768	8	0
1.206174	0	965744	8	0
1.208082	0	970808	8	0
1.209989	0	971024	8	0
1.211896	0	971920	8	0
1.213803	0	973936	8	0
1.215710	0	979784	8	0
1.217618	0	980752	8	0
1.219525	0	996696	8	0
1.221432	0	997072	8	0
1.223339	0	998888	8	0
1.225246	0	1002560	8	0
1.227154	0	1015240	8	0
1.229061	0	1017704	8	0
1.230968	0	1018768	8	0
1.232875	0	1026584	8	0
1.234782	0	1030200	8	0
1.236690	0	1042160	8	0
1.238597	0	1059128	8	0
1.240504	0	1076920	8	0
1.242411	0	1079048	8	0
1.244318	0	1082368	8	0
1.246226	0	1090016	8	0
1.248133	0	1095720	8	0
1.250040	0	1099416	8	0
1.251947	0	1117488	8	0
1.253854	0	1125872	8	0
1.255762	0	1141592	8	0
1.257669	0	1142912	8	0
1.259576	0	1143200	8	0
1.261483	0	1153152	8	0
1.263390	0	1168848	8	0
1.265298	0	1181568	8	0
1.267205	0	1195864	8	0
1.269112	0	1196144	8	0
1.271019	0	1197312	8	0
1.272926	0	1198856	8	0
1.274834	0	1202568	8	0
1.276741	0	1211120	8	0
1.278648	0	1219584	8	0
1.280555	0	1224624	8	0
1.282462	0	1228664	8	0
1.284370	0	1237512	8	0
1.286277	0	1240192	8	0
1.288184	0	1254504	8	0
1.290091	0	1263288	8	0
1.291998	0	1278384	8	0
1.293906	0	1283976	8	0
1.295813	0	1290160	8	0
1.297720	0	1292384	8	0
1.299627	0	1309392	8	0
1.301534	0	1323120	8	0
1.303442	0	1323432	8	0
1.305349	0	1325096	8	0
1.307256	0	1326080	8	0
1.309163	0	1329136	8	0
1.311070	0	1330528	8	0
1.312978	0	1336376	8	0
1.314885	0	1338672	8	0
1.316792	0	1341736	8	0
1.318699	0	1357864	8	0
1.320606	0	1359920	8	0
1.322514	0	1376544	8	0
1.324421	0	1378232	8	0
1.326328	0	1379968	8	0
1.328235	0	1385448	8	0
1.330142	0	1386376	8	0
1.332050	0	1386736	8	0
1.333957	0	1387432	8	0
1.335864	0	1403016	8	0
1.337771	0	1409912	8	0
1.339678	0	1410960	8	0
1.341586	0	1411472	8	0
1.343493	0	1426744	8	0
1.345400	0	1433032	8	0
1.347307	0	1451336	8	0
1.349214	0	1469032	8	0
1.351122	0	1479984	8	0
1.353029	0	1485008	8	0
1.354936	0	1494312	8	0
1.356843	0	1498064	8	0
1.358750	0	1500848	8	0
1.360658	0	1503224	8	0
1.362565	0	1515688	8	0
1.364472	0	1518936	8	0
1.366379	0	1521304	8	0
1.368286	0	1525424	8	0
1.370194	0	1525920	8	0
1.372101	0	1530544	8	0
1.374008	0	1531592	8	0
1.375915	0	1532072	8	0
1.377822	0	1532608	8	0
1.379730	0	1532936	8	0
1.381637	0	1538688	8	0
1.383544	0	1540600	8	0
1.385451	0	1542920	8	0
1.387358	0	1543056	8	0
1.389266	0	1543152	8	0
1.391173	0	1552832	8	0
1.393080	0	1556232	8	0
1.394987	0	1566880	8	0
1.396894	0	1570216	8	0
1.398802	0	1572552	8	0
1.400709	0	1573128	16	0
1.404523	0	1573808	8	0
1.406430	0	1577992	8	0
1.408338	0	1578296	16	0
1.412152	0	1582632	8	0
1.414059	0	1588208	8	0
1.415966	0	1590696	8	0
1.417874	0	1591032	8	0
1.419781	0	1597424	8	0
1.421688	0	1603152	8	0
1.423595	0	1612656	8	0
1.425502	0	1613880	8	0
1.427410	0	1614912	8	0
1.429317	0	1617800	8	0
1.431224	0	1617976	8	0
1.433131	0	1618400	8	0
1.435038	0	1618912	8	0
1.436946	0	1619576	8	0
1.438853	0	1620216	8	0
1.440760	0	1621208	8	0
1.442667	0	1621424	8	0
1.444574	0	1622296	8	0
1.446482	0	1623736	8	0
1.448389	0	1626424	8	0
1.450296	0	1626824	8	0
1.452203	0	1632192	8	0
1.454110	0	1633472	8	0
1.456018	0	1634256	8	0
1.457925	0	1634360	8	0
1.459832	0	1637392	8	0
1.461739	0	1641456	8	0
1.463646	0	1642552	8	0
1.465554	0	1655560	8	0
1.467461	0	1685560	24	0
1.473182	0	1688640	64	0
1.488440	0	826992	8	0
1.490347	0	909992	8	0
1.492254	0	920232	8	0
1.494162	0	926800	8	0
1.496069	0	933568	8	0
1.497976	0	934776	8	0
1.499883	0	938696	8	0
1.501790	0	952568	8	0
1.503698	0	960024	8	0
1.505605	0	960224	8	0
1.507512	0	960640	8	0
1.509419	0	968568	8	0
1.511326	0	968936	8	0
1.513234	0	976320	8	0
1.515141	0	985024	8	0
1.517048	0	987976	8	0
1.518955	0	999744	8	0
1.520862	0	1001448	8	0
1.522770	0	1002040	8	0
1.524677	0	1005560	8	0
1.526584	0	1005728	8	0
1.528491	0	1013584	8	0
1.530398	0	1014824	8	0
1.532306	0	1015464	8	0
1.534213	0	1015696	8	0
1.536120	0	1019432	8	0
1.538027	0	1022056	8	0
1.539934	0	1044920	8	0
1.541842	0	1048256	8	0
1.543749	0	1052664	8	0
1.545656	0	1053608	8	0
1.547563	0	1054504	8	0
1.549470	0	1060192	8	0
1.551378	0	1061384	8	0
1.553285	0	1067104	8	0
1.555192	0	1085984	8	0
1.557099	0	1096456	8	0
1.559006	0	1096936	8	0
1.560914	0	1102432	8	0
1.562821	0	1108704	8	0
1.564728	0	1112552	8	0
1.566635	0	1115488	8	0
1.568542	0	1130672	8	0
1.570450	0	1131448	8	0
1.572357	0	1158312	8	0
1.574264	0	1169560	8	0
1.576171	0	1175368	8	0
1.578078	0	1181856	8	0
1.579986	0	1190112	8	0
1.581893	0	1196712	8	0
1.583800	0	1208792	8	0
1.585707	0	1209776	8	0
1.587614	0	1210640	8	0
1.589522	0	1224200	8	0
1.591429	0	1229752	8	0
1.593336	0	1235032	8	0
1.595243	0	1242504	8	0
1.597150	0	1242784	8	0
1.599058	0	1243368	8	0
1.600965	0	1243456	8	0
1.602872	0	1247544	8	0
1.604779	0	1256784	8	0
1.606686	0	1275904	8	0
1.608594	0	1277984	8	0
1.610501	0	1281336	8	0
1.612408	0	1288040	8	0
1.614315	0	1310640	8	0
1.616222	0	1323384	8	0
1.618130	0	1341872	8	0
1.620037	0	1343336	8	0
1.621944	0	1346432	8	0
1.623851	0	1373920	8	0
1.625758	0	1393600	8	0
1.627666	0	1397680	8	0
1.629573	0	1402080	8	0
1.631480	0	1403928	8	0
1.633387	0	1406328	8	0
1.635294	0	1407816	8	0
1.637202	0	1409408	8	0
1.639109	0	1409960	8	0
1.641016	0	1431864	8	0
1.642923	0	1441848	8	0
1.644830	0	1443848	8	0
1.646738	0	1444480	8	0
1.648645	0	1444704	8	0
1.650552	0	1452088	8	0
1.652459	0	1457160	8	0
1.654366	0	1461384	8	0
1.656274	0	1461488	8	0
1.658181	0	1468888	8	0
1.660088	0	1474936	8	0
1.661995	0	1499008	8	0
1.663902	0	1503064	8	0
1.665810	0	1507680	8	0
1.667717	0	1508352	8	0
1.669624	0	1510832	8	0
1.671531	0	1518304	8	0
1.673438	0	1527504	8	0
1.675346	0	1550848	8	0
1.677253	0	1554584	8	0
1.679160	0	1555368	8	0
1.681067	0	1559792	8	0
1.682974	0	1561872	8	0
1.684882	0	1572872	8	0
1.686789	0	1574952	8	0
1.688696	0	1585120	8	0
1.690603	0	1590552	8	0
1.692510	0	1592040	8	0
1.694418	0	1593168	8	0
1.696325	0	1595360	8	0
1.698232	0	1596536	8	0
1.700139	0	1606768	8	0
1.702046	0	1614824	8	0
1.703954	0	1617072	8	0
1.705861	0	1626616	8	0
1.707768	0	1632784	8	0
1.709675	0	1632880	8	0
1.711582	0	1648616	8	0
1.713490	0	1649760	8	0
1.715397	0	1688704	16	0
1.719211	0	1703752	16	0
1.723026	0	941824	8	0
1.724933	0	946280	8	0
1.726840	0	946544	8	0
1.728747	0	950592	8	0
1.730654	0	957088	8	0
1.732562	0	960656	8	0
1.734469	0	964264	8	0
1.736376	0	967552	8	0
1.738283	0	973032	8	0
1.740190	0	976344	8	0
1.742098	0	978680	8	0
1.744005	0	979800	8	0
1.745912	0	1001608	8	0
1.747819	0	1003960	8	0
1.749726	0	1007704	8	0
1.751634	0	1007864	8	0
1.753541	0	1017768	8	0
1.755448	0	1018264	8	0
1.757355	0	1040776	8	0
1.759262	0	1045752	8	0
1.761170	0	1070576	8	0
1.763077	0	1100872	8	0
1.764984	0	1103120	8	0
1.766891	0	1110768	8	0
1.768798	0	1113000	8	0
1.770706	0	1114496	8	0
1.772613	0	1115464	8	0
1.774520	0	1122712	8	0
1.776427	0	1123008	8	0
1.778334	0	1124360	8	0
1.780242	0	1127368	8	0
1.782149	0	1128432	8	0
1.784056	0	1131496	8	0
1.785963	0	1138440	8	0
1.787870	0	1138640	8	0
1.789778	0	1141712	8	0
1.791685	0	1144464	8	0
1.793592	0	1166080	8	0
1.795499	0	1173456	8	0
1.797406	0	1173976	8	0
1.799314	0	1175760	8	0
1.801221	0	1191312	8	0
1.803128	0	1193184	8	0
1.805035	0	1195520	8	0
1.806942	0	1198952	8	0
1.808850	0	1203024	8	0
1.810757	0	1204536	8	0
1.812664	0	1216720	8	0
1.814571	0	1220408	8	0
1.816478	0	1226808	8	0
1.818386	0	1227384	8	0
1.820293	0	1227648	8	0
1.822200	0	1233296	8	0
1.824107	0	1237360	8	0
1.826014	0	1241448	8	0
1.827922	0	1246128	8	0
1.829829	0	1246720	8	0
1.831736	0	1261144	8	0
1.833643	0	1265616	8	0
1.835550	0	1269968	8	0
1.837458	0	1271768	8	0
1.839365	0	1277616	8	0
1.841272	0	1280384	8	0
1.843179	0	1280616	8	0
1.845086	0	1282376	8	0
1.846994	0	1283712	8	0
1.848901	0	1285720	8	0
1.850808	0	1287504	8	0
1.852715	0	1288136	8	0
1.854622	0	1289168	8	0
1.856530	0	1289192	8	0
1.858437	0	862824	8	0
1.860344	0	920120	8	0
1.862251	0	930960	8	0
1.864158	0	936256	8	0
1.866066	0	940992	8	0
1.867973	0	946184	8	0
1.869880	0	948088	8	0
1.871787	0	959224	8	0
1.873694	0	966784	8	0
1.875602	0	975296	8	0
1.877509	0	977712	8	0
1.879416	0	1006104	8	0
1.881323	0	1010000	8	0
1.883230	0	1011096	8	0
1.885138	0	1015800	8	0
1.887045	0	1023824	8	0
1.888952	0	1034472	8	0
1.890859	0	1035096	8	0
1.892766	0	1042968	8	0
1.894674	0	1054464	8	0
1.896581	0	1055040	8	0
1.898488	0	1063432	8	0
1.900395	0	1070208	8	0
1.902302	0	1081176	8	0
1.904210	0	1083200	8	0
1.906117	0	1083968	8	0
1.908024	0	1086488	8	0
1.909931	0	1090688	8	0
1.911838	0	1120432	8	0
1.913746	0	1126800	8	0
1.915653	0	1128128	8	0
1.917560	0	1140032	8	0
1.919467	0	1142416	8	0
1.921374	0	1160616	8	0
1.923282	0	1171184	8	0
1.925189	0	1190896	8	0
1.927096	0	1191832	8	0
1.929003	0	1201248	8	0
1.930910	0	1209864	8	0
1.932818	0	1210376	8	0
1.934725	0	1212856	8	0
1.936632	0	1214592	8	0
1.938539	0	1216384	8	0
1.940446	0	1218440	8	0
1.942354	0	1226520	8	0
1.944261	0	1233904	8	0
1.946168	0	1237112	8	0
1.948075	0	1242496	8	0
1.949982	0	1259280	8	0
1.951890	0	1260384	8	0
1.953797	0	1261216	8	0
1.955704	0	1265336	8	0
1.957611	0	1275272	8	0
1.959518	0	1277072	8	0
1.961426	0	1277568	8	0
1.963333	0	1277744	8	0
1.965240	0	1286576	8	0
1.967147	0	1286648	8	0
1.969054	0	1288760	8	0
1.970962	0	1289664	8	0
1.972869	0	1293528	8	0
1.974776	0	1298208	8	0
1.976683	0	1302000	8	0
1.978590	0	1303552	8	0
1.980498	0	1309520	8	0
1.982405	0	1324864	8	0
1.984312	0	1326232	8	0
1.986219	0	1328840	8	0
1.988126	0	1334976	8	0
1.990034	0	1341672	8	0
1.991941	0	1342824	8	0
1.993848	0	1343584	8	0
1.995755	0	1346320	8	0
1.997662	0	1348616	8	0
1.999570	0	1354576	8	0
2.001477	0	1354800	8	0
2.003384	0	1355896	8	0
2.005291	0	1365032	8	0
2.007198	0	1372688	8	0
2.009106	0	1374584	8	0
2.011013	0	1376416	8	0
2.012920	0	1377104	8	0
2.014827	0	1385776	8	0
2.016734	0	1389304	8	0
2.018642	0	1391088	8	0
2.020549	0	1392624	8	0
2.022456	0	1395032	8	0
2.024363	0	1395464	8	0
2.026270	0	1395488	8	0
2.028178	0	1399840	8	0
2.030085	0	1402176	8	0
2.031992	0	1402536	8	0
2.033899	0	1409080	8	0
2.035806	0	1418064	8	0
2.037714	0	1418216	8	0
2.039621	0	1421264	8	0
2.041528	0	1421352	8	0
2.043435	0	1424840	8	0
2.045342	0	1425552	8	0
2.047250	0	1428496	8	0
2.049157	0	1428848	8	0
2.051064	0	1439312	8	0
2.052971	0	1441016	8	0
2.054878	0	1441816	8	0
2.056786	0	1451168	8	0
2.058693	0	1455664	8	0
2.060600	0	1462856	8	0
2.062507	0	1468328	8	0
2.064414	0	1474352	8	0
2.066322	0	1478352	8	0
2.068229	0	1479352	8	0
2.070136	0	1499912	8	0
2.072043	0	1505384	8	0
2.073950	0	1509448	8	0
2.075858	0	1511040	8	0
2.077765	0	1523128	8	0
2.079672	0	1545664	8	0
2.081579	0	1546448	8	0
2.083486	0	1556016	8	0
2.085394	0	1567096	8	0
2.087301	0	1567856	8	0
2.089208	0	1575784	8	0
2.091115	0	1578960	8	0
2.093022	0	1582648	8	0
2.094930	0	1585288	8	0
2.096837	0	1589760	8	0
2.098744	0	1593656	8	0
2.100651	0	1598112	8	0
2.102558	0	1604928	8	0
2.104466	0	1622256	8	0
2.106373	0	1640592	8	0
2.108280	0	1640816	8	0
2.110187	0	1652008	8	0
2.112094	0	1653720	8	0
2.114002	0	1655160	8	0
2.115909	0	1658224	8	0
2.117816	0	1688720	24	0
2.123538	0	1433848	8	0
2.125445	0	1435632	8	0
2.127352	0	826472	8	0
2.129259	0	900984	8	0
2.131166	0	901032	8	0
2.133074	0	901120	8	0
2.134981	0	901136	8	0
2.136888	0	901168	8	0
2.138795	0	901232	8	0
2.140702	0	901312	8	0
2.142610	0	1436856	8	0
2.144517	0	1441496	8	0
2.146424	0	1445768	8	0
2.148331	0	1452848	8	0
2.150238	0	1453712	8	0
2.152146	0	1454136	8	0
2.154053	0	1458136	8	0
2.155960	0	1463360	8	0
2.157867	0	1464248	8	0
2.159774	0	1466208	8	0
2.161682	0	1472552	8	0
2.163589	0	1497240	8	0
2.165496	0	1499208	8	0
2.167403	0	1500840	8	0
2.169310	0	1510640	8	0
2.171218	0	1517560	8	0
2.173125	0	1526152	8	0
2.175032	0	1530168	8	0
2.176939	0	1531960	8	0
2.178846	0	1541680	8	0
2.180754	0	1553616	8	0
2.182661	0	1557328	8	0
2.184568	0	1557344	8	0
2.186475	0	1561400	8	0
2.188382	0	1562368	8	0
2.190290	0	1565552	8	0
2.192197	0	1567904	8	0
2.194104	0	1574456	8	0
2.196011	0	1581864	8	0
2.197918	0	1582048	8	0
2.199826	0	1588808	8	0
2.201733	0	1589000	8	0
2.203640	0	1592960	8	0
2.205547	0	1594248	8	0
2.207454	0	1603528	8	0
2.209362	0	1615784	8	0
2.211269	0	1625792	8	0
2.213176	0	1630304	8	0
2.215083	0	1632472	8	0
2.216990	0	1695712	8	0
2.218898	0	881808	8	0
2.220805	0	901368	8	0
2.222712	0	901416	8	0
2.224619	0	901464	8	0
2.226526	0	901504	16	0
2.230341	0	901536	16	0
2.234155	0	901656	8	0
2.236062	0	901696	8	0
2.237970	0	901768	8	0
2.239877	0	901792	8	0
2.241784	0	901816	8	0
2.243691	0	901888	8	0
2.245598	0	901952	8	0
2.247506	0	901968	8	0
2.249413	0	902008	16	0
2.253227	0	902032	8	0
2.255134	0	902432	8	0
2.257042	0	902456	8	0
2.258949	0	902552	8	0
2.260856	0	902704	8	0
2.262763	0	902792	8	0
2.264670	0	902808	8	0
2.266578	0	912728	8	0
2.268485	0	919328	8	0
2.270392	0	920904	8	0
2.272299	0	922944	8	0
2.274206	0	926200	8	0
2.276114	0	929688	8	0
2.278021	0	934280	8	0
2.279928	0	938328	8	0
2.281835	0	947480	8	0
2.283742	0	949104	8	0
2.285650	0	951968	8	0
2.287557	0	962128	8	0
2.289464	0	980008	8	0
2.291371	0	985464	8	0
2.293278	0	1013928	8	0
2.295186	0	1016384	8	0
2.297093	0	1019224	8	0
2.299000	0	1036088	8	0
2.300907	0	1049104	8	0
2.302814	0	1054888	8	0
2.304722	0	1060152	8	0
2.306629	0	1070992	8	0
2.308536	0	1073488	8	0
2.310443	0	1077112	8	0
2.312350	0	1082152	8	0
2.314258	0	1104056	8	0
2.316165	0	1105080	8	0
2.318072	0	1110976	8	0
2.319979	0	1111496	8	0
2.321886	0	1115912	8	0
2.323794	0	1121096	8	0
2.325701	0	1122280	8	0
2.327608	0	1145088	8	0
2.329515	0	1152856	8	0
2.331422	0	1156904	8	0
2.333330	0	1159904	8	0
2.335237	0	1168256	8	0
2.337144	0	1174496	8	0
2.339051	0	1195112	8	0
2.340958	0	1196064	8	0
2.342866	0	1204496	8	0
2.344773	0	1213648	8	0
2.346680	0	1214408	8	0
2.348587	0	1216136	8	0
2.350494	0	1217336	8	0
2.352402	0	1219344	8	0
2.354309	0	1225536	8	0
2.356216	0	1246696	8	0
2.358123	0	1248920	8	0
2.360030	0	1260224	8	0
2.361938	0	1263808	8	0
2.363845	0	1269704	8	0
2.365752	0	1287680	8	0
2.367659	0	1288896	8	0
2.369566	0	1293960	8	0
2.371474	0	1304544	8	0
2.373381	0	1331000	8	0
2.375288	0	1339864	8	0
2.377195	0	1359680	8	0
2.379102	0	1364520	8	0
2.381010	0	1371824	8	0
2.382917	0	1372640	8	0
2.384824	0	1375624	8	0
2.386731	0	1377280	8	0
2.388638	0	1378960	8	0
2.390546	0	1385272	8	0
2.392453	0	1386504	8	0
2.394360	0	1387224	8	0
2.396267	0	1388768	8	0
2.398174	0	1395672	16	0
2.401989	0	1396904	8	0
2.403896	0	1412360	8	0
2.405803	0	1416632	8	0
2.407710	0	1418584	8	0
2.409618	0	1421208	8	0
2.411525	0	1454200	8	0
2.413432	0	1455928	8	0
2.415339	0	1472144	8	0
2.417246	0	1499696	8	0
2.419154	0	1501744	8	0
2.421061	0	1506440	8	0
2.422968	0	1521320	8	0
2.424875	0	1523096	8	0
2.426782	0	1528024	8	0
2.428690	0	1535040	8	0
2.430597	0	1543048	8	0
2.432504	0	1565344	8	0
2.434411	0	1570296	8	0
2.436318	0	1576728	8	0
2.438226	0	1581640	8	0
2.440133	0	1581936	8	0
2.442040	0	1587920	8	0
2.443947	0	1607456	8	0
2.445854	0	1611776	8	0
2.447762	0	1614680	8	0
2.449669	0	1618592	8	0
2.451576	0	1619240	8	0
2.453483	0	1623592	8	0
2.455390	0	1696792	8	0
2.457298	0	1697136	8	0
2.459205	0	1697552	8	0
2.461112	0	1699192	8	0
2.463019	0	1699416	8	0
2.464926	0	931464	8	0
2.466834	0	122944	8	0
2.468741	0	123056	8	0
2.470648	0	124080	8	0
2.472555	0	125104	8	0
2.474462	0	126128	8	0
2.476370	0	127152	8	0
2.478277	0	128176	8	0
2.480184	0	147544	8	0
2.482091	0	934648	8	0
2.483998	0	936304	8	0
2.485906	0	948568	8	0
2.487813	0	951424	8	0
2.489720	0	972536	8	0
2.491627	0	981504	8	0
2.493534	0	984632	8	0
2.495442	0	995376	8	0
2.497349	0	999096	8	0
2.499256	0	1006616	8	0
2.501163	0	1006824	8	0
2.503070	0	1006840	8	0
2.504978	0	1013320	8	0
2.506885	0	1020328	8	0
2.508792	0	1032856	8	0
2.510699	0	1042328	8	0
2.512606	0	1045488	8	0
2.514514	0	1048576	8	0
2.516421	0	1051840	8	0
2.518328	0	1053728	8	0
2.520235	0	1055472	8	0
2.522142	0	1055744	8	0
2.524050	0	1083656	8	0
2.525957	0	1098128	8	0
2.527864	0	1098280	8	0
2.529771	0	1100184	8	0
2.531678	0	1103088	8	0
2.533586	0	1108952	8	0
2.535493	0	1111296	8	0
2.537400	0	1114336	8	0
2.539307	0	1117840	8	0
2.541214	0	1117928	8	0
2.543122	0	1120864	8	0
2.545029	0	1134080	8	0
2.546936	0	1136920	8	0
2.548843	0	1142400	8	0
2.550750	0	1143320	8	0
2.552658	0	1149176	8	0
2.554565	0	1164248	8	0
2.556472	0	1169408	8	0
2.558379	0	1175208	8	0
2.560286	0	1178240	8	0
2.562194	0	1191160	8	0
2.564101	0	1192312	8	0
2.566008	0	1193136	8	0
2.567915	0	1196296	8	0
2.569822	0	1201968	8	0
2.571730	0	1203544	8	0
2.573637	0	1215024	8	0
2.575544	0	1218576	8	0
2.577451	0	1218672	8	0
2.579358	0	1224944	8	0
2.581266	0	1226704	8	0
2.583173	0	158856	8	0
2.585080	0	159808	8	0
2.586987	0	160832	8	0
2.588894	0	161856	8	0
2.590802	0	162880	8	0
2.592709	0	163904	8	0
2.594616	0	164000	8	0
2.596523	0	165024	8	0
2.598430	0	166048	8	0
2.600338	0	167072	8	0
2.602245	0	168096	8	0
2.604152	0	169120	8	0
2.606059	0	170144	8	0
2.607966	0	171168	8	0
2.609874	0	172120	8	0
2.611781	0	56	8	0
2.613688	0	8256	8	0
2.615595	0	12368	8	0
2.617502	0	98456	8	0
2.619410	0	106560	8	0
2.621317	0	114840	8	0
2.623224	0	123040	8	0
2.625131	0	131128	8	0
2.627038	0	131224	8	0
2.628946	0	139440	8	0
2.630853	0	147656	8	0
2.632760	0	151672	8	0
2.634667	0	159808	8	0
2.636574	0	160832	8	0
2.638482	0	161856	8	0
2.640389	0	162880	8	0
2.642296	0	163904	8	0
2.644203	0	163984	8	0
2.646110	0	164000	8	0
2.648018	0	165024	8	0
2.649925	0	166048	8	0
2.651832	0	167072	8	0
2.653739	0	168096	8	0
2.655646	0	169120	8	0
2.657554	0	170144	8	0
2.659461	0	171168	8	0
2.661368	0	172120	8	0
2.663275	0	172288	8	0
2.665182	0	172304	8	0
2.667090	0	173328	8	0
2.668997	0	174352	8	0
2.670904	0	175376	8	0
2.672811	0	176400	8	0
2.674718	0	177424	8	0
2.676626	0	178448	8	0
2.678533	0	179472	8	0
2.680440	0	180392	8	0
2.682347	0	180408	8	0
2.684254	0	181432	8	0
2.686162	0	182456	8	0
2.688069	0	183480	8	0
2.689976	0	184504	8	0
2.691883	0	185528	8	0
2.693790	0	186552	8	0
2.695698	0	187576	8	0
2.697605	0	188600	16	0
2.701419	0	189632	8	0
2.703326	0	190656	8	0
2.705234	0	191680	8	0
2.707141	0	192704	8	0
2.709048	0	193728	8	0
2.710955	0	194752	8	0
2.712862	0	195776	8	0
2.714770	0	204880	8	0
2.716677	0	204952	16	0
2.720491	0	205984	8	0
2.722398	0	207008	8	0
2.724306	0	208032	8	0
2.726213	0	209056	8	0
2.728120	0	210080	8	0
2.730027	0	211104	8	0
2.731934	0	212128	8	0
2.733842	0	270400	8	0
2.735749	0	348384	8	0
2.737656	0	364816	8	0
2.739563	0	364832	8	0
2.741470	0	373032	8	0
2.743378	0	373072	16	0
2.747192	0	381392	8	0
2.749099	0	382416	8	0
2.751006	0	383440	8	0
2.752914	0	384464	8	0
2.754821	0	385488	8	0
2.756728	0	386512	8	0
2.758635	0	387536	8	0
2.760542	0	388560	8	0
2.762450	0	389536	16	0
2.766264	0	390568	8	0
2.768171	0	391592	8	0
2.770078	0	392616	8	0
2.771986	0	393640	8	0
2.773893	0	394664	8	0
2.775800	0	395688	8	0
2.777707	0	396712	8	0
2.779614	0	397640	8	0
2.781522	0	397800	16	0
2.785336	0	398832	8	0
2.787243	0	399856	8	0
2.789150	0	400880	8	0
2.791058	0	401904	8	0
2.792965	0	402928	8	0
2.794872	0	403952	8	0
2.796779	0	404976	8	0
2.798686	0	405936	8	0
2.800594	0	406032	16	0
2.804408	0	407064	8	0
2.806315	0	408088	8	0
2.808222	0	409112	8	0
2.810130	0	410136	8	0
2.812037	0	411160	8	0
2.813944	0	412184	8	0
2.815851	0	413208	8	0
2.817758	0	414120	8	0
2.819666	0	414216	16	0
2.823480	0	415248	8	0
2.825387	0	416272	8	0
2.827294	0	417296	8	0
2.829202	0	418320	8	0
2.831109	0	419344	8	0
2.833016	0	420368	8	0
2.834923	0	421392	8	0
2.836830	0	422384	16	0
2.840645	0	423416	8	0
2.842552	0	424440	8	0
2.844459	0	425464	8	0
2.846366	0	426488	8	0
2.848274	0	427512	8	0
2.850181	0	428536	8	0
2.852088	0	429560	8	0
2.853995	0	430552	8	0
2.855902	0	430648	16	0
2.859717	0	431680	8	0
2.861624	0	432704	8	0
2.863531	0	433728	8	0
2.865438	0	434752	8	0
2.867346	0	435776	8	0
2.869253	0	436800	8	0
2.871160	0	437824	8	0
2.873067	0	438760	8	0
2.874974	0	438880	16	0
2.878789	0	439912	8	0
2.880696	0	440936	8	0
2.882603	0	441960	8	0
2.884510	0	442984	8	0
2.886418	0	444008	8	0
2.888325	0	445032	8	0
2.890232	0	446056	8	0
2.892139	0	447072	16	0
2.895954	0	448104	8	0
2.897861	0	449128	8	0
2.899768	0	450152	8	0
2.901675	0	451176	8	0
2.903582	0	452200	8	0
2.905490	0	453224	8	0
2.907397	0	454248	8	0
2.909304	0	455192	8	0
2.911211	0	455280	16	0
2.915026	0	456312	8	0
2.916933	0	457336	8	0
2.918840	0	458360	8	0
2.920747	0	459384	8	0
2.922654	0	460408	8	0
2.924562	0	461432	8	0
2.926469	0	462456	8	0
2.928376	0	463408	8	0
2.930283	0	463448	16	0
2.934098	0	464480	8	0
2.936005	0	465504	8	0
2.937912	0	466528	8	0
2.939819	0	467552	8	0
2.941726	0	468576	8	0
2.943634	0	469600	8	0
2.945541	0	470624	8	0
2.947448	0	471624	8	0
2.949355	0	471712	16	0
2.953170	0	472744	8	0
2.955077	0	473768	8	0
2.956984	0	474792	8	0
2.958891	0	475816	8	0
2.960798	0	476840	8	0
2.962706	0	477864	8	0
2.964613	0	478856	8	0
2.966520	0	479208	8	0
2.968427	0	479840	8	0
2.970334	0	479920	16	0
2.974149	0	480952	8	0
2.976056	0	481976	8	0
2.977963	0	483000	8	0
2.979870	0	484024	8	0
2.981778	0	485048	8	0
2.983685	0	486072	8	0
2.985592	0	486248	8	0
2.987499	0	487272	8	0
2.989406	0	488056	8	0
2.991314	0	158856	8	0
2.993221	0	173328	8	0
2.995128	0	174352	8	0
2.997035	0	175376	8	0
2.998942	0	176400	8	0
3.000850	0	177424	8	0
3.002757	0	178448	8	0
3.004664	0	179472	8	0
3.006571	0	180408	8	0
3.008478	0	181432	8	0
3.010386	0	182456	8	0
3.012293	0	183480	8	0
3.014200	0	184504	8	0
3.016107	0	185528	8	0
3.018014	0	186552	8	0
3.019922	0	98360	8	0
3.021829	0	98464	8	0
3.023736	0	99488	8	0
3.025643	0	100512	8	0
3.027550	0	101536	8	0
3.029458	0	102560	8	0
3.031365	0	103584	8	0
3.033272	0	104608	8	0
3.035179	0	105632	8	0
3.037086	0	106560	8	0
3.038994	0	114744	8	0
3.040901	0	114848	8	0
3.042808	0	115872	8	0
3.044715	0	116896	8	0
3.046622	0	117920	8	0
3.048530	0	118944	8	0
3.050437	0	119968	8	0
3.052344	0	120992	8	0
3.054251	0	122016	8	0
3.056158	0	122944	8	0
3.058066	0	123056	8	0
3.059973	0	124080	8	0
3.061880	0	125104	8	0
3.063787	0	126128	8	0
3.065694	0	127152	8	0
3.067602	0	128176	8	0
3.069509	0	131232	8	0
3.071416	0	132256	8	0
3.073323	0	133280	16	0
3.077138	0	134312	8	0
3.079045	0	135336	8	0
3.080952	0	136360	8	0
3.082859	0	137384	8	0
3.084766	0	138408	8	0
3.086674	0	139328	8	0
3.088581	0	139448	8	0
3.090488	0	140472	8	0
3.092395	0	141496	8	0
3.094302	0	142520	8	0
3.096210	0	143544	8	0
3.098117	0	144568	8	0
3.100024	0	145592	8	0
3.101931	0	146616	8	0
3.103838	0	147544	8	0
3.105746	0	147560	8	0
3.107653	0	187576	8	0
3.109560	0	188608	8	0
3.111467	0	189632	8	0
3.113374	0	190656	8	0
3.115282	0	191680	8	0
3.117189	0	192704	8	0
3.119096	0	193728	8	0
3.121003	0	194752	8	0
3.122910	0	195776	8	0
3.124818	0	204880	8	0
3.126725	0	204960	8	0
3.128632	0	205984	8	0
3.130539	0	207008	8	0
3.132446	0	208032	8	0
3.134354	0	209056	8	0
3.136261	0	210080	8	0
3.138168	0	211104	8	0
3.140075	0	212128	8	0
3.141982	0	348384	8	0
3.143890	0	364816	8	0
3.145797	0	364832	8	0
3.147704	0	373032	8	0
3.149611	0	373080	8	0
3.151518	0	381392	8	0
3.153426	0	382416	8	0
3.155333	0	383440	8	0
3.157240	0	384464	8	0
3.159147	0	385488	8	0
3.161054	0	386512	8	0
3.162962	0	387536	8	0
3.164869	0	388560	8	0
3.166776	0	389544	8	0
3.168683	0	390568	8	0
3.170590	0	391592	8	0
3.172498	0	392616	8	0
3.174405	0	393640	8	0
3.176312	0	394664	8	0
3.178219	0	395688	8	0
3.180126	0	396712	8	0
3.182034	0	397808	8	0
3.183941	0	398832	8	0
3.185848	0	399856	8	0
3.187755	0	400880	8	0
3.189662	0	401904	8	0
3.191570	0	402928	8	0
3.193477	0	403952	8	0
3.195384	0	404976	8	0
3.197291	0	405936	8	0
3.199198	0	406040	8	0
3.201106	0	407064	8	0
3.203013	0	408088	8	0
3.204920	0	409112	8	0
3.206827	0	410136	8	0
3.208734	0	411160	8	0
3.210642	0	412184	8	0
3.212549	0	413208	8	0
3.214456	0	414224	8	0
3.216363	0	415248	8	0
3.218270	0	416272	8	0
3.220178	0	417296	8	0
3.222085	0	418320	8	0
3.223992	0	419344	8	0
3.225899	0	420368	8	0
3.227806	0	421392	8	0
3.229714	0	422392	8	0
3.231621	0	423416	8	0
3.233528	0	424440	8	0
3.235435	0	425464	8	0
3.237342	0	426488	8	0
3.239250	0	147664	8	0
3.241157	0	148688	8	0
3.243064	0	149712	8	0
3.244971	0	150736	8	0
3.246878	0	156808	8	0
3.248786	0	157832	8	0
3.250693	0	159784	8	0
3.252600	0	427512	8	0
3.254507	0	428536	8	0
3.256414	0	429560	8	0
3.258322	0	430656	8	0
3.260229	0	431680	8	0
3.262136	0	432704	8	0
3.264043	0	433728	8	0
3.265950	0	434752	8	0
3.267858	0	435776	8	0
3.269765	0	436800	8	0
3.271672	0	437824	8	0
3.273579	0	8272	8	0
3.275486	0	129200	8	0
3.277394	0	130224	8	0
3.279301	0	151592	8	0
3.281208	0	151688	8	0
3.283115	0	152712	8	0
3.285022	0	153736	8	0
3.286930	0	154760	8	0
3.288837	0	155784	8	0
3.290744	0	188504	8	0
3.292651	0	397704	8	0
3.294558	0	422328	8	0
3.296466	0	430544	8	0
3.298373	0	438848	8	0
3.300280	0	438888	8	0
3.302187	0	446976	8	0
3.304094	0	447080	8	0
3.306002	0	448104	8	0
3.307909	0	449128	8	0
3.309816	0	463408	8	0
3.311723	0	463456	8	0
3.313630	0	464480	8	0
3.315538	0	471624	8	0
3.317445	0	471720	8	0
3.319352	0	472744	8	0
3.321259	0	473768	8	0
3.323166	0	474792	8	0
3.325074	0	475816	8	0
3.326981	0	476840	8	0
3.328888	0	477864	8	0
3.330795	0	478888	8	0
3.332702	0	524344	8	1
3.465210	0	196664	8	0
3.467117	0	196768	8	0
3.469024	0	197792	8	0
3.470931	0	198816	8	0
3.472838	0	199840	8	0
3.474746	0	200864	8	0
3.476653	0	213048	8	0
3.478560	0	229528	8	0
3.480467	0	229632	8	0
3.482374	0	230656	8	0
3.484282	0	231680	8	0
3.486189	0	232704	16	0
3.490003	0	233736	8	0
3.491910	0	234760	8	0
3.493818	0	235784	8	0
3.495725	0	236808	8	0
3.497632	0	237936	8	0
3.499539	0	237992	8	0
3.501446	0	239016	16	0
3.505261	0	240048	8	0
3.507168	0	241072	8	0
3.509075	0	242096	8	0
3.510982	0	243120	8	0
3.512890	0	244144	8	0
3.514797	0	245168	8	0
3.516704	0	201888	8	0
3.518611	0	202912	8	0
3.520518	0	203936	8	0
3.522426	0	213096	8	0
3.524333	0	213200	8	0
3.526240	0	214224	8	0
3.528147	0	215248	8	0
3.530054	0	216272	8	0
3.531962	0	217296	8	0
3.533869	0	218320	8	0
3.535776	0	219344	8	0
3.537683	0	220368	8	0
3.539590	0	221312	8	0
3.541498	0	221416	8	0
3.543405	0	222440	8	0
3.545312	0	223464	8	0
3.547219	0	224488	8	0
3.549126	0	225512	8	0
3.551034	0	226536	8	0
3.552941	0	227560	8	0
3.554848	0	228584	8	0
3.556755	0	237728	8	0
3.558662	0	237848	8	0
3.560570	0	246088	8	0
3.562477	0	246152	8	0
3.564384	0	247176	8	0
3.566291	0	248200	8	0
3.568198	0	249224	8	0
3.570106	0	250248	8	0
3.572013	0	251272	8	0
3.573920	0	252296	8	0
3.575827	0	253320	8	0
3.577734	0	254184	8	0
3.579642	0	255208	8	0
3.581549	0	204864	8	0
3.583456	0	221296	8	0
3.585363	0	229512	8	0
3.587270	0	256232	8	0
3.589178	0	257256	8	0
3.591085	0	258280	8	0
3.592992	0	259304	8	0
3.594899	0	260328	8	0
3.596806	0	261352	8	0
3.598714	0	274512	8	0
3.600621	0	274608	8	0
3.602528	0	275632	8	0
3.604435	0	276656	8	0
3.606342	0	277680	8	0
3.608250	0	278704	8	0
3.610157	0	279728	8	0
3.612064	0	280752	8	0
3.613971	0	281776	8	0
3.615878	0	282704	8	0
3.617786	0	282728	8	0
3.619693	0	282912	8	0
3.621600	0	283936	8	0
3.623507	0	284960	8	0
3.625414	0	285984	8	0
3.627322	0	287008	8	0
3.629229	0	288032	8	0
3.631136	0	289056	8	0
3.633043	0	290080	8	0
3.634950	0	290968	8	0
3.636858	0	291992	8	0
3.638765	0	293016	8	0
3.640672	0	294040	8	0
3.642579	0	295064	8	0
3.644486	0	296088	8	0
3.646394	0	297112	8	0
3.648301	0	298136	8	0
3.650208	0	299136	8	0
3.652115	0	299232	8	0
3.654022	0	300256	8	0
3.655930	0	301280	8	0
3.657837	0	302304	8	0
3.659744	0	303328	8	0
3.661651	0	304352	8	0
3.663558	0	305376	8	0
3.665466	0	306400	8	0
3.667373	0	307352	8	0
3.669280	0	307448	8	0
3.671187	0	308472	8	0
3.673094	0	309496	8	0
3.675002	0	310520	8	0
3.676909	0	311544	8	0
3.678816	0	312568	8	0
3.680723	0	313592	8	0
3.682630	0	314616	8	0
3.684538	0	315568	8	0
3.686445	0	315752	8	0
3.688352	0	316776	8	0
3.690259	0	317800	8	0
3.692166	0	318824	8	0
3.694074	0	319848	8	0
3.695981	0	320872	8	0
3.697888	0	321896	8	0
3.699795	0	322920	8	0
3.701702	0	323864	8	0
3.703610	0	324888	8	0
3.705517	0	325912	8	0
3.707424	0	326936	8	0
3.709331	0	327960	8	0
3.711238	0	328984	8	0
3.713146	0	330008	8	0
3.715053	0	331032	8	0
3.716960	0	332056	8	0
3.718867	0	332080	8	0
3.720774	0	333104	8	0
3.722682	0	334128	8	0
3.724589	0	335152	8	0
3.726496	0	336176	8	0
3.728403	0	337200	8	0
3.730310	0	338224	8	0
3.732218	0	339248	8	0
3.734125	0	340216	8	0
3.736032	0	340408	8	0
3.737939	0	341432	8	0
3.739846	0	342456	8	0
3.741754	0	343480	8	0
3.743661	0	344504	8	0
3.745568	0	345528	8	0
3.747475	0	346552	8	0
3.749382	0	56	8	0
3.751290	0	8256	8	0
3.753197	0	12368	8	0
3.755104	0	196664	8	0
3.757011	0	196760	16	0
3.760826	0	197792	8	0
3.762733	0	213048	8	0
3.764640	0	213192	16	0
3.768454	0	214224	8	0
3.770362	0	215248	8	0
3.772269	0	216272	8	0
3.774176	0	217296	8	0
3.776083	0	218320	8	0
3.777990	0	219344	8	0
3.779898	0	220368	8	0
3.781805	0	221312	8	0
3.783712	0	221408	16	0
3.787526	0	222440	8	0
3.789434	0	223464	8	0
3.791341	0	229528	8	0
3.793248	0	229624	16	0
3.797062	0	230656	8	0
3.798970	0	231680	8	0
3.800877	0	232704	8	0
3.802784	0	237840	16	0
3.806598	0	237936	8	0
3.808506	0	237984	16	0
3.812320	0	239016	8	0
3.814227	0	246152	8	0
3.816134	0	247176	8	0
3.818042	0	254168	8	0
3.819949	0	270400	8	0
3.821856	0	274592	8	0
3.823763	0	282728	8	0
3.825670	0	282896	8	0
3.827578	0	290952	8	0
3.829485	0	299216	8	0
3.831392	0	307432	8	0
3.833299	0	315744	8	0
3.835206	0	323856	8	0
3.837114	0	332072	8	0
3.839021	0	340400	8	0
3.840928	0	347576	8	0
3.842835	0	348456	8	0
3.844742	0	348528	16	0
3.848557	0	349560	8	0
3.850464	0	350584	8	0
3.852371	0	351608	8	0
3.854278	0	352632	8	0
3.856186	0	353656	8	0
3.858093	0	354680	8	0
3.860000	0	355704	8	0
3.861907	0	356672	16	0
3.865722	0	357704	8	0
3.867629	0	358728	8	0
3.869536	0	359752	8	0
3.871443	0	360776	8	0
3.873350	0	361800	8	0
3.875258	0	362824	8	0
3.877165	0	363848	8	0
3.879072	0	364888	8	0
3.880979	0	364944	16	0
3.884794	0	365976	8	0
3.886701	0	367000	8	0
3.888608	0	368024	8	0
3.890515	0	369048	8	0
3.892422	0	370072	8	0
3.894330	0	371096	8	0
3.896237	0	372120	8	0
3.898144	0	373104	8	0
3.900051	0	373160	16	0
3.903866	0	374192	8	0
3.905773	0	375216	8	0
3.907680	0	376240	8	0
3.909587	0	377264	8	0
3.911494	0	378288	8	0
3.913402	0	379312	8	0
3.915309	0	380336	8	0
3.917216	0	381296	8	0
3.919123	0	463384	8	0
3.921030	0	471552	8	0
3.922938	0	471592	16	0
3.926752	0	479816	8	0
3.928659	0	488024	8	0
3.930566	0	488064	8	0
3.932474	0	489088	8	0
3.934381	0	490112	8	0
3.936288	0	491136	8	0
3.938195	0	492160	8	0
3.940102	0	493184	8	0
3.942010	0	494208	8	0
3.943917	0	495232	8	0
3.945824	0	496176	16	0
3.949638	0	496336	16	0
3.953453	0	497368	8	0
3.955360	0	498392	8	0
3.957267	0	499416	8	0
3.959174	0	500440	8	0
3.961082	0	501464	8	0
3.962989	0	502488	8	0
3.964896	0	503512	8	0
3.966803	0	504472	8	0
3.968710	0	504688	16	0
3.972525	0	505720	8	0
3.974432	0	506744	8	0
3.976339	0	507768	8	0
3.978246	0	508792	8	0
3.980154	0	509816	8	0
3.982061	0	510840	8	0
3.983968	0	511864	8	0
3.985875	0	512800	16	0
3.989690	0	513832	8	0
3.991597	0	514856	8	0
3.993504	0	515880	8	0
3.995411	0	516904	8	0
3.997318	0	517928	8	0
3.999226	0	518952	8	0
4.001133	0	519976	8	0
4.003040	0	520960	16	0
4.006854	0	521992	8	0
4.008762	0	523016	8	0
4.010669	0	524040	8	0
4.012576	0	524344	8	0
4.014483	0	528504	16	0
4.018298	0	529120	16	0
4.022112	0	529184	16	0
4.025926	0	530216	8	0
4.027834	0	531240	8	0
4.029741	0	532264	8	0
4.031648	0	533288	8	0
4.033555	0	534312	8	0
4.035462	0	535336	8	0
4.037370	0	536360	8	0
4.039277	0	537336	16	0
4.043091	0	537400	16	0
4.046906	0	537832	8	0
4.048813	0	538856	8	0
4.050720	0	539880	8	0
4.052627	0	540904	8	0
4.054534	0	541928	8	0
4.056442	0	542952	8	0
4.058349	0	543976	8	0
4.060256	0	545000	8	0
4.062163	0	545552	8	0
4.064070	0	545688	8	0
4.065978	0	545752	16	0
4.069792	0	546784	8	0
4.071699	0	547808	8	0
4.073606	0	548832	8	0
4.075514	0	549856	8	0
4.077421	0	550880	8	0
4.079328	0	551904	8	0
4.081235	0	552928	8	0
4.083142	0	553768	16	0
4.086957	0	554800	8	0
4.088864	0	555824	8	0
4.090771	0	556848	8	0
4.092678	0	557872	8	0
4.094586	0	558896	8	0
4.096493	0	559920	8	0
4.098400	0	560944	8	0
4.100307	0	561984	8	0
4.102214	0	563008	8	0
4.104122	0	563632	8	0
4.106029	0	564656	8	0
4.107936	0	565680	8	0
4.109843	0	566184	16	0
4.113658	0	567216	8	0
4.115565	0	568240	8	0
4.117472	0	569264	8	0
4.119379	0	578416	8	0
4.121286	0	579440	8	0
4.123194	0	580464	8	0
4.125101	0	581488	8	0
4.127008	0	204864	8	0
4.128915	0	221296	8	0
4.130822	0	229512	8	0
4.132730	0	237728	8	0
4.134637	0	254184	8	0
4.136544	0	255208	8	0
4.138451	0	256232	8	0
4.140358	0	257256	8	0
4.142266	0	258280	8	0
4.144173	0	259304	8	0
4.146080	0	260328	8	0
4.147987	0	261352	8	0
4.149894	0	274512	8	0
4.151802	0	274608	8	0
4.153709	0	275632	8	0
4.155616	0	276656	8	0
4.157523	0	277680	8	0
4.159430	0	278704	8	0
4.161338	0	279728	8	0
4.163245	0	280752	8	0
4.165152	0	281776	8	0
4.167059	0	282912	8	0
4.168966	0	283936	8	0
4.170874	0	284960	8	0
4.172781	0	197928	8	0
4.174688	0	198952	8	0
4.176595	0	199976	8	0
4.178502	0	201000	8	0
4.180410	0	202024	8	0
4.182317	0	203048	8	0
4.184224	0	204072	8	0
4.186131	0	223472	8	0
4.188038	0	224496	8	0
4.189946	0	225520	8	0
4.191853	0	226544	8	0
4.193760	0	227568	8	0
4.195667	0	228592	8	0
4.197574	0	237744	8	0
4.199482	0	247184	8	0
4.201389	0	248208	8	0
4.203296	0	249232	8	0
4.205203	0	250256	8	0
4.207110	0	251280	8	0
4.209018	0	252304	8	0
4.210925	0	253328	8	0
4.212832	0	285984	8	0
4.214739	0	287008	8	0
4.216646	0	288032	8	0
4.218554	0	289056	8	0
4.220461	0	290080	8	0
4.222368	0	290968	8	0
4.224275	0	291992	8	0
4.226182	0	293016	8	0
4.228090	0	294040	8	0
4.229997	0	295064	8	0
4.231904	0	296088	8	0
4.233811	0	297112	8	0
4.235718	0	298136	8	0
4.237626	0	299136	8	0
4.239533	0	299232	8	0
4.241440	0	300256	8	0
4.243347	0	301280	8	0
4.245254	0	302304	8	0
4.247162	0	303328	8	0
4.249069	0	304352	8	0
4.250976	0	305376	8	0
4.252883	0	306400	8	0
4.254790	0	307352	8	0
4.256698	0	307448	8	0
4.258605	0	308472	8	0
4.260512	0	309496	8	0
4.262419	0	310520	8	0
4.264326	0	311544	8	0
4.266234	0	312568	8	0
4.268141	0	313592	8	0
4.270048	0	314616	8	0
4.271955	0	315568	8	0
4.273862	0	315752	8	0
4.275770	0	316776	8	0
4.277677	0	317800	8	0
4.279584	0	318824	8	0
4.281491	0	319848	8	0
4.283398	0	320872	8	0
4.285306	0	321896	8	0
4.287213	0	322920	8	0
4.289120	0	323864	8	0
4.291027	0	324888	8	0
4.292934	0	325912	8	0
4.294842	0	326936	8	0
4.296749	0	327960	8	0
4.298656	0	328984	8	0
4.300563	0	330008	8	0
4.302470	0	331032	8	0
4.304378	0	332080	8	0
4.306285	0	333104	8	0
4.308192	0	334128	8	0
4.310099	0	335152	8	0
4.312006	0	336176	8	0
4.313914	0	337200	8	0
4.315821	0	338224	8	0
4.317728	0	339248	8	0
4.319635	0	340408	8	0
4.321542	0	341432	8	0
4.323450	0	342456	8	0
4.325357	0	343480	8	0
4.327264	0	344504	8	0
4.329171	0	345528	8	0
4.331078	0	346552	8	0
4.332986	0	347576	8	0
4.334893	0	348456	8	0
4.336800	0	348536	8	0
4.338707	0	349560	8	0
4.340614	0	350584	8	0
4.342522	0	351608	8	0
4.344429	0	352632	8	0
4.346336	0	353656	8	0
4.348243	0	354680	8	0
4.350150	0	233728	8	0
4.352058	0	234752	8	0
4.353965	0	235776	8	0
4.355872	0	236800	8	0
4.357779	0	240040	8	0
4.359686	0	241064	8	0
4.361594	0	242088	8	0
4.363501	0	243112	8	0
4.365408	0	244136	8	0
4.367315	0	245160	8	0
4.369222	0	254088	8	0
4.371130	0	355704	8	0
4.373037	0	356680	8	0
4.374944	0	357704	8	0
4.376851	0	358728	8	0
4.378758	0	359752	8	0
4.380666	0	360776	8	0
4.382573	0	361800	8	0
4.384480	0	362824	8	0
4.386387	0	363848	8	0
4.388294	0	364888	8	0
4.390202	0	364952	8	0
4.392109	0	365976	8	0
4.394016	0	367000	8	0
4.395923	0	368024	8	0
4.397830	0	369048	8	0
4.399738	0	370072	8	0
4.401645	0	371096	8	0
4.403552	0	372120	8	0
4.405459	0	373104	8	0
4.407366	0	373168	8	0
4.409274	0	374192	8	0
4.411181	0	375216	8	0
4.413088	0	376240	8	0
4.414995	0	377264	8	0
4.416902	0	378288	8	0
4.418810	0	379312	8	0
4.420717	0	380336	8	0
4.422624	0	504472	8	0
4.424531	0	8272	8	0
4.426438	0	282800	8	0
4.428346	0	315648	8	0
4.430253	0	331960	8	0
4.432160	0	340176	8	0
4.434067	0	463384	8	0
4.435974	0	471552	8	0
4.437882	0	471600	8	0
4.439789	0	479816	8	0
4.441696	0	488024	8	0
4.443603	0	488064	8	0
4.445510	0	489088	8	0
4.447418	0	490112	8	0
4.449325	0	491136	8	0
4.451232	0	492160	8	0
4.453139	0	493184	8	0
4.455046	0	494208	8	0
4.456954	0	495232	8	0
4.458861	0	496344	8	0
4.460768	0	497368	8	0
4.462675	0	498392	8	0
4.464582	0	499416	8	0
4.466490	0	500440	8	0
4.468397	0	501464	8	0
4.470304	0	502488	8	0
4.472211	0	503512	8	0
4.474118	0	504696	8	0
4.476026	0	505720	8	0
4.477933	0	506744	8	0
4.479840	0	507768	8	0
4.481747	0	508792	8	0
4.483654	0	509816	8	0
4.485562	0	510840	8	0
4.487469	0	511864	8	0
4.489376	0	512808	8	0
4.491283	0	513832	8	0
4.493190	0	514856	8	0
4.495098	0	515880	8	0
4.497005	0	516904	8	0
4.498912	0	517928	8	0
4.500819	0	520968	8	0
4.502726	0	521992	8	0
4.504634	0	523016	8	0
4.506541	0	524040	8	0
4.508448	0	528504	8	0
4.510355	0	529192	8	0
4.512262	0	530216	8	0
4.514170	0	531240	8	0
4.516077	0	532264	8	0
4.517984	0	533288	8	0
4.519891	0	534312	8	0
4.521798	0	535336	8	0
4.523706	0	537336	8	0
4.525613	0	537408	8	0
4.527520	0	545552	8	0
4.529427	0	545760	8	0
4.531334	0	546784	8	0
4.533242	0	547808	8	0
4.535149	0	548832	8	0
4.537056	0	561984	8	0
4.538963	0	563008	8	0
4.540870	0	566192	8	0
4.542778	0	567216	8	0
4.544685	0	568240	8	0
4.546592	0	569264	8	0
4.548499	0	578416	8	0
4.550406	0	579440	8	0
4.552314	0	580464	8	0
4.554221	0	581488	8	0
4.556128	0	8272	8	0
4.558035	0	356632	8	0
4.559942	0	364776	8	0
4.561850	0	381360	8	0
4.563757	0	496256	8	0
4.565664	0	504592	8	0
4.567571	0	520904	8	0
4.569478	0	538432	8	0
4.571386	0	539456	8	0
4.573293	0	540480	8	0
4.575200	0	541504	8	0
4.577107	0	564032	8	0
4.579014	0	565056	8	0
4.580922	0	566080	8	0
4.582829	0	98360	8	0
4.584736	0	98464	8	0
4.586643	0	99488	8	0
4.588550	0	100512	8	0
4.590458	0	101536	8	0
4.592365	0	102560	8	0
4.594272	0	103584	8	0
4.596179	0	104608	8	0
4.598086	0	105632	8	0
4.599994	0	108720	8	0
4.601901	0	16440	8	0
4.603808	0	16544	8	0
4.605715	0	17568	8	0
4.607622	0	18592	16	0
4.611437	0	19624	8	0
4.613344	0	20648	8	0
4.615251	0	21672	8	0
4.617158	0	22696	8	0
4.619066	0	23720	8	0
4.620973	0	32824	8	0
4.622880	0	32928	8	0
4.624787	0	33952	8	0
4.626694	0	34976	8	0
4.628602	0	36000	8	0
4.630509	0	37024	8	0
4.632416	0	38048	8	0
4.634323	0	39072	8	0
4.636230	0	40096	8	0
4.638138	0	49272	8	0
4.640045	0	49376	8	0
4.641952	0	50400	8	0
4.643859	0	51424	16	0
4.647674	0	52456	8	0
4.649581	0	53480	8	0
4.651488	0	54504	8	0
4.653395	0	55528	8	0
4.655302	0	56552	8	0
4.657210	0	65592	8	0
4.659117	0	65696	8	0
4.661024	0	66720	8	0
4.662931	0	67744	8	0
4.664838	0	68768	8	0
4.666746	0	69792	8	0
4.668653	0	70816	8	0
4.670560	0	71840	8	0
4.672467	0	72864	8	0
4.674374	0	81976	8	0
4.676282	0	82080	8	0
4.678189	0	83104	8	0
4.680096	0	84128	8	0
4.682003	0	85152	8	0
4.683910	0	86176	8	0
4.685818	0	133288	8	0
4.687725	0	204880	8	0
4.689632	0	348384	8	0
4.691539	0	364816	8	0
4.693446	0	373032	8	0
4.695354	0	381392	8	0
4.697261	0	382416	8	0
4.699168	0	383440	8	0
4.701075	0	384464	8	0
4.702982	0	385488	8	0
4.704890	0	386512	8	0
4.706797	0	387536	8	0
4.708704	0	388560	8	0
4.710611	0	414120	8	0
4.712518	0	422328	8	0
4.714426	0	430544	8	0
4.716333	0	57472	8	0
4.718240	0	57528	8	0
4.720147	0	58552	8	0
4.722054	0	59576	8	0
4.723962	0	60600	8	0
4.725869	0	61624	8	0
4.727776	0	62648	8	0
4.729683	0	63672	8	0
4.731590	0	64696	8	0
4.733498	0	73792	8	0
4.735405	0	73904	8	0
4.737312	0	74928	8	0
4.739219	0	75952	8	0
4.741126	0	76976	8	0
4.743034	0	78000	8	0
4.744941	0	79024	8	0
4.746848	0	80048	8	0
4.748755	0	81072	8	0
4.750662	0	87200	8	0
4.752570	0	88224	8	0
4.754477	0	89248	8	0
4.756384	0	90176	8	0
4.758291	0	90192	8	0
4.760198	0	90232	8	0
4.762106	0	90328	8	0
4.764013	0	134312	8	0
4.765920	0	135336	8	0
4.767827	0	41136	8	0
4.769734	0	42160	8	0
4.771642	0	43184	8	0
4.773549	0	44208	8	0
4.775456	0	45232	8	0
4.777363	0	46256	8	0
4.779270	0	47280	8	0
4.781178	0	48304	8	0
4.783085	0	91352	8	0
4.784992	0	92376	8	0
4.786899	0	93400	8	0
4.788806	0	94424	8	0
4.790714	0	95448	8	0
4.792621	0	96472	8	0
4.794528	0	97496	8	0
4.796435	0	106672	8	0
4.798342	0	107696	8	0
4.800250	0	109744	8	0
4.802157	0	110768	8	0
4.804064	0	111792	8	0
4.805971	0	112816	8	0
4.807878	0	113840	8	0
4.809786	0	114768	8	0
4.811693	0	131240	8	0
4.813600	0	132264	8	0
4.815507	0	136360	8	0
4.817414	0	137384	8	0
4.819322	0	138408	8	0
4.821229	0	204944	8	0
4.823136	0	205048	8	0
4.825043	0	212424	8	0
4.826950	0	389280	8	0
4.828858	0	389576	8	0
4.830765	0	390600	8	0
4.832672	0	391624	8	0
4.834579	0	392648	8	0
4.836486	0	394696	8	0
4.838394	0	397680	8	0
4.840301	0	397744	8	0
4.842208	0	398768	8	0
4.844115	0	399792	8	0
4.846022	0	400816	8	0
4.847930	0	405896	8	0
4.849837	0	406048	8	0
4.851744	0	407072	8	0
4.853651	0	415144	8	0
4.855558	0	416168	8	0
4.857466	0	417192	8	0
4.859373	0	418216	8	0
4.861280	0	438760	8	0
4.863187	0	455192	8	0
4.865094	0	463408	8	0
4.867002	0	471624	8	0
4.868909	0	479840	8	0
4.870816	0	488056	8	0
4.872723	0	194920	8	0
4.874630	0	195944	8	0
4.876538	0	205152	8	0
4.878445	0	205256	8	0
4.880352	0	206280	8	0
4.882259	0	207304	8	0
4.884166	0	208328	8	0
4.886074	0	209352	8	0
4.887981	0	210376	8	0
4.889888	0	211400	8	0
4.891795	0	393672	8	0
4.893702	0	401744	8	0
4.895610	0	407712	16	0
4.899424	0	408744	8	0
4.901331	0	409768	8	0
4.903238	0	410792	8	0
4.905146	0	411816	8	0
4.907053	0	412840	8	0
4.908960	0	413864	8	0
4.910867	0	418792	8	0
4.912774	0	419816	8	0
4.914682	0	420840	8	0
4.916589	0	421864	8	0
4.918496	0	422320	8	0
4.920403	0	422736	8	0
4.922310	0	423760	8	0
4.924218	0	424784	8	0
4.926125	0	425808	8	0
4.928032	0	426728	8	0
4.929939	0	430856	8	0
4.931846	0	431880	8	0
4.933754	0	432904	8	0
4.935661	0	433928	8	0
4.937568	0	181544	8	0
4.939475	0	182568	8	0
4.941382	0	183592	8	0
4.943290	0	184616	8	0
4.945197	0	185640	8	0
4.947104	0	186664	8	0
4.949011	0	187688	8	0
4.950918	0	188616	8	0
4.952826	0	188776	8	0
4.954733	0	189800	8	0
4.956640	0	190824	8	0
4.958547	0	191848	8	0
4.960454	0	192872	8	0
4.962362	0	193896	8	0
4.964269	0	395320	8	0
4.966176	0	396344	8	0
4.968083	0	397368	8	0
4.969990	0	401752	8	0
4.971898	0	402776	8	0
4.973805	0	403800	8	0
4.975712	0	404824	8	0
4.977619	0	405848	8	0
4.979526	0	426784	8	0
4.981434	0	427808	8	0
4.983341	0	428832	8	0
4.985248	0	429856	8	0
4.987155	0	434952	8	0
4.989062	0	435176	8	0
4.990970	0	436200	8	0
4.992877	0	437224	8	0
4.994784	0	438248	8	0
4.996691	0	439784	8	0
4.998598	0	440808	8	0
5.000506	0	441832	8	0
5.002413	0	442528	8	0
5.004320	0	443552	8	0
5.006227	0	444576	8	0
5.008134	0	445600	8	0
5.010042	0	446624	8	0
5.011949	0	446776	8	0
5.013856	0	447024	8	0
5.015763	0	448048	8	0
5.017670	0	449072	8	0
5.019578	0	450096	8	0
5.021485	0	451120	8	0
5.023392	0	452144	8	0
5.025299	0	453168	8	0
5.027206	0	454192	8	0
5.029114	0	455328	8	0
5.031021	0	456352	8	0
5.032928	0	457376	8	0
5.034835	0	458400	8	0
5.036742	0	459424	8	0
5.038650	0	460448	8	0
5.040557	0	461472	8	0
5.042464	0	462496	8	0
5.044371	0	56	8	0
5.046278	0	8256	8	0
5.048186	0	12368	8	0
5.050093	0	24640	8	0
5.052000	0	41024	8	0
5.053907	0	98456	8	0
5.055814	0	147632	8	0
5.057722	0	151856	8	0
5.059629	0	152880	8	0
5.061536	0	153904	8	0
5.063443	0	154928	8	0
5.065350	0	155928	8	0
5.067258	0	156952	8	0
5.069165	0	167264	8	0
5.071072	0	168288	8	0
5.072979	0	169312	8	0
5.074886	0	170336	8	0
5.076794	0	171360	8	0
5.078701	0	172384	8	0
5.080608	0	172448	8	0
5.082515	0	173472	8	0
5.084422	0	174496	8	0
5.086330	0	175520	8	0
5.088237	0	176544	8	0
5.090144	0	177568	8	0
5.092051	0	178592	8	0
5.093958	0	179616	8	0
5.095866	0	180520	8	0
5.097773	0	430152	8	0
5.099680	0	464432	8	0
5.101587	0	465456	8	0
5.103494	0	466480	8	0
5.105402	0	467376	8	0
5.107309	0	468400	8	0
5.109216	0	469424	8	0
5.111123	0	470448	8	0
5.113030	0	480832	8	0
5.114938	0	481856	8	0
5.116845	0	482880	8	0
5.118752	0	483904	8	0
5.120659	0	484928	8	0
5.122566	0	485952	8	0
5.124474	0	486976	8	0
5.126381	0	528456	8	0
5.128288	0	537288	8	0
5.130195	0	537328	8	0
5.132102	0	16536	8	0
5.134010	0	32920	8	0
5.135917	0	41120	8	0
5.137824	0	49368	8	0
5.139731	0	57520	8	0
5.141638	0	65688	8	0
5.143546	0	73888	8	0
5.145453	0	81976	8	0
5.147360	0	82072	8	0
5.149267	0	90312	8	0
5.151174	0	106656	8	0
5.153082	0	114936	8	0
5.154989	0	114952	8	0
5.156896	0	115976	8	0
5.158803	0	117000	8	0
5.160710	0	118024	8	0
5.162618	0	119048	8	0
5.164525	0	120072	8	0
5.166432	0	121096	8	0
5.168339	0	122120	8	0
5.170246	0	123064	8	0
5.172154	0	123080	8	0
5.174061	0	124104	8	0
5.175968	0	125128	8	0
5.177875	0	126152	8	0
5.179782	0	127176	8	0
5.181690	0	128200	8	0
5.183597	0	129224	8	0
5.185504	0	130248	8	0
5.187411	0	131176	8	0
5.189318	0	131224	8	0
5.191226	0	139432	8	0
5.193133	0	139488	16	0
5.196947	0	140520	8	0
5.198854	0	141544	8	0
5.200762	0	142568	8	0
5.202669	0	143592	8	0
5.204576	0	144616	8	0
5.206483	0	145640	8	0
5.208390	0	146664	8	0
5.210298	0	147752	16	0
5.214112	0	148784	8	0
5.216019	0	149808	8	0
5.217926	0	150832	8	0
5.219834	0	155920	8	0
5.221741	0	157976	8	0
5.223648	0	159000	8	0
5.225555	0	160024	8	0
5.227462	0	161048	8	0
5.229370	0	162072	8	0
5.231277	0	163096	8	0
5.233184	0	164064	8	0
5.235091	0	164184	16	0
5.238906	0	165216	8	0
5.240813	0	166240	8	0
5.242720	0	172440	8	0
5.244627	0	180512	8	0
5.246534	0	188768	8	0
5.248442	0	205040	8	0
5.250349	0	205248	8	0
5.252256	0	270400	8	0
5.254163	0	389272	8	0
5.256070	0	389568	8	0
5.257978	0	397736	8	0
5.259885	0	406040	8	0
5.261792	0	414112	8	0
5.263699	0	422312	8	0
5.265606	0	422728	8	0
5.267514	0	430848	8	0
5.269421	0	446768	8	0
5.271328	0	447016	8	0
5.273235	0	455320	8	0
5.275142	0	524344	8	0
5.277050	0	537320	8	0
5.278957	0	545504	8	0
5.280864	0	561792	8	0
5.282771	0	570288	8	0
5.284678	0	571312	8	0
5.286586	0	572336	8	0
5.288493	0	573360	8	0
5.290400	0	574384	8	0
5.292307	0	575408	8	0
5.294214	0	575784	8	0
5.296122	0	576808	8	0
5.298029	0	577832	8	0
5.299936	0	578224	8	0
5.301843	0	586440	8	0
5.303750	0	16440	8	0
5.305658	0	16544	8	0
5.307565	0	17568	8	0
5.309472	0	18592	8	0
5.311379	0	82080	8	0
5.313286	0	83104	8	0
5.315194	0	84128	16	0
5.319008	0	85160	8	0
5.320915	0	86184	8	0
5.322822	0	87208	8	0
5.324730	0	88232	8	0
5.326637	0	89256	8	0
5.328544	0	98360	8	0
5.330451	0	98464	8	0
5.332358	0	99488	8	0
5.334266	0	100512	16	0
5.338080	0	101544	8	0
5.339987	0	102568	8	0
5.341894	0	103592	8	0
5.343802	0	104616	8	0
5.345709	0	105640	8	0
5.347616	0	19616	8	0
5.349523	0	20640	8	0
5.351430	0	21664	8	0
5.353338	0	22688	8	0
5.355245	0	23712	8	0
5.357152	0	24640	8	0
5.359059	0	32824	8	0
5.360966	0	32928	8	0
5.362874	0	33952	8	0
5.364781	0	34976	8	0
5.366688	0	36000	8	0
5.368595	0	37024	8	0
5.370502	0	38048	8	0
5.372410	0	39072	8	0
5.374317	0	41136	8	0
5.376224	0	42160	8	0
5.378131	0	43184	8	0
5.380038	0	44208	8	0
5.381946	0	45232	8	0
5.383853	0	46256	8	0
5.385760	0	47280	8	0
5.387667	0	48304	8	0
5.389574	0	49376	8	0
5.391482	0	50400	8	0
5.393389	0	51424	8	0
5.395296	0	52448	8	0
5.397203	0	53472	8	0
5.399110	0	54496	8	0
5.401018	0	57472	8	0
5.402925	0	57528	8	0
5.404832	0	58552	8	0
5.406739	0	59576	8	0
5.408646	0	60600	8	0
5.410554	0	61624	8	0
5.412461	0	62648	8	0
5.414368	0	63672	8	0
5.416275	0	64696	8	0
5.418182	0	65592	8	0
5.420090	0	65696	8	0
5.421997	0	66720	8	0
5.423904	0	67744	16	0
5.427718	0	68776	8	0
5.429626	0	69800	8	0
5.431533	0	70824	8	0
5.433440	0	71848	8	0
5.435347	0	72872	8	0
5.437254	0	73792	8	0
5.439162	0	73904	8	0
5.441069	0	74928	8	0
5.442976	0	75952	8	0
5.444883	0	76976	8	0
5.446790	0	78000	8	0
5.448698	0	79024	8	0
5.450605	0	80048	8	0
5.452512	0	81072	8	0
5.454419	0	90176	8	0
5.456326	0	90328	8	0
5.458234	0	91352	8	0
5.460141	0	92376	8	0
5.462048	0	93400	8	0
5.463955	0	94424	8	0
5.465862	0	95448	8	0
5.467770	0	96472	8	0
5.469677	0	97496	8	0
5.471584	0	106560	8	0
5.473491	0	106672	8	0
5.475398	0	107696	8	0
5.477306	0	108720	8	0
5.479213	0	109744	8	0
5.481120	0	110768	8	0
5.483027	0	111792	8	0
5.484934	0	112816	8	0
5.486842	0	113840	8	0
5.488749	0	114952	8	0
5.490656	0	115976	8	0
5.492563	0	117000	8	0
5.494470	0	118024	8	0
5.496378	0	119048	8	0
5.498285	0	55520	8	0
5.500192	0	56544	8	0
5.502099	0	57488	8	0
5.504006	0	120072	8	0
5.505914	0	121096	8	0
5.507821	0	122120	8	0
5.509728	0	123080	8	0
5.511635	0	124104	8	0
5.513542	0	125128	8	0
5.515450	0	126152	8	0
5.517357	0	127176	8	0
5.519264	0	128200	8	0
5.521171	0	129224	8	0
5.523078	0	130248	8	0
5.524986	0	131176	8	0
5.526893	0	131240	8	0
5.528800	0	132264	8	0
5.530707	0	133288	8	0
5.532614	0	134312	8	0
5.534522	0	135336	8	0
5.536429	0	136360	8	0
5.538336	0	137384	8	0
5.540243	0	138408	8	0
5.542150	0	139496	8	0
5.544058	0	140520	8	0
5.545965	0	141544	8	0
5.547872	0	142568	8	0
5.549779	0	143592	8	0
5.551686	0	144616	8	0
5.553594	0	39856	8	0
5.555501	0	40880	8	0
5.557408	0	49208	8	0
5.559315	0	65552	8	0
5.561222	0	90216	8	0
5.563130	0	114792	8	0
5.565037	0	139416	8	0
5.566944	0	145640	8	0
5.568851	0	146664	8	0
5.570758	0	147592	8	0
5.572666	0	147656	8	0
5.574573	0	147760	8	0
5.576480	0	148784	8	0
5.578387	0	149808	8	0
5.580294	0	150832	8	0
5.582202	0	151856	8	0
5.584109	0	152880	8	0
5.586016	0	153904	8	0
5.587923	0	154928	8	0
5.589830	0	155928	8	0
5.591738	0	156952	8	0
5.593645	0	157976	8	0
5.595552	0	159000	8	0
5.597459	0	160024	8	0
5.599366	0	161048	8	0
5.601274	0	162072	8	0
5.603181	0	163096	8	0
5.605088	0	164088	8	0
5.606995	0	164192	8	0
5.608902	0	165216	8	0
5.610810	0	166240	8	0
5.612717	0	167264	8	0
5.614624	0	168288	8	0
5.616531	0	169312	8	0
5.618438	0	170336	8	0
5.620346	0	171360	8	0
5.622253	0	172280	8	0
5.624160	0	172448	8	0
5.626067	0	173472	8	0
5.627974	0	180520	8	0
5.629882	0	181544	8	0
5.631789	0	182568	8	0
5.633696	0	183592	8	0
5.635603	0	184616	8	0
5.637510	0	185640	8	0
5.639418	0	186664	8	0
5.641325	0	187688	8	0
5.643232	0	188712	8	0
5.645139	0	188776	8	0
5.647046	0	189800	8	0
5.648954	0	190824	8	0
5.650861	0	191848	8	0
5.652768	0	192872	8	0
5.654675	0	193896	8	0
5.656582	0	194920	8	0
5.658490	0	195944	8	0
5.660397	0	204880	8	0
5.662304	0	204944	8	0
5.664211	0	205048	8	0
5.666118	0	205256	8	0
5.668026	0	206280	8	0
5.669933	0	207304	8	0
5.671840	0	208328	8	0
5.673747	0	348384	8	0
5.675654	0	364816	8	0
5.677562	0	373032	8	0
5.679469	0	381392	8	0
5.681376	0	382416	8	0
5.683283	0	383440	8	0
5.685190	0	384464	8	0
5.687098	0	385488	8	0
5.689005	0	386512	8	0
5.690912	0	387536	8	0
5.692819	0	388560	8	0
5.694726	0	389280	8	0
5.696634	0	389576	8	0
5.698541	0	390600	8	0
5.700448	0	391624	8	0
5.702355	0	397744	8	0
5.704262	0	398768	8	0
5.706170	0	399792	8	0
5.708077	0	405896	8	0
5.709984	0	406048	8	0
5.711891	0	414120	8	0
5.713798	0	415144	8	0
5.715706	0	416168	8	0
5.717613	0	417192	8	0
5.719520	0	418216	8	0
5.721427	0	438760	8	0
5.723334	0	439784	8	0
5.725242	0	8272	8	0
5.727149	0	173504	8	0
5.729056	0	174528	8	0
5.730963	0	175552	8	0
5.732870	0	176576	8	0
5.734778	0	177600	8	0
5.736685	0	178624	8	0
5.738592	0	179648	8	0
5.740499	0	196408	8	0
5.742406	0	209256	8	0
5.744314	0	210280	8	0
5.746221	0	211304	8	0
5.748128	0	211768	8	0
5.750035	0	213200	8	0
5.751942	0	214224	8	0
5.753850	0	221312	8	0
5.755757	0	221416	8	0
5.757664	0	222440	8	0
5.759571	0	229592	8	0
5.761478	0	229696	8	0
5.763386	0	230720	8	0
5.765293	0	231744	16	0
5.769107	0	232776	8	0
5.771014	0	274512	8	0
5.772922	0	279672	8	0
5.774829	0	391632	8	0
5.776736	0	392656	8	0
5.778643	0	393680	8	0
5.780550	0	394704	8	0
5.782458	0	395728	8	0
5.784365	0	396752	8	0
5.786272	0	400592	16	0
5.790086	0	406728	8	0
5.791994	0	419240	8	0
5.793901	0	420264	8	0
5.795808	0	420344	8	0
5.797715	0	439896	16	0
5.801530	0	440928	8	0
5.803437	0	441952	8	0
5.805344	0	442976	8	0
5.807251	0	444000	8	0
5.809158	0	445024	8	0
5.811066	0	446048	8	0
5.812973	0	446776	8	0
5.814880	0	463408	8	0
5.816787	0	464432	8	0
5.818694	0	465456	8	0
5.820602	0	466480	8	0
5.822509	0	467504	8	0
5.824416	0	468528	8	0
5.826323	0	469552	8	0
5.828230	0	470576	8	0
5.830138	0	488056	8	0
5.832045	0	528456	8	0
5.833952	0	537288	8	0
5.835859	0	537328	8	0
5.837766	0	545504	8	0
5.839674	0	561792	8	0
5.841581	0	570288	8	0
5.843488	0	571312	8	0
5.845395	0	572336	8	0
5.847302	0	573360	8	0
5.849210	0	574384	8	0
5.851117	0	575408	8	0
5.853024	0	197792	8	0
5.854931	0	198816	8	0
5.856838	0	199840	8	0
5.858746	0	200864	8	0
5.860653	0	201888	8	0
5.862560	0	202912	8	0
5.864467	0	203936	8	0
5.866374	0	213048	8	0
5.868282	0	215248	8	0
5.870189	0	216272	8	0
5.872096	0	217296	8	0
5.874003	0	218320	8	0
5.875910	0	219344	8	0
5.877818	0	220368	8	0
5.879725	0	223464	8	0
5.881632	0	224488	8	0
5.883539	0	225512	8	0
5.885446	0	226536	8	0
5.887354	0	227560	8	0
5.889261	0	228584	8	0
5.891168	0	229512	8	0
5.893075	0	233800	8	0
5.894982	0	234824	8	0
5.896890	0	235848	8	0
5.898797	0	236872	8	0
5.900704	0	237792	8	0
5.902611	0	237912	8	0
5.904518	0	238936	8	0
5.906426	0	239960	8	0
5.908333	0	240984	8	0
5.910240	0	242008	8	0
5.912147	0	243032	8	0
5.914054	0	244056	8	0
5.915962	0	245080	8	0
5.917869	0	196664	8	0
5.919776	0	196768	8	0
5.921683	0	246008	8	0
5.923590	0	246024	8	0
5.925498	0	246128	8	0
5.927405	0	247152	8	0
5.929312	0	248176	8	0
5.931219	0	249200	8	0
5.933126	0	250224	8	0
5.935034	0	251248	8	0
5.936941	0	252272	8	0
5.938848	0	253296	8	0
5.940755	0	254224	8	0
5.942662	0	254296	8	0
5.944570	0	255320	8	0
5.946477	0	256344	8	0
5.948384	0	257368	8	0
5.950291	0	258392	8	0
5.952198	0	259416	8	0
5.954106	0	260440	8	0
5.956013	0	261464	8	0
5.957920	0	274552	8	0
5.959827	0	275576	8	0
5.961734	0	276600	8	0
5.963642	0	277624	8	0
5.965549	0	278648	8	0
5.967456	0	280696	8	0
5.969363	0	281720	8	0
5.971270	0	282672	8	0
5.973178	0	283696	8	0
5.975085	0	284720	8	0
5.976992	0	285744	8	0
5.978899	0	286768	8	0
5.980806	0	287792	8	0
5.982714	0	288816	8	0
5.984621	0	289840	8	0
5.986528	0	290864	8	0
5.988435	0	290976	8	0
5.990342	0	292000	8	0
5.992250	0	293024	8	0
5.994157	0	294048	8	0
5.996064	0	295072	8	0
5.997971	0	296096	8	0
5.999878	0	297120	8	0
6.001786	0	298144	8	0
6.003693	0	299080	8	0
6.005600	0	300104	8	0
6.007507	0	301128	8	0
6.009414	0	302152	8	0
6.011322	0	303176	8	0
6.013229	0	304200	8	0
6.015136	0	305224	8	0
6.017043	0	306248	8	0
6.018950	0	307200	8	0
6.020858	0	307296	8	0
6.022765	0	308320	8	0
6.024672	0	309344	8	0
6.026579	0	310368	8	0
6.028486	0	311392	8	0
6.030394	0	312416	8	0
6.032301	0	313440	8	0
6.034208	0	314464	8	0
6.036115	0	315392	8	0
6.038022	0	315512	8	0
6.039930	0	316536	8	0
6.041837	0	317560	8	0
6.043744	0	318584	8	0
6.045651	0	319608	8	0
6.047558	0	320632	8	0
6.049466	0	321656	8	0
6.051373	0	322680	8	0
6.053280	0	323608	8	0
6.055187	0	323728	8	0
6.057094	0	324112	8	0
6.059002	0	325136	8	0
6.060909	0	326160	8	0
6.062816	0	327184	8	0
6.064723	0	328208	8	0
6.066630	0	329232	8	0
6.068538	0	348456	8	0
6.070445	0	364888	8	0
6.072352	0	373104	8	0
6.074259	0	488064	8	0
6.076166	0	463384	8	0
6.078074	0	489088	8	0
6.079981	0	490112	8	0
6.081888	0	491136	8	0
6.083795	0	330256	8	0
6.085702	0	331280	8	0
6.087610	0	332040	8	0
6.089517	0	332152	8	0
6.091424	0	333176	8	0
6.093331	0	334200	8	0
6.095238	0	335224	8	0
6.097146	0	336248	8	0
6.099053	0	337272	8	0
6.100960	0	338296	8	0
6.102867	0	339320	8	0
6.104774	0	340160	8	0
6.106682	0	341184	8	0
6.108589	0	342208	8	0
6.110496	0	343232	8	0
6.112403	0	344256	8	0
6.114310	0	345280	8	0
6.116218	0	346304	8	0
6.118125	0	347328	8	0
6.120032	0	348360	8	0
6.121939	0	349480	8	0
6.123846	0	350504	8	0
6.125754	0	351528	8	0
6.127661	0	352432	8	0
6.129568	0	353456	8	0
6.131475	0	354480	8	0
6.133382	0	355504	8	0
6.135290	0	356496	8	0
6.137197	0	356576	8	0
6.139104	0	357600	8	0
6.141011	0	358624	8	0
6.142918	0	359648	8	0
6.144826	0	360672	8	0
6.146733	0	361696	8	0
6.148640	0	362720	8	0
6.150547	0	363744	8	0
6.152454	0	364768	8	0
6.154362	0	364792	8	0
6.156269	0	365912	8	0
6.158176	0	366936	8	0
6.160083	0	367960	8	0
6.161990	0	368984	8	0
6.163898	0	370008	8	0
6.165805	0	371032	8	0
6.167712	0	372056	8	0
6.169619	0	373008	8	0
6.171526	0	374128	8	0
6.173434	0	375152	8	0
6.175341	0	376176	8	0
6.177248	0	377200	8	0
6.179155	0	378224	8	0
6.181062	0	379248	8	0
6.182970	0	379536	8	0
6.184877	0	380560	8	0
6.186784	0	381336	8	0
6.188691	0	455120	8	0
6.190598	0	471304	8	0
6.192506	0	471664	16	0
6.196320	0	472696	8	0
6.198227	0	473720	8	0
6.200134	0	474744	8	0
6.202042	0	475200	8	0
6.203949	0	476224	8	0
6.205856	0	477248	8	0
6.207763	0	478272	8	0
6.209670	0	479296	8	0
6.211578	0	479400	8	0
6.213485	0	487936	8	0
6.215392	0	491944	8	0
6.217299	0	492968	8	0
6.219206	0	493992	8	0
6.221114	0	495016	8	0
6.223021	0	495040	8	0
6.224928	0	496064	8	0
6.226835	0	496144	8	0
6.228742	0	496488	8	0
6.230650	0	497512	8	0
6.232557	0	498536	8	0
6.234464	0	499560	8	0
6.236371	0	500008	8	0
6.238278	0	501032	8	0
6.240186	0	502056	8	0
6.242093	0	502896	8	0
6.244000	0	503920	8	0
6.245907	0	504496	8	0
6.247814	0	505520	8	0
6.249722	0	506544	8	0
6.251629	0	507568	8	0
6.253536	0	508592	8	0
6.255443	0	508976	16	0
6.259258	0	510008	8	0
6.261165	0	511032	8	0
6.263072	0	512056	8	0
6.264979	0	512768	8	0
6.266886	0	513792	8	0
6.268794	0	514816	8	0
6.270701	0	515840	8	0
6.272608	0	516312	8	0
6.274515	0	517336	8	0
6.276422	0	518360	8	0
6.278330	0	519384	8	0
6.280237	0	520408	8	0
6.282144	0	520984	8	0
6.284051	0	522008	8	0
6.285958	0	522256	16	0
6.289773	0	523288	16	0
6.293587	0	524320	8	0
6.295494	0	528504	8	0
6.297402	0	529128	8	0
6.299309	0	529960	8	0
6.301216	0	530984	8	0
6.303123	0	532008	8	0
6.305030	0	533032	8	0
6.306938	0	537336	8	0
6.308845	0	545552	8	0
6.310752	0	561984	8	0
6.312659	0	563008	8	0
6.314566	0	564032	8	0
6.316474	0	565056	8	0
6.318381	0	566080	8	0
6.320288	0	578416	8	0
6.322195	0	56	8	0
6.324102	0	8256	8	0
6.326010	0	12368	8	0
6.327917	0	196760	8	0
6.329824	0	213048	8	0
6.331731	0	213192	8	0
6.333638	0	221408	8	0
6.335546	0	229528	8	0
6.337453	0	229688	8	0
6.339360	0	237904	8	0
6.341267	0	246024	8	0
6.343174	0	246120	16	0
6.346989	0	247152	8	0
6.348896	0	248176	8	0
6.350803	0	249200	8	0
6.352710	0	250224	8	0
6.354618	0	251248	8	0
6.356525	0	254288	16	0
6.360339	0	255320	8	0
6.362246	0	270400	8	0
6.364154	0	274512	8	0
6.366061	0	274544	16	0
6.369875	0	275576	8	0
6.371782	0	282656	8	0
6.373690	0	290960	8	0
6.375597	0	299064	8	0
6.377504	0	307280	8	0
6.379411	0	315496	8	0
6.381318	0	323712	8	0
6.383226	0	332136	8	0
6.385133	0	340144	8	0
6.387040	0	348352	8	0
6.388947	0	356568	8	0
6.390854	0	364784	8	0
6.392762	0	373000	8	0
6.394669	0	381328	8	0
6.396576	0	479392	8	0
6.398483	0	487928	8	0
6.400390	0	496136	8	0
6.402298	0	496480	8	0
6.404205	0	504488	8	0
6.406112	0	512760	8	0
6.408019	0	520976	8	0
6.409926	0	524344	8	0
6.411834	0	529120	8	0
6.413741	0	534056	8	0
6.415648	0	535080	8	0
6.417555	0	535952	8	0
6.419462	0	536976	8	0
6.421370	0	538360	8	0
6.423277	0	539384	8	0
6.425184	0	540408	8	0
6.427091	0	541432	8	0
6.428998	0	542456	8	0
6.430906	0	543480	8	0
6.432813	0	544504	8	0
6.434720	0	545056	8	0
6.436627	0	545152	16	0
6.440442	0	545600	16	0
6.444256	0	546632	8	0
6.446163	0	547656	8	0
6.448070	0	548680	8	0
6.449978	0	549704	8	0
6.451885	0	550728	8	0
6.453792	0	551752	8	0
6.455699	0	552776	8	0
6.457606	0	553712	8	0
6.459514	0	554736	16	0
6.463328	0	555208	8	0
6.465235	0	556232	8	0
6.467142	0	557256	8	0
6.469050	0	558280	8	0
6.470957	0	559304	8	0
6.472864	0	560328	8	0
6.474771	0	561352	8	0
6.476678	0	567104	8	0
6.478586	0	568128	8	0
6.480493	0	569152	8	0
6.482400	0	570120	16	0
6.486214	0	578136	8	0
6.488122	0	578448	16	0
6.491936	0	579480	8	0
6.493843	0	580504	8	0
6.495750	0	581528	8	0
6.497658	0	582552	8	0
6.499565	0	583480	8	0
6.501472	0	584504	8	0
6.503379	0	585528	8	0
6.505286	0	586728	8	0
6.507194	0	587752	8	0
6.509101	0	588776	8	0
6.511008	0	589712	8	0
6.512915	0	590584	8	0
6.514822	0	591608	8	0
6.516730	0	592632	8	0
6.518637	0	593656	8	0
6.520544	0	594680	8	0
6.522451	0	594792	8	0
6.524358	0	594912	16	0
6.528173	0	595944	8	0
6.530080	0	596856	8	0
6.531987	0	597880	8	0
6.533894	0	598904	8	0
6.535802	0	599928	8	0
6.537709	0	600952	8	0
6.539616	0	601976	8	0
6.541523	0	603000	16	0
6.545338	0	603096	16	0
6.549152	0	604128	8	0
6.551059	0	605152	8	0
6.552966	0	606176	8	0
6.554874	0	607200	8	0
6.556781	0	608224	8	0
6.558688	0	609248	8	0
6.560595	0	610272	8	0
6.562502	0	611224	8	0
6.564410	0	612248	8	0
6.566317	0	613272	8	0
6.568224	0	614296	8	0
6.570131	0	615320	8	0
6.572038	0	615496	16	0
6.575853	0	616528	8	0
6.577760	0	617552	8	0
6.579667	0	618576	8	0
6.581574	0	619600	8	0
6.583482	0	620624	8	0
6.585389	0	621648	8	0
6.587296	0	622672	8	0
6.589203	0	627656	8	0
6.591110	0	627696	16	0
6.594925	0	628728	8	0
6.596832	0	629752	8	0
6.598739	0	630776	8	0
6.600646	0	631800	8	0
6.602554	0	632824	8	0
6.604461	0	633848	8	0
6.606368	0	634872	8	0
6.608275	0	635872	8	0
6.610182	0	635984	16	0
6.613997	0	637016	8	0
6.615904	0	638040	8	0
6.617811	0	639064	8	0
6.619718	0	640088	8	0
6.621626	0	641112	8	0
6.623533	0	641872	8	0
6.625440	0	642896	8	0
6.627347	0	643920	8	0
6.629254	0	644192	16	0
6.633069	0	645224	8	0
6.634976	0	646248	8	0
6.636883	0	647272	8	0
6.638790	0	648296	8	0
6.640698	0	649320	8	0
6.642605	0	650344	8	0
6.644512	0	651368	8	0
6.646419	0	652304	8	0
6.648326	0	660520	8	0
6.650234	0	660728	16	0
6.654048	0	661760	8	0
6.655955	0	662784	8	0
6.657862	0	663808	8	0
6.659770	0	664832	8	0
6.661677	0	665856	8	0
6.663584	0	666880	8	0
6.665491	0	667904	8	0
6.667398	0	196664	8	0
6.669306	0	196768	8	0
6.671213	0	197792	8	0
6.673120	0	198816	8	0
6.675027	0	199840	8	0
6.676934	0	200864	8	0
6.678842	0	201888	8	0
6.680749	0	202912	8	0
6.682656	0	203936	8	0
6.684563	0	213096	8	0
6.686470	0	213200	8	0
6.688378	0	214224	8	0
6.690285	0	215248	8	0
6.692192	0	216272	8	0
6.694099	0	217296	8	0
6.696006	0	218320	8	0
6.697914	0	219344	8	0
6.699821	0	220368	8	0
6.701728	0	221312	8	0
6.703635	0	221416	8	0
6.705542	0	222440	8	0
6.707450	0	245080	8	0
6.709357	0	252272	8	0
6.711264	0	253296	8	0
6.713171	0	204864	8	0
6.715078	0	223464	8	0
6.716986	0	224488	8	0
6.718893	0	225512	8	0
6.720800	0	226536	8	0
6.722707	0	227560	8	0
6.724614	0	228584	8	0
6.726522	0	229512	8	0
6.728429	0	229592	8	0
6.730336	0	229696	8	0
6.732243	0	230720	8	0
6.734150	0	231744	8	0
6.736058	0	232768	8	0
6.737965	0	233792	8	0
6.739872	0	234816	8	0
6.741779	0	235840	8	0
6.743686	0	236864	8	0
6.745594	0	237808	8	0
6.747501	0	237912	8	0
6.749408	0	238936	8	0
6.751315	0	239960	8	0
6.753222	0	240984	8	0
6.755130	0	242008	8	0
6.757037	0	243032	8	0
6.758944	0	244056	8	0
6.760851	0	246008	8	0
6.762758	0	254224	8	0
6.764666	0	254240	8	0
6.766573	0	255328	8	0
6.768480	0	256352	8	0
6.770387	0	257376	8	0
6.772294	0	258400	8	0
6.774202	0	259424	8	0
6.776109	0	260448	8	0
6.778016	0	261472	8	0
6.779923	0	276280	8	0
6.781830	0	277304	8	0
6.783738	0	278328	8	0
6.785645	0	279352	8	0
6.787552	0	280376	8	0
6.789459	0	281400	8	0
6.791366	0	282424	8	0
6.793274	0	282576	8	0
6.795181	0	282672	8	0
6.797088	0	283696	8	0
6.798995	0	284720	8	0
6.800902	0	285744	8	0
6.802810	0	286768	8	0
6.804717	0	287792	8	0
6.806624	0	288816	8	0
6.808531	0	289840	8	0
6.810438	0	290792	8	0
6.812346	0	290864	8	0
6.814253	0	290976	8	0
6.816160	0	292000	8	0
6.818067	0	293024	8	0
6.819974	0	294048	8	0
6.821882	0	295072	8	0
6.823789	0	296096	8	0
6.825696	0	297120	8	0
6.827603	0	298144	8	0
6.829510	0	299080	8	0
6.831418	0	300104	8	0
6.833325	0	301128	8	0
6.835232	0	302152	8	0
6.837139	0	303176	8	0
6.839046	0	304200	8	0
6.840954	0	305224	8	0
6.842861	0	306248	8	0
6.844768	0	307200	8	0
6.846675	0	307296	8	0
6.848582	0	308320	8	0
6.850490	0	309344	8	0
6.852397	0	310368	8	0
6.854304	0	311392	8	0
6.856211	0	312416	8	0
6.858118	0	313440	8	0
6.860026	0	314464	8	0
6.861933	0	315392	8	0
6.863840	0	315512	8	0
6.865747	0	316536	8	0
6.867654	0	317560	8	0
6.869562	0	318584	8	0
6.871469	0	319608	8	0
6.873376	0	320632	8	0
6.875283	0	321656	8	0
6.877190	0	322680	8	0
6.879098	0	323728	8	0
6.881005	0	331848	8	0
6.882912	0	332040	8	0
6.884819	0	332152	8	0
6.886726	0	333176	8	0
6.888634	0	334200	8	0
6.890541	0	335224	8	0
6.892448	0	336248	8	0
6.894355	0	337272	8	0
6.896262	0	338296	8	0
6.898170	0	339320	8	0
6.900077	0	340160	8	0
6.901984	0	341184	8	0
6.903891	0	342208	8	0
6.905798	0	343232	8	0
6.907706	0	344256	8	0
6.909613	0	345280	8	0
6.911520	0	346304	8	0
6.913427	0	347328	8	0
6.915334	0	348360	8	0
6.917242	0	348456	8	0
6.919149	0	356576	8	0
6.921056	0	357600	8	0
6.922963	0	358624	8	0
6.924870	0	359648	8	0
6.926778	0	360672	8	0
6.928685	0	361696	8	0
6.930592	0	362720	8	0
6.932499	0	363744	8	0
6.934406	0	364768	8	0
6.936314	0	364792	8	0
6.938221	0	364888	8	0
6.940128	0	365912	8	0
6.942035	0	366936	8	0
6.943942	0	367960	8	0
6.945850	0	368984	8	0
6.947757	0	370008	8	0
6.949664	0	371032	8	0
6.951571	0	372056	8	0
6.953478	0	373008	8	0
6.955386	0	373104	8	0
6.957293	0	8272	8	0
6.959200	0	98360	8	0
6.961107	0	323632	8	0
6.963014	0	324752	8	0
6.964922	0	325776	8	0
6.966829	0	326800	8	0
6.968736	0	327824	8	0
6.970643	0	328848	8	0
6.972550	0	329872	8	0
6.974458	0	330896	8	0
6.976365	0	349016	8	0
6.978272	0	350040	8	0
6.980179	0	351064	8	0
6.982086	0	352088	8	0
6.983994	0	353112	8	0
6.985901	0	354136	8	0
6.987808	0	355160	8	0
6.989715	0	356184	8	0
6.991622	0	374128	8	0
6.993530	0	375152	8	0
6.995437	0	376176	8	0
6.997344	0	377200	8	0
6.999251	0	378224	8	0
7.001158	0	379248	8	0
7.003066	0	380272	8	0
7.004973	0	381144	8	0
7.006880	0	381336	8	0
7.008787	0	455120	8	0
7.010694	0	463384	8	0
7.012602	0	471304	8	0
7.014509	0	471664	16	0
7.018323	0	472696	8	0
7.020230	0	473720	8	0
7.022138	0	474744	8	0
7.024045	0	475304	8	0
7.025952	0	476328	8	0
7.027859	0	476832	8	0
7.029766	0	479768	8	0
7.031674	0	487936	8	0
7.033581	0	488064	8	0
7.035488	0	489088	8	0
7.037395	0	490112	8	0
7.039302	0	491136	8	0
7.041210	0	492160	8	0
7.043117	0	493048	16	0
7.046931	0	494080	8	0
7.048838	0	495104	16	0
7.052653	0	496144	8	0
7.054560	0	496200	8	0
7.056467	0	496384	8	0
7.058374	0	496488	8	0
7.060282	0	497512	8	0
7.062189	0	498536	8	0
7.064096	0	499560	8	0
7.066003	0	500584	8	0
7.067910	0	501608	8	0
7.069818	0	502632	8	0
7.071725	0	503376	8	0
7.073632	0	503472	8	0
7.075539	0	504416	8	0
7.077446	0	504496	8	0
7.079354	0	505520	8	0
7.081261	0	506544	8	0
7.083168	0	507568	8	0
7.085075	0	508592	8	0
7.086982	0	509616	8	0
7.088890	0	510640	8	0
7.090797	0	511664	8	0
7.092704	0	512688	8	0
7.094611	0	512768	8	0
7.096518	0	513792	8	0
7.098426	0	514816	8	0
7.100333	0	515840	8	0
7.102240	0	516864	8	0
7.104147	0	517448	8	0
7.106054	0	518472	8	0
7.107962	0	519496	8	0
7.109869	0	520520	8	0
7.111776	0	520848	8	0
7.113683	0	520984	8	0
7.115590	0	522008	8	0
7.117498	0	522096	8	0
7.119405	0	523120	8	0
7.121312	0	524144	8	0
7.123219	0	528504	8	0
7.125126	0	529128	8	0
7.127034	0	530152	8	0
7.128941	0	531176	8	0
7.130848	0	532200	8	0
7.132755	0	532448	16	0
7.136570	0	545496	8	0
7.138477	0	545552	8	0
7.140384	0	545608	8	0
7.142291	0	546632	8	0
7.144198	0	547656	8	0
7.146106	0	548680	8	0
7.148013	0	549608	16	0
7.151827	0	550640	8	0
7.153734	0	551664	8	0
7.155642	0	552688	8	0
7.157549	0	561984	8	0
7.159456	0	563008	8	0
7.161363	0	564032	8	0
7.163270	0	565056	8	0
7.165178	0	566080	8	0
7.167085	0	567104	8	0
7.168992	0	568128	8	0
7.170899	0	569152	8	0
7.172806	0	570128	8	0
7.174714	0	586728	8	0
7.176621	0	587752	8	0
7.178528	0	588776	8	0
7.180435	0	589800	8	0
7.182342	0	590824	8	0
7.184250	0	594792	8	0
7.186157	0	594920	8	0
7.188064	0	595944	8	0
7.189971	0	596968	8	0
7.191878	0	597088	8	0
7.193786	0	603008	8	0
7.195693	0	603104	8	0
7.197600	0	604128	8	0
7.199507	0	605152	8	0
7.201414	0	606176	8	0
7.203322	0	607200	8	0
7.205229	0	608224	8	0
7.207136	0	609248	8	0
7.209043	0	610272	8	0
7.210950	0	611224	8	0
7.212858	0	612248	8	0
7.214765	0	613272	8	0
7.216672	0	614296	8	0
7.218579	0	615320	8	0
7.220486	0	615504	8	0
7.222394	0	616528	8	0
7.224301	0	617552	8	0
7.226208	0	618576	8	0
7.228115	0	619600	8	0
7.230022	0	620624	8	0
7.231930	0	98464	8	0
7.233837	0	99488	8	0
7.235744	0	100512	16	0
7.239558	0	101544	8	0
7.241466	0	102568	8	0
7.243373	0	103592	8	0
7.245280	0	104616	8	0
7.247187	0	105640	8	0
7.249094	0	114744	8	0
7.251002	0	114848	8	0
7.252909	0	115872	8	0
7.254816	0	116896	8	0
7.256723	0	131128	8	0
7.258630	0	131232	8	0
7.260538	0	132256	8	0
7.262445	0	133280	8	0
7.264352	0	81976	8	0
7.266259	0	82080	8	0
7.268166	0	83104	8	0
7.270074	0	84128	8	0
7.271981	0	116904	8	0
7.273888	0	117928	8	0
7.275795	0	118952	8	0
7.277702	0	119976	8	0
7.279610	0	121000	8	0
7.281517	0	122024	8	0
7.283424	0	134304	8	0
7.285331	0	135328	8	0
7.287238	0	136352	8	0
7.289146	0	137376	8	0
7.291053	0	138400	8	0
7.292960	0	147512	8	0
7.294867	0	147616	8	0
7.296774	0	148640	8	0
7.298682	0	149664	16	0
7.302496	0	150696	8	0
7.304403	0	151720	8	0
7.306310	0	152744	8	0
7.308218	0	153768	8	0
7.310125	0	154792	8	0
7.312032	0	163896	8	0
7.313939	0	164000	8	0
7.315846	0	165024	8	0
7.317754	0	166048	8	0
7.319661	0	167072	8	0
7.321568	0	168096	8	0
7.323475	0	169120	8	0
7.325382	0	170144	8	0
7.327290	0	171168	8	0
7.329197	0	180280	8	0
7.331104	0	188600	8	0
7.333011	0	204880	8	0
7.334918	0	348384	8	0
7.336826	0	364816	8	0
7.338733	0	373032	8	0
7.340640	0	381392	8	0
7.342547	0	382416	8	0
7.344454	0	383440	8	0
7.346362	0	384464	8	0
7.348269	0	385488	8	0
7.350176	0	386512	8	0
7.352083	0	387536	8	0
7.353990	0	388560	8	0
7.355898	0	397680	8	0
7.357805	0	405896	8	0
7.359712	0	85152	8	0
7.361619	0	106560	8	0
7.363526	0	122944	8	0
7.365434	0	139328	8	0
7.367341	0	139440	8	0
7.369248	0	180384	8	0
7.371155	0	181408	8	0
7.373062	0	182432	8	0
7.374970	0	183456	8	0
7.376877	0	184480	8	0
7.378784	0	185504	8	0
7.380691	0	186528	8	0
7.382598	0	187552	8	0
7.384506	0	188496	8	0
7.386413	0	189624	8	0
7.388320	0	190648	8	0
7.390227	0	191672	8	0
7.392134	0	192696	8	0
7.394042	0	193720	8	0
7.395949	0	194744	8	0
7.397856	0	195768	8	0
7.399763	0	204984	8	0
7.401670	0	206008	8	0
7.403578	0	207032	8	0
7.405485	0	208056	8	0
7.407392	0	794688	8	1
7.539899	0	86176	8	0
7.541806	0	87200	8	0
7.543714	0	88224	8	0
7.545621	0	89248	8	0
7.547528	0	97456	8	0
7.549435	0	106616	8	0
7.551342	0	106744	8	0
7.553250	0	107768	8	0
7.555157	0	108792	8	0
7.557064	0	109816	8	0
7.558971	0	109992	8	0
7.560878	0	111016	8	0
7.562786	0	112040	8	0
7.564693	0	113064	8	0
7.566600	0	114088	8	0
7.568507	0	123000	8	0
7.570414	0	123200	8	0
7.572322	0	124224	8	0
7.574229	0	125248	8	0
7.576136	0	126272	8	0
7.578043	0	127296	8	0
7.579950	0	128320	8	0
7.581858	0	129344	8	0
7.583765	0	130136	8	0
7.585672	0	140464	8	0
7.587579	0	141488	8	0
7.589486	0	142512	8	0
7.591394	0	143536	8	0
7.593301	0	144560	8	0
7.595208	0	145584	8	0
7.597115	0	146608	8	0
7.599022	0	155712	8	0
7.600930	0	155752	8	0
7.602837	0	155864	8	0
7.604744	0	156888	8	0
7.606651	0	157912	8	0
7.608558	0	158936	8	0
7.610466	0	159960	8	0
7.612373	0	160984	8	0
7.614280	0	162008	8	0
7.616187	0	163032	8	0
7.618094	0	172096	8	0
7.620002	0	172240	8	0
7.621909	0	173264	8	0
7.623816	0	174288	8	0
7.625723	0	175312	8	0
7.627630	0	176336	8	0
7.629538	0	177360	8	0
7.631445	0	178384	8	0
7.633352	0	179408	8	0
7.635259	0	188480	8	0
7.637166	0	209080	8	0
7.639074	0	210104	8	0
7.640981	0	211128	8	0
7.642888	0	212152	8	0
7.644795	0	348440	8	0
7.646702	0	389328	8	0
7.648610	0	389432	8	0
7.650517	0	389464	8	0
7.652424	0	389560	8	0
7.654331	0	390584	8	0
7.656238	0	391608	8	0
7.658146	0	392632	8	0
7.660053	0	393656	8	0
7.661960	0	394680	8	0
7.663867	0	395704	8	0
7.665774	0	396728	8	0
7.667682	0	397656	8	0
7.669589	0	397776	8	0
7.671496	0	398800	8	0
7.673403	0	399824	8	0
7.675310	0	400848	8	0
7.677218	0	401872	8	0
7.679125	0	402896	8	0
7.681032	0	403920	8	0
7.682939	0	404944	8	0
7.684846	0	405872	8	0
7.686754	0	406080	8	0
7.688661	0	407104	8	0
7.690568	0	408128	8	0
7.692475	0	409152	8	0
7.694382	0	410176	8	0
7.696290	0	411200	8	0
7.698197	0	412224	8	0
7.700104	0	413248	8	0
7.702011	0	414232	8	0
7.703918	0	415256	8	0
7.705826	0	416280	8	0
7.707733	0	417304	8	0
7.709640	0	418328	8	0
7.711547	0	419352	8	0
7.713454	0	420376	8	0
7.715362	0	421400	8	0
7.717269	0	422400	8	0
7.719176	0	423424	8	0
7.721083	0	424448	8	0
7.722990	0	425472	8	0
7.724898	0	426496	8	0
7.726805	0	427520	8	0
7.728712	0	428544	8	0
7.730619	0	429568	8	0
7.732526	0	430520	8	0
7.734434	0	431544	8	0
7.736341	0	432568	8	0
7.738248	0	433592	8	0
7.740155	0	434616	8	0
7.742062	0	455192	8	0
7.743970	0	455320	8	0
7.745877	0	463408	8	0
7.747784	0	471624	8	0
7.749691	0	479840	8	0
7.751598	0	488056	8	0
7.753506	0	528456	8	0
7.755413	0	537288	8	0
7.757320	0	545504	8	0
7.759227	0	570288	8	0
7.761134	0	571312	8	0
7.763042	0	572336	8	0
7.764949	0	573360	8	0
7.766856	0	574384	8	0
7.768763	0	575408	8	0
7.770670	0	578224	8	0
7.772578	0	586440	8	0
7.774485	0	90288	8	0
7.776392	0	91312	8	0
7.778299	0	92336	8	0
7.780206	0	93360	8	0
7.782114	0	94384	8	0
7.784021	0	95408	8	0
7.785928	0	56	8	0
7.787835	0	8256	8	0
7.789742	0	12368	8	0
7.791650	0	82072	8	0
7.793557	0	90272	8	0
7.795464	0	96432	8	0
7.797371	0	98456	8	0
7.799278	0	106736	8	0
7.801186	0	114840	8	0
7.803093	0	123192	8	0
7.805000	0	130144	16	0
7.808814	0	131224	8	0
7.810722	0	139424	8	0
7.812629	0	147512	8	0
7.814536	0	147608	8	0
7.816443	0	155848	8	0
7.818350	0	163992	8	0
7.820258	0	172232	8	0
7.822165	0	180376	8	0
7.824072	0	188592	8	0
7.825979	0	204976	8	0
7.827886	0	270400	8	0
7.829794	0	348424	8	0
7.831701	0	389424	8	0
7.833608	0	389544	8	0
7.835515	0	397760	8	0
7.837422	0	406064	8	0
7.839330	0	414216	8	0
7.841237	0	422384	8	0
7.843144	0	435640	8	0
7.845051	0	436664	8	0
7.846958	0	437688	8	0
7.848866	0	438584	8	0
7.850773	0	438680	16	0
7.854587	0	438808	16	0
7.858402	0	439840	8	0
7.860309	0	440864	8	0
7.862216	0	441888	8	0
7.864123	0	442912	8	0
7.866030	0	443936	8	0
7.867938	0	444960	8	0
7.869845	0	445984	8	0
7.871752	0	446912	8	0
7.873659	0	447024	16	0
7.877474	0	448056	8	0
7.879381	0	449080	8	0
7.881288	0	450104	8	0
7.883195	0	451128	8	0
7.885102	0	452152	8	0
7.887010	0	453176	8	0
7.888917	0	454200	8	0
7.890824	0	455312	8	0
7.892731	0	456344	8	0
7.894638	0	456600	16	0
7.898453	0	457632	8	0
7.900360	0	458656	8	0
7.902267	0	459680	8	0
7.904174	0	460704	8	0
7.906082	0	461728	8	0
7.907989	0	462752	8	0
7.909896	0	463528	16	0
7.913710	0	464560	8	0
7.915618	0	465584	8	0
7.917525	0	466608	8	0
7.919432	0	466872	8	0
7.921339	0	467896	8	0
7.923246	0	468920	8	0
7.925154	0	469944	8	0
7.927061	0	470968	8	0
7.928968	0	479872	16	0
7.932782	0	480904	8	0
7.934690	0	481928	8	0
7.936597	0	482952	8	0
7.938504	0	483976	8	0
7.940411	0	485000	8	0
7.942318	0	486024	8	0
7.944226	0	487048	8	0
7.946133	0	524344	8	0
7.948040	0	561472	8	0
7.949947	0	561504	16	0
7.953762	0	576432	8	0
7.955669	0	577456	8	0
7.957576	0	611200	8	0
7.959483	0	623600	8	0
7.961390	0	624624	8	0
7.963298	0	625648	8	0
7.965205	0	626672	8	0
7.967112	0	635800	8	0
7.969019	0	652296	8	0
7.970926	0	652344	8	0
7.972834	0	652392	16	0
7.976648	0	653056	8	0
7.978555	0	653184	8	0
7.980462	0	654208	8	0
7.982370	0	655232	8	0
7.984277	0	656256	8	0
7.986184	0	657280	8	0
7.988091	0	658304	8	0
7.989998	0	659328	8	0
7.991906	0	660352	8	0
7.993813	0	660512	8	0
7.995720	0	668832	8	0
7.997627	0	668968	16	0
8.001442	0	670000	8	0
8.003349	0	671024	8	0
8.005256	0	671600	16	0
8.009070	0	672632	8	0
8.010978	0	673656	8	0
8.012885	0	674680	8	0
8.014792	0	675704	8	0
8.016699	0	676728	8	0
8.018606	0	676944	8	0
8.020514	0	677968	8	0
8.022421	0	678992	16	0
8.026235	0	680024	8	0
8.028142	0	680320	16	0
8.031957	0	681352	8	0
8.033864	0	682376	8	0
8.035771	0	683400	8	0
8.037678	0	684424	8	0
8.039586	0	685216	16	0
8.043400	0	686248	8	0
8.045307	0	686968	8	0
8.047214	0	687992	8	0
8.049122	0	689016	8	0
8.051029	0	690040	8	0
8.052936	0	691064	8	0
8.054843	0	692088	8	0
8.056750	0	693112	8	0
8.058658	0	693800	16	0
8.062472	0	694832	8	0
8.064379	0	695856	8	0
8.066286	0	696880	8	0
8.068194	0	697904	8	0
8.070101	0	698928	8	0
8.072008	0	699256	8	0
8.073915	0	700280	8	0
8.075822	0	701304	8	0
8.077730	0	701720	16	0
8.081544	0	702752	8	0
8.083451	0	703776	8	0
8.085358	0	704800	8	0
8.087266	0	705824	8	0
8.089173	0	706848	8	0
8.091080	0	707872	8	0
8.092987	0	708896	8	0
8.094894	0	709912	16	0
8.098709	0	710488	8	0
8.100616	0	711512	8	0
8.102523	0	712536	8	0
8.104430	0	713560	8	0
8.106338	0	714584	8	0
8.108245	0	715608	8	0
8.110152	0	716632	8	0
8.112059	0	717656	8	0
8.113966	0	718128	16	0
8.117781	0	719160	8	0
8.119688	0	720184	8	0
8.121595	0	721208	8	0
8.123502	0	722232	8	0
8.125410	0	723256	8	0
8.127317	0	724280	8	0
8.129224	0	725304	8	0
8.131131	0	726240	8	0
8.133038	0	726352	16	0
8.136853	0	727384	8	0
8.138760	0	728408	8	0
8.140667	0	729432	8	0
8.142574	0	730456	8	0
8.144482	0	731480	8	0
8.146389	0	732504	8	0
8.148296	0	733528	8	0
8.150203	0	734552	8	0
8.152110	0	735576	8	0
8.154018	0	736600	8	0
8.155925	0	737624	8	0
8.157832	0	737720	8	0
8.159739	0	737800	16	0
8.163554	0	738832	8	0
8.165461	0	739856	8	0
8.167368	0	740880	8	0
8.169275	0	741904	8	0
8.171182	0	742672	8	0
8.173090	0	742896	16	0
8.176904	0	743928	8	0
8.178811	0	744952	8	0
8.180718	0	745976	8	0
8.182626	0	747000	8	0
8.184533	0	748024	8	0
8.186440	0	749048	16	0
8.190254	0	750080	8	0
8.192162	0	750976	16	0
8.195976	0	752008	8	0
8.197883	0	753032	8	0
8.199790	0	754056	8	0
8.201698	0	755080	8	0
8.203605	0	755104	8	0
8.205512	0	756128	8	0
8.207419	0	757152	8	0
8.209326	0	758176	8	0
8.211234	0	759104	16	0
8.215048	0	767320	8	0
8.216955	0	767408	16	0
8.220770	0	768440	8	0
8.222677	0	769464	8	0
8.224584	0	770488	8	0
8.226491	0	771512	8	0
8.228398	0	772000	16	0
8.232213	0	773032	8	0
8.234120	0	773696	8	0
8.236027	0	774720	8	0
8.237934	0	775536	8	0
8.239842	0	775800	16	0
8.243656	0	776832	8	0
8.245563	0	777856	8	0
8.247470	0	778880	8	0
8.249378	0	779904	8	0
8.251285	0	780928	8	0
8.253192	0	781952	8	0
8.255099	0	782976	8	0
8.257006	0	784000	8	0
8.258914	0	784160	16	0
8.262728	0	785192	8	0
8.264635	0	786216	8	0
8.266542	0	794688	8	0
8.268450	0	798840	8	0
8.270357	0	800184	8	0
8.272264	0	801208	8	0
8.274171	0	802232	8	0
8.276078	0	803256	8	0
8.277986	0	804280	8	0
8.279893	0	805304	8	0
8.281800	0	808400	8	0
8.283707	0	808440	16	0
8.287522	0	809472	8	0
8.289429	0	810496	8	0
8.291336	0	811520	8	0
8.293243	0	812544	8	0
8.295150	0	813568	8	0
8.297058	0	814592	8	0
8.298965	0	815616	8	0
8.300872	0	816616	8	0
8.302779	0	817640	8	0
8.304686	0	818664	8	0
8.306594	0	819688	8	0
8.308501	0	147616	8	0
8.310408	0	148640	8	0
8.312315	0	149664	16	0
8.316130	0	150696	8	0
8.318037	0	151720	8	0
8.319944	0	152744	8	0
8.321851	0	153768	8	0
8.323758	0	154792	8	0
8.325666	0	163896	8	0
8.327573	0	164000	8	0
8.329480	0	165024	8	0
8.331387	0	166048	8	0
8.333294	0	167072	8	0
8.335202	0	168096	8	0
8.337109	0	169120	8	0
8.339016	0	170144	8	0
8.340923	0	171168	8	0
8.342830	0	180280	8	0
8.344738	0	180384	8	0
8.346645	0	181408	8	0
8.348552	0	182432	8	0
8.350459	0	183456	8	0
8.352366	0	184480	8	0
8.354274	0	185504	8	0
8.356181	0	186528	8	0
8.358088	0	187552	8	0
8.359995	0	188496	8	0
8.361902	0	188600	8	0
8.363810	0	189624	8	0
8.365717	0	190648	8	0
8.367624	0	191672	8	0
8.369531	0	81976	8	0
8.371438	0	82080	8	0
8.373346	0	83104	8	0
8.375253	0	84128	8	0
8.377160	0	85152	8	0
8.379067	0	86176	8	0
8.380974	0	131128	8	0
8.382882	0	131232	8	0
8.384789	0	132256	8	0
8.386696	0	133280	8	0
8.388603	0	134304	8	0
8.390510	0	135328	8	0
8.392418	0	136352	8	0
8.394325	0	137376	8	0
8.396232	0	138400	8	0
8.398139	0	139440	8	0
8.400046	0	155712	8	0
8.401954	0	155864	8	0
8.403861	0	156888	8	0
8.405768	0	172096	8	0
8.407675	0	172240	8	0
8.409582	0	173264	8	0
8.411490	0	174288	8	0
8.413397	0	175312	8	0
8.415304	0	176336	8	0
8.417211	0	177360	8	0
8.419118	0	178384	8	0
8.421026	0	179408	8	0
8.422933	0	188480	8	0
8.424840	0	192696	8	0
8.426747	0	193720	8	0
8.428654	0	194744	8	0
8.430562	0	195768	8	0
8.432469	0	204880	8	0
8.434376	0	204984	8	0
8.436283	0	206008	8	0
8.438190	0	207032	8	0
8.440098	0	348384	8	0
8.442005	0	348440	8	0
8.443912	0	364816	8	0
8.445819	0	373032	8	0
8.447726	0	381392	8	0
8.449634	0	382416	8	0
8.451541	0	383440	8	0
8.453448	0	384464	8	0
8.455355	0	385488	8	0
8.457262	0	386512	8	0
8.459170	0	387536	8	0
8.461077	0	389464	8	0
8.462984	0	389560	8	0
8.464891	0	390584	8	0
8.466798	0	391608	8	0
8.468706	0	392632	8	0
8.470613	0	393656	8	0
8.472520	0	394680	8	0
8.474427	0	395704	8	0
8.476334	0	396728	8	0
8.478242	0	397656	8	0
8.480149	0	397776	8	0
8.482056	0	398800	8	0
8.483963	0	399824	8	0
8.485870	0	400848	8	0
8.487778	0	401872	8	0
8.489685	0	402896	8	0
8.491592	0	403920	8	0
8.493499	0	406080	8	0
8.495406	0	407104	8	0
8.497314	0	408128	8	0
8.499221	0	409152	8	0
8.501128	0	410176	8	0
8.503035	0	411200	8	0
8.504942	0	412224	8	0
8.506850	0	413248	8	0
8.508757	0	414088	8	0
8.510664	0	414120	8	0
8.512571	0	414232	8	0
8.514478	0	415256	8	0
8.516386	0	416280	8	0
8.518293	0	417304	8	0
8.520200	0	418328	8	0
8.522107	0	419352	8	0
8.524014	0	420376	8	0
8.525922	0	421400	8	0
8.527829	0	422400	8	0
8.529736	0	423424	8	0
8.531643	0	424448	8	0
8.533550	0	425472	8	0
8.535458	0	426496	8	0
8.537365	0	427520	8	0
8.539272	0	428544	8	0
8.541179	0	429568	8	0
8.543086	0	438816	8	0
8.544994	0	439840	8	0
8.546901	0	440864	8	0
8.548808	0	441888	8	0
8.550715	0	442912	8	0
8.552622	0	443936	8	0
8.554530	0	444960	8	0
8.5564