0.003814 0 256 100 0 0 1 
0.003814 0 256 100 0 16384 1 
0.024794 32 256 0 1424766944 65536 1 
0.024794 32 256 0 1424766944 81920 1 
0.024794 32 256 0 1424766944 98304 1 
0.024794 32 256 0 1424766944 114688 1 
0.024794 32 256 0 1424766944 0 2 
0.024794 32 256 0 1424766944 16384 2 
0.024794 32 256 0 1424766944 32768 1 
0.024794 32 256 0 1424766944 49152 1 
0.024794 32 256 0 1424766944 65536 2 
0.024794 32 256 0 1424766944 81920 2 
0.024794 32 256 0 1424766944 98304 2 
0.043866 128 256 100 0 0 3 
0.043866 128 256 100 0 16384 3 
0.043866 128 256 100 0 32768 2 
0.043866 128 256 100 0 49152 2 
0.043866 128 256 100 0 65536 3 
0.043866 128 256 100 0 81920 3 
0.043866 128 256 100 0 98304 3 
0.043866 128 256 100 0 114688 2 
0.043866 128 256 100 0 0 4 
0.043866 128 256 100 0 16384 4 
0.049587 216 256 116 1424766816 49152 3 
0.049587 216 256 116 1424766816 65536 4 
0.049587 216 256 116 1424766816 81920 4 
0.070566 248 256 116 1424766816 114688 3 
0.070566 248 256 116 1424766816 0 5 
0.070566 248 256 116 1424766816 16384 5 
0.070566 248 256 116 1424766816 32768 3 
0.070566 248 256 116 1424766816 49152 4 
0.070566 248 256 116 1424766816 65536 5 
0.070566 248 256 116 1424766816 81920 5 
0.070566 248 256 116 1424766816 98304 4 
0.070566 248 256 116 1424766816 114688 4 
0.070566 248 256 116 1424766816 0 6 
0.070566 248 256 116 1424766816 16384 6 
0.076288 344 256 1 1424766560 49152 5 
0.076288 344 256 1 1424766560 65536 6 
0.076288 344 256 1 1424766560 81920 6 
0.083917 368 256 1 1424766304 98304 5 
0.083917 368 256 1 1424766304 114688 5 
0.083917 368 256 1 1424766304 0 7 
0.083917 368 256 1 1424766304 16384 7 
0.089638 408 256 1 1424766048 49152 6 
0.089638 408 256 1 1424766048 65536 7 
0.089638 408 256 1 1424766048 81920 7 
0.095360 440 256 100 0 114688 6 
0.095360 440 256 100 0 0 8 
0.095360 440 256 100 0 16384 8 
0.101082 472 256 0 1424766944 49152 7 
0.101082 472 256 0 1424766944 65536 8 
0.101082 472 256 0 1424766944 81920 8 
0.112525 504 256 100 0 114688 7 
0.112525 504 256 100 0 0 9 
0.112525 504 256 100 0 16384 9 
0.112525 504 256 100 0 32768 4 
0.112525 504 256 100 0 49152 8 
0.112525 504 256 100 0 65536 9 
0.118246 568 256 116 1424766816 114688 8 
0.118246 568 256 116 1424766816 0 10 
0.118246 568 256 116 1424766816 16384 10 
0.122061 600 256 116 1424766816 49152 9 
0.122061 600 256 116 1424766816 65536 10 
0.125875 632 256 1 1424766560 114688 9 
0.125875 632 256 1 1424766560 0 11 
0.131597 664 256 1 1424766304 49152 10 
0.131597 664 256 1 1424766304 65536 11 
0.131597 664 256 1 1424766304 81920 9 
0.137318 696 256 1 1424766048 114688 10 
0.137318 696 256 1 1424766048 0 12 
0.137318 696 256 1 1424766048 16384 11 
0.148762 728 256 100 0 49152 11 
0.148762 728 256 100 0 65536 12 
0.148762 728 256 100 0 81920 10 
0.148762 728 256 100 0 98304 6 
0.148762 728 256 100 0 114688 11 
0.148762 728 256 100 0 0 13 
0.164019 792 256 0 1424766944 49152 12 
0.164019 792 256 0 1424766944 65536 13 
0.164019 792 256 0 1424766944 81920 11 
0.164019 792 256 0 1424766944 98304 7 
0.164019 792 256 0 1424766944 114688 12 
0.164019 792 256 0 1424766944 0 14 
0.164019 792 256 0 1424766944 16384 12 
0.164019 792 256 0 1424766944 32768 5 
0.169741 856 256 100 0 49152 13 
0.169741 856 256 100 0 65536 14 
0.169741 856 256 100 0 81920 12 
0.200256 888 256 116 1424766816 114688 13 
0.200256 888 256 116 1424766816 0 15 
0.200256 888 256 116 1424766816 16384 13 
0.200256 888 256 116 1424766816 32768 6 
0.200256 888 256 116 1424766816 49152 14 
0.200256 888 256 116 1424766816 65536 15 
0.200256 888 256 116 1424766816 81920 13 
0.200256 888 256 116 1424766816 98304 8 
0.200256 888 256 116 1424766816 114688 14 
0.200256 888 256 116 1424766816 0 16 
0.200256 888 256 116 1424766816 16384 14 
0.200256 888 256 116 1424766816 32768 7 
0.200256 888 256 116 1424766816 49152 15 
0.200256 888 256 116 1424766816 65536 16 
0.200256 888 256 116 1424766816 81920 14 
0.200256 888 256 116 1424766816 98304 9 
0.205978 1016 256 116 1424766816 114688 15 
0.205978 1016 256 116 1424766816 0 17 
0.205978 1016 256 116 1424766816 16384 15 
0.211699 1048 256 1 1424766560 49152 16 
0.211699 1048 256 1 1424766560 65536 17 
0.211699 1048 256 1 1424766560 81920 15 
0.223142 1080 256 1 1424766304 114688 16 
0.223142 1080 256 1 1424766304 0 18 
0.223142 1080 256 1 1424766304 16384 16 
0.223142 1080 256 1 1424766304 32768 8 
0.223142 1080 256 1 1424766304 49152 17 
0.223142 1080 256 1 1424766304 65536 18 
0.232678 1144 256 1 1424766048 114688 17 
0.232678 1144 256 1 1424766048 0 19 
0.232678 1144 256 1 1424766048 16384 17 
0.232678 1144 256 1 1424766048 32768 9 
0.232678 1144 256 1 1424766048 49152 18 
0.244122 1184 256 100 0 65536 19 
0.244122 1184 256 100 0 81920 16 
0.244122 1184 256 100 0 98304 10 
0.244122 1184 256 100 0 114688 18 
0.244122 1184 256 100 0 0 20 
0.244122 1184 256 100 0 16384 18 
0.249843 1240 256 0 1424766944 49152 19 
0.249843 1240 256 0 1424766944 65536 20 
0.249843 1240 256 0 1424766944 81920 17 
0.255565 1272 256 100 0 114688 19 
0.255565 1272 256 100 0 0 21 
0.255565 1272 256 100 0 16384 19 
0.261286 1304 256 116 1424766816 49152 20 
0.261286 1304 256 116 1424766816 65536 21 
0.261286 1304 256 116 1424766816 81920 18 
0.291802 1336 256 116 1424766816 114688 20 
0.291802 1336 256 116 1424766816 0 22 
0.291802 1336 256 116 1424766816 16384 20 
0.291802 1336 256 116 1424766816 32768 10 
0.291802 1336 256 116 1424766816 49152 21 
0.291802 1336 256 116 1424766816 65536 22 
0.291802 1336 256 116 1424766816 81920 19 
0.291802 1336 256 116 1424766816 98304 11 
0.291802 1336 256 116 1424766816 114688 21 
0.291802 1336 256 116 1424766816 0 23 
0.291802 1336 256 116 1424766816 16384 21 
0.291802 1336 256 116 1424766816 32768 11 
0.291802 1336 256 116 1424766816 49152 22 
0.291802 1336 256 116 1424766816 65536 23 
0.291802 1336 256 116 1424766816 81920 20 
0.291802 1336 256 116 1424766816 98304 12 
0.295616 1464 256 1 1424766560 114688 22 
0.295616 1464 256 1 1424766560 0 24 
0.301338 1496 256 1 1424766304 49152 23 
0.301338 1496 256 1 1424766304 65536 24 
0.301338 1496 256 1 1424766304 81920 21 
0.305152 1528 256 1 1424766048 114688 23 
0.305152 1528 256 1 1424766048 0 25 
0.333760 1560 256 100 0 49152 24 
0.333760 1560 256 100 0 65536 25 
0.333760 1560 256 100 0 81920 22 
0.333760 1560 256 100 0 98304 13 
0.333760 1560 256 100 0 114688 24 
0.333760 1560 256 100 0 0 26 
0.333760 1560 256 100 0 16384 22 
0.333760 1560 256 100 0 32768 12 
0.333760 1560 256 100 0 49152 25 
0.333760 1560 256 100 0 65536 26 
0.333760 1560 256 100 0 81920 23 
0.333760 1560 256 100 0 98304 14 
0.333760 1560 256 100 0 114688 25 
0.333760 1560 256 100 0 0 27 
0.333760 1560 256 100 0 16384 23 
0.339482 1688 256 0 1424766944 49152 26 
0.339482 1688 256 0 1424766944 65536 27 
0.339482 1688 256 0 1424766944 81920 24 
0.352832 1720 256 100 0 114688 26 
0.352832 1720 256 100 0 0 28 
0.352832 1720 256 100 0 16384 24 
0.352832 1720 256 100 0 32768 13 
0.352832 1720 256 100 0 49152 27 
0.352832 1720 256 100 0 65536 28 
0.352832 1720 256 100 0 81920 25 
0.358554 1784 256 116 1424766816 114688 27 
0.358554 1784 256 116 1424766816 0 29 
0.358554 1784 256 116 1424766816 16384 25 
0.362368 1816 256 116 1424766816 49152 28 
0.362368 1816 256 116 1424766816 65536 29 
0.368090 1848 256 1 1424766560 114688 28 
0.368090 1848 256 1 1424766560 0 30 
0.368090 1848 256 1 1424766560 16384 26 
0.373811 1880 256 1 1424766304 49152 29 
0.373811 1880 256 1 1424766304 65536 30 
0.373811 1880 256 1 1424766304 81920 26 
0.404326 1912 256 1 1424766048 114688 29 
0.404326 1912 256 1 1424766048 0 31 
0.404326 1912 256 1 1424766048 16384 27 
0.404326 1912 256 1 1424766048 32768 14 
0.404326 1912 256 1 1424766048 49152 30 
0.404326 1912 256 1 1424766048 65536 31 
0.404326 1912 256 1 1424766048 81920 27 
0.404326 1912 256 1 1424766048 98304 15 
0.404326 1912 256 1 1424766048 114688 30 
0.404326 1912 256 1 1424766048 0 32 
0.404326 1912 256 1 1424766048 16384 28 
0.404326 1912 256 1 1424766048 32768 15 
0.404326 1912 256 1 1424766048 49152 31 
0.404326 1912 256 1 1424766048 65536 32 
0.404326 1912 256 1 1424766048 81920 28 
0.404326 1912 256 1 1424766048 98304 16 
0.415770 2040 256 100 0 114688 31 
0.415770 2040 256 100 0 0 33 
0.415770 2040 256 100 0 16384 29 
0.415770 2040 256 100 0 32768 16 
0.415770 2040 256 100 0 49152 32 
0.415770 2040 256 100 0 65536 33 
0.421491 2104 256 0 1424766944 114688 32 
0.421491 2104 256 0 1424766944 0 34 
0.421491 2104 256 0 1424766944 16384 30 
0.442470 2136 256 100 0 49152 33 
0.442470 2136 256 100 0 65536 34 
0.442470 2136 256 100 0 81920 29 
0.442470 2136 256 100 0 98304 17 
0.442470 2136 256 100 0 114688 33 
0.442470 2136 256 100 0 0 35 
0.442470 2136 256 100 0 16384 31 
0.442470 2136 256 100 0 32768 17 
0.442470 2136 256 100 0 49152 34 
0.442470 2136 256 100 0 65536 35 
0.442470 2136 256 100 0 81920 30 
0.448192 2232 256 116 1424766816 114688 34 
0.448192 2232 256 116 1424766816 0 36 
0.448192 2232 256 116 1424766816 16384 32 
0.461542 2264 256 116 1424766816 49152 35 
0.461542 2264 256 116 1424766816 65536 36 
0.461542 2264 256 116 1424766816 81920 31 
0.461542 2264 256 116 1424766816 98304 18 
0.461542 2264 256 116 1424766816 114688 35 
0.461542 2264 256 116 1424766816 0 37 
0.461542 2264 256 116 1424766816 16384 33 
0.467264 2328 256 1 1424766560 49152 36 
0.467264 2328 256 1 1424766560 65536 37 
0.467264 2328 256 1 1424766560 81920 32 
0.472986 2360 256 1 1424766304 114688 36 
0.472986 2360 256 1 1424766304 0 38 
0.472986 2360 256 1 1424766304 16384 34 
0.478707 2392 256 1 1424766048 49152 37 
0.478707 2392 256 1 1424766048 65536 38 
0.478707 2392 256 1 1424766048 81920 33 
0.484429 2424 256 100 0 114688 37 
0.484429 2424 256 100 0 0 39 
0.484429 2424 256 100 0 16384 35 
0.488243 2456 256 0 1424766944 49152 38 
0.488243 2456 256 0 1424766944 65536 39 
0.493965 2488 256 100 0 114688 38 
0.493965 2488 256 100 0 0 40 
0.493965 2488 256 100 0 16384 36 
0.497779 2520 256 116 1424766816 49152 39 
0.497779 2520 256 116 1424766816 65536 40 
0.503501 2552 256 116 1424766816 114688 39 
0.503501 2552 256 116 1424766816 0 41 
0.503501 2552 256 116 1424766816 16384 37 
0.516851 2584 256 1 1424766560 49152 40 
0.516851 2584 256 1 1424766560 65536 41 
0.516851 2584 256 1 1424766560 81920 34 
0.516851 2584 256 1 1424766560 98304 19 
0.516851 2584 256 1 1424766560 114688 40 
0.516851 2584 256 1 1424766560 0 42 
0.516851 2584 256 1 1424766560 16384 38 
0.522573 2648 256 1 1424766304 49152 41 
0.522573 2648 256 1 1424766304 65536 42 
0.522573 2648 256 1 1424766304 81920 35 
0.526387 2680 256 1 1424766048 114688 41 
0.526387 2680 256 1 1424766048 0 43 
0.535923 2696 256 100 0 16384 39 
0.535923 2696 256 100 0 32768 18 
0.535923 2696 256 100 0 49152 42 
0.535923 2696 256 100 0 65536 43 
0.535923 2696 256 100 0 81920 36 
0.541645 2744 256 0 1424766944 114688 42 
0.541645 2744 256 0 1424766944 0 44 
0.541645 2744 256 0 1424766944 16384 40 
0.554995 2776 256 100 0 49152 43 
0.554995 2776 256 100 0 65536 44 
0.554995 2776 256 100 0 81920 37 
0.554995 2776 256 100 0 98304 20 
0.554995 2776 256 100 0 114688 43 
0.554995 2776 256 100 0 0 45 
0.554995 2776 256 100 0 16384 41 
0.568346 2840 256 116 1424766816 49152 44 
0.568346 2840 256 116 1424766816 65536 45 
0.568346 2840 256 116 1424766816 81920 38 
0.568346 2840 256 116 1424766816 98304 21 
0.568346 2840 256 116 1424766816 114688 44 
0.568346 2840 256 116 1424766816 0 46 
0.568346 2840 256 116 1424766816 16384 42 
0.574067 2904 256 116 1424766816 49152 45 
0.574067 2904 256 116 1424766816 65536 46 
0.574067 2904 256 116 1424766816 81920 39 
0.577882 2936 256 1 1424766560 114688 45 
0.577882 2936 256 1 1424766560 0 47 
0.581696 2968 256 1 1424766304 49152 46 
0.581696 2968 256 1 1424766304 65536 47 
0.585510 3000 256 1 1424766048 114688 46 
0.585510 3000 256 1 1424766048 0 48 
0.606490 3032 256 100 0 49152 47 
0.606490 3032 256 100 0 65536 48 
0.606490 3032 256 100 0 81920 40 
0.606490 3032 256 100 0 98304 22 
0.606490 3032 256 100 0 114688 47 
0.606490 3032 256 100 0 0 49 
0.606490 3032 256 100 0 16384 43 
0.606490 3032 256 100 0 32768 19 
0.606490 3032 256 100 0 49152 48 
0.606490 3032 256 100 0 65536 49 
0.606490 3032 256 100 0 81920 41 
0.612211 3128 256 0 1424766944 114688 48 
0.612211 3128 256 0 1424766944 0 50 
0.612211 3128 256 0 1424766944 16384 44 
0.614118 3160 256 100 0 49152 49 
0.617933 3168 256 116 1424766816 65536 50 
0.617933 3168 256 116 1424766816 81920 42 
0.623654 3192 256 116 1424766816 114688 49 
0.623654 3192 256 116 1424766816 0 51 
0.623654 3192 256 116 1424766816 16384 45 
0.627469 3224 256 1 1424766560 49152 50 
0.627469 3224 256 1 1424766560 65536 51 
0.633190 3256 256 1 1424766304 114688 50 
0.633190 3256 256 1 1424766304 0 52 
0.633190 3256 256 1 1424766304 16384 46 
0.637005 3288 256 1 1424766048 49152 51 
0.637005 3288 256 1 1424766048 65536 52 
0.642726 3320 256 100 0 114688 51 
0.642726 3320 256 100 0 0 53 
0.642726 3320 256 100 0 16384 47 
0.648448 3352 256 0 1424766944 49152 52 
0.648448 3352 256 0 1424766944 65536 53 
0.648448 3352 256 0 1424766944 81920 43 
0.652262 3384 256 100 0 114688 52 
0.652262 3384 256 100 0 0 54 
0.663706 3416 256 116 1424766816 49152 53 
0.663706 3416 256 116 1424766816 65536 54 
0.663706 3416 256 116 1424766816 81920 44 
0.663706 3416 256 116 1424766816 98304 23 
0.663706 3416 256 116 1424766816 114688 53 
0.663706 3416 256 116 1424766816 0 55 
0.667520 3480 256 116 1424766816 49152 54 
0.667520 3480 256 116 1424766816 65536 55 
0.669427 3496 256 1 1424766560 81920 45 
0.680870 3512 256 1 1424766304 114688 54 
0.680870 3512 256 1 1424766304 0 56 
0.680870 3512 256 1 1424766304 16384 48 
0.680870 3512 256 1 1424766304 32768 20 
0.680870 3512 256 1 1424766304 49152 55 
0.680870 3512 256 1 1424766304 65536 56 
0.686592 3576 256 1 1424766048 114688 55 
0.686592 3576 256 1 1424766048 0 57 
0.686592 3576 256 1 1424766048 16384 49 
0.692314 3608 256 100 0 49152 56 
0.692314 3608 256 100 0 65536 57 
0.692314 3608 256 100 0 81920 46 
0.698035 3640 256 0 1424766944 114688 56 
0.698035 3640 256 0 1424766944 0 58 
0.698035 3640 256 0 1424766944 16384 50 
0.703757 3672 256 100 0 49152 57 
0.703757 3672 256 100 0 65536 58 
0.703757 3672 256 100 0 81920 47 
0.709478 3704 256 116 1424766816 114688 57 
0.709478 3704 256 116 1424766816 0 59 
0.709478 3704 256 116 1424766816 16384 51 
0.715200 3736 256 116 1424766816 49152 58 
0.715200 3736 256 116 1424766816 65536 59 
0.715200 3736 256 116 1424766816 81920 48 
0.720922 3768 256 1 1424766560 114688 58 
0.720922 3768 256 1 1424766560 0 60 
0.720922 3768 256 1 1424766560 16384 52 
0.724736 3800 256 1 1424766304 49152 59 
0.724736 3800 256 1 1424766304 65536 60 
0.755251 3832 256 1 1424766048 114688 59 
0.755251 3832 256 1 1424766048 0 61 
0.755251 3832 256 1 1424766048 16384 53 
0.755251 3832 256 1 1424766048 32768 21 
0.755251 3832 256 1 1424766048 49152 60 
0.755251 3832 256 1 1424766048 65536 61 
0.755251 3832 256 1 1424766048 81920 49 
0.755251 3832 256 1 1424766048 98304 24 
0.755251 3832 256 1 1424766048 114688 60 
0.755251 3832 256 1 1424766048 0 62 
0.755251 3832 256 1 1424766048 16384 54 
0.755251 3832 256 1 1424766048 32768 22 
0.755251 3832 256 1 1424766048 49152 61 
0.755251 3832 256 1 1424766048 65536 62 
0.755251 3832 256 1 1424766048 81920 50 
0.755251 3832 256 1 1424766048 98304 25 
0.759066 3960 256 100 0 114688 61 
0.759066 3960 256 100 0 0 63 
0.760973 3984 256 0 1424766944 32768 23 
0.764787 3992 256 100 0 49152 62 
0.764787 3992 256 100 0 65536 63 
0.770509 4016 256 116 1424766816 98304 26 
0.770509 4016 256 116 1424766816 114688 62 
0.770509 4016 256 116 1424766816 1 1 
0.776230 4048 256 116 1424766816 32769 1 
0.776230 4048 256 116 1424766816 49153 1 
0.776230 4048 256 116 1424766816 65537 1 
0.802931 4080 256 1 1424766560 98305 1 
0.802931 4080 256 1 1424766560 114689 1 
0.802931 4080 256 1 1424766560 1 2 
0.802931 4080 256 1 1424766560 16385 1 
0.802931 4080 256 1 1424766560 32769 2 
0.802931 4080 256 1 1424766560 49153 2 
0.802931 4080 256 1 1424766560 65537 2 
0.802931 4080 256 1 1424766560 81921 1 
0.802931 4080 256 1 1424766560 98305 2 
0.802931 4080 256 1 1424766560 114689 2 
0.802931 4080 256 1 1424766560 1 3 
0.802931 4080 256 1 1424766560 16385 2 
0.802931 4080 256 1 1424766560 32769 3 
0.802931 4080 256 1 1424766560 49153 3 
0.823910 4208 256 1 1424766304 98305 3 
0.823910 4208 256 1 1424766304 114689 3 
0.823910 4208 256 1 1424766304 1 4 
0.823910 4208 256 1 1424766304 16385 3 
0.823910 4208 256 1 1424766304 32769 4 
0.823910 4208 256 1 1424766304 49153 4 
0.823910 4208 256 1 1424766304 65537 3 
0.823910 4208 256 1 1424766304 81921 2 
0.823910 4208 256 1 1424766304 98305 4 
0.823910 4208 256 1 1424766304 114689 4 
0.823910 4208 256 1 1424766304 1 5 
0.837261 4304 256 1 1424766048 32769 5 
0.837261 4304 256 1 1424766048 49153 5 
0.837261 4304 256 1 1424766048 65537 4 
0.837261 4304 256 1 1424766048 81921 3 
0.837261 4304 256 1 1424766048 98305 5 
0.837261 4304 256 1 1424766048 114689 5 
0.837261 4304 256 1 1424766048 1 6 
0.842982 4368 256 100 0 32769 6 
0.842982 4368 256 100 0 49153 6 
0.842982 4368 256 100 0 65537 5 
0.860147 4400 256 0 1424766944 98305 6 
0.860147 4400 256 0 1424766944 114689 6 
0.860147 4400 256 0 1424766944 1 7 
0.860147 4400 256 0 1424766944 16385 4 
0.860147 4400 256 0 1424766944 32769 7 
0.860147 4400 256 0 1424766944 49153 7 
0.860147 4400 256 0 1424766944 65537 6 
0.860147 4400 256 0 1424766944 81921 4 
0.860147 4400 256 0 1424766944 98305 7 
0.863962 4488 256 100 0 16385 5 
0.863962 4488 256 100 0 32769 8 
0.869683 4520 256 116 1424766816 81921 5 
0.869683 4520 256 116 1424766816 98305 8 
0.869683 4520 256 116 1424766816 114689 7 
0.883034 4552 256 116 1424766816 16385 6 
0.883034 4552 256 116 1424766816 32769 9 
0.883034 4552 256 116 1424766816 49153 8 
0.883034 4552 256 116 1424766816 65537 7 
0.883034 4552 256 116 1424766816 81921 6 
0.883034 4552 256 116 1424766816 98305 9 
0.883034 4552 256 116 1424766816 114689 8 
0.911642 4616 256 1 1424766560 16385 7 
0.911642 4616 256 1 1424766560 32769 10 
0.911642 4616 256 1 1424766560 49153 9 
0.911642 4616 256 1 1424766560 65537 8 
0.911642 4616 256 1 1424766560 81921 7 
0.911642 4616 256 1 1424766560 98305 10 
0.911642 4616 256 1 1424766560 114689 9 
0.911642 4616 256 1 1424766560 1 8 
0.911642 4616 256 1 1424766560 16385 8 
0.911642 4616 256 1 1424766560 32769 11 
0.911642 4616 256 1 1424766560 49153 10 
0.911642 4616 256 1 1424766560 65537 9 
0.911642 4616 256 1 1424766560 81921 8 
0.911642 4616 256 1 1424766560 98305 11 
0.911642 4616 256 1 1424766560 114689 10 
0.924992 4744 256 1 1424766304 16385 9 
0.924992 4744 256 1 1424766304 32769 12 
0.924992 4744 256 1 1424766304 49153 11 
0.924992 4744 256 1 1424766304 65537 10 
0.924992 4744 256 1 1424766304 81921 9 
0.924992 4744 256 1 1424766304 98305 12 
0.924992 4744 256 1 1424766304 114689 11 
0.930714 4808 256 1 1424766048 16385 10 
0.930714 4808 256 1 1424766048 32769 13 
0.930714 4808 256 1 1424766048 49153 12 
0.936435 4840 256 100 0 81921 10 
0.936435 4840 256 100 0 98305 13 
0.936435 4840 256 100 0 114689 12 
0.947878 4872 256 0 1424766944 16385 11 
0.947878 4872 256 0 1424766944 32769 14 
0.947878 4872 256 0 1424766944 49153 13 
0.947878 4872 256 0 1424766944 65537 11 
0.947878 4872 256 0 1424766944 81921 11 
0.947878 4872 256 0 1424766944 98305 14 
0.961229 4928 256 100 0 1 9 
0.961229 4928 256 100 0 16385 12 
0.961229 4928 256 100 0 32769 15 
0.961229 4928 256 100 0 49153 14 
0.961229 4928 256 100 0 65537 12 
0.961229 4928 256 100 0 81921 12 
0.961229 4928 256 100 0 98305 15 
0.966950 4992 256 116 1424766816 1 10 
0.966950 4992 256 116 1424766816 16385 13 
0.966950 4992 256 116 1424766816 32769 16 
0.987930 5024 256 116 1424766816 65537 13 
0.987930 5024 256 116 1424766816 81921 13 
0.987930 5024 256 116 1424766816 98305 16 
0.987930 5024 256 116 1424766816 114689 13 
0.987930 5024 256 116 1424766816 1 11 
0.987930 5024 256 116 1424766816 16385 14 
0.987930 5024 256 116 1424766816 32769 17 
0.987930 5024 256 116 1424766816 49153 15 
0.987930 5024 256 116 1424766816 65537 14 
0.987930 5024 256 116 1424766816 81921 14 
0.987930 5024 256 116 1424766816 98305 17 
1.001280 5120 256 1 1424766560 1 12 
1.001280 5120 256 1 1424766560 16385 15 
1.001280 5120 256 1 1424766560 32769 18 
1.001280 5120 256 1 1424766560 49153 16 
1.001280 5120 256 1 1424766560 65537 15 
1.001280 5120 256 1 1424766560 81921 15 
1.001280 5120 256 1 1424766560 98305 18 
1.007002 5184 256 1 1424766304 1 13 
1.007002 5184 256 1 1424766304 16385 16 
1.007002 5184 256 1 1424766304 32769 19 
1.010816 5216 256 1 1424766048 65537 16 
1.010816 5216 256 1 1424766048 81921 16 
1.016538 5248 256 100 0 1 14 
1.016538 5248 256 100 0 16385 17 
1.016538 5248 256 100 0 32769 20 
1.022259 5280 256 0 1424766944 65537 17 
1.022259 5280 256 0 1424766944 81921 17 
1.022259 5280 256 0 1424766944 98305 19 
1.027981 5312 256 100 0 1 15 
1.027981 5312 256 100 0 16385 18 
1.027981 5312 256 100 0 32769 21 
1.033702 5344 256 116 1424766816 65537 18 
1.033702 5344 256 116 1424766816 81921 18 
1.033702 5344 256 116 1424766816 98305 20 
1.039424 5376 256 116 1424766816 1 16 
1.039424 5376 256 116 1424766816 16385 19 
1.039424 5376 256 116 1424766816 32769 22 
1.062310 5400 256 1 1424766560 49153 17 
1.062310 5400 256 1 1424766560 65537 19 
1.062310 5400 256 1 1424766560 81921 19 
1.062310 5400 256 1 1424766560 98305 21 
1.062310 5400 256 1 1424766560 114689 14 
1.062310 5400 256 1 1424766560 1 17 
1.062310 5400 256 1 1424766560 16385 20 
1.062310 5400 256 1 1424766560 32769 23 
1.062310 5400 256 1 1424766560 49153 18 
1.062310 5400 256 1 1424766560 65537 20 
1.062310 5400 256 1 1424766560 81921 20 
1.062310 5400 256 1 1424766560 98305 22 
1.066125 5504 256 1 1424766304 1 18 
1.066125 5504 256 1 1424766304 16385 21 
1.079475 5536 256 1 1424766048 65537 21 
1.079475 5536 256 1 1424766048 81921 21 
1.079475 5536 256 1 1424766048 98305 23 
1.079475 5536 256 1 1424766048 114689 15 
1.079475 5536 256 1 1424766048 1 19 
1.079475 5536 256 1 1424766048 16385 22 
1.079475 5536 256 1 1424766048 32769 24 
1.085197 5600 256 100 0 65537 22 
1.085197 5600 256 100 0 81921 22 
1.085197 5600 256 100 0 98305 24 
1.089011 5632 256 0 1424766944 1 20 
1.089011 5632 256 0 1424766944 16385 23 
1.102362 5664 256 100 0 65537 23 
1.102362 5664 256 100 0 81921 23 
1.102362 5664 256 100 0 98305 25 
1.102362 5664 256 100 0 114689 16 
1.102362 5664 256 100 0 1 21 
1.102362 5664 256 100 0 16385 24 
1.102362 5664 256 100 0 32769 25 
1.115712 5728 256 116 1424766816 65537 24 
1.115712 5728 256 116 1424766816 81921 24 
1.115712 5728 256 116 1424766816 98305 26 
1.115712 5728 256 116 1424766816 114689 17 
1.115712 5728 256 116 1424766816 1 22 
1.115712 5728 256 116 1424766816 16385 25 
1.115712 5728 256 116 1424766816 32769 26 
1.121434 5792 256 116 1424766816 65537 25 
1.121434 5792 256 116 1424766816 81921 25 
1.121434 5792 256 116 1424766816 98305 27 
1.125248 5824 256 1 1424766560 1 23 
1.125248 5824 256 1 1424766560 16385 26 
1.130970 5856 256 1 1424766304 65537 26 
1.130970 5856 256 1 1424766304 81921 26 
1.130970 5856 256 1 1424766304 98305 28 
1.144320 5888 256 1 1424766048 1 24 
1.144320 5888 256 1 1424766048 16385 27 
1.144320 5888 256 1 1424766048 32769 27 
1.144320 5888 256 1 1424766048 49153 19 
1.144320 5888 256 1 1424766048 65537 27 
1.144320 5888 256 1 1424766048 81921 27 
1.144320 5888 256 1 1424766048 98305 29 
1.155763 5952 256 100 0 1 25 
1.155763 5952 256 100 0 16385 28 
1.155763 5952 256 100 0 32769 28 
1.155763 5952 256 100 0 49153 20 
1.155763 5952 256 100 0 65537 28 
1.155763 5952 256 100 0 81921 28 
1.159578 6016 256 0 1424766944 1 26 
1.159578 6016 256 0 1424766944 16385 29 
1.165299 6048 256 100 0 65537 29 
1.165299 6048 256 100 0 81921 29 
1.165299 6048 256 100 0 98305 30 
1.171021 6080 256 116 1424766816 1 27 
1.171021 6080 256 116 1424766816 16385 30 
1.171021 6080 256 116 1424766816 32769 29 
1.182464 6112 256 116 1424766816 65537 30 
1.182464 6112 256 116 1424766816 81921 30 
1.182464 6112 256 116 1424766816 98305 31 
1.182464 6112 256 116 1424766816 114689 18 
1.182464 6112 256 116 1424766816 1 28 
1.182464 6112 256 116 1424766816 16385 31 
1.188186 6176 256 1 1424766560 65537 31 
1.188186 6176 256 1 1424766560 81921 31 
1.188186 6176 256 1 1424766560 98305 32 
1.201536 6208 256 1 1424766304 1 29 
1.201536 6208 256 1 1424766304 16385 32 
1.201536 6208 256 1 1424766304 32769 30 
1.201536 6208 256 1 1424766304 49153 21 
1.201536 6208 256 1 1424766304 65537 32 
1.201536 6208 256 1 1424766304 81921 32 
1.201536 6208 256 1 1424766304 98305 33 
1.205350 6272 256 1 1424766048 1 30 
1.205350 6272 256 1 1424766048 16385 33 
1.211072 6304 256 100 0 65537 33 
1.211072 6304 256 100 0 81921 33 
1.211072 6304 256 100 0 98305 34 
1.214886 6336 256 0 1424766944 1 31 
1.214886 6336 256 0 1424766944 16385 34 
1.220608 6368 256 100 0 65537 34 
1.220608 6368 256 100 0 81921 34 
1.220608 6368 256 100 0 98305 35 
1.233958 6400 256 116 1424766816 1 32 
1.233958 6400 256 116 1424766816 16385 35 
1.233958 6400 256 116 1424766816 32769 31 
1.233958 6400 256 116 1424766816 49153 22 
1.233958 6400 256 116 1424766816 65537 35 
1.233958 6400 256 116 1424766816 81921 35 
1.233958 6400 256 116 1424766816 98305 36 
1.237773 6464 256 116 1424766816 1 33 
1.237773 6464 256 116 1424766816 16385 36 
1.241587 6496 256 1 1424766560 65537 36 
1.241587 6496 256 1 1424766560 81921 36 
1.251123 6528 256 1 1424766304 1 34 
1.251123 6528 256 1 1424766304 16385 37 
1.251123 6528 256 1 1424766304 32769 32 
1.251123 6528 256 1 1424766304 49153 23 
1.251123 6528 256 1 1424766304 65537 37 
1.254938 6568 256 1 1424766048 81921 37 
1.254938 6568 256 1 1424766048 98305 37 
1.258752 6592 256 100 0 1 35 
1.258752 6592 256 100 0 16385 38 
1.270195 6624 256 0 1424766944 65537 38 
1.270195 6624 256 0 1424766944 81921 38 
1.270195 6624 256 0 1424766944 98305 38 
1.270195 6624 256 0 1424766944 114689 19 
1.270195 6624 256 0 1424766944 1 36 
1.270195 6624 256 0 1424766944 16385 39 
1.275917 6680 256 100 0 49153 24 
1.275917 6680 256 100 0 65537 39 
1.275917 6680 256 100 0 81921 39 
1.281638 6712 256 116 1424766816 114689 20 
1.281638 6712 256 116 1424766816 1 37 
1.281638 6712 256 116 1424766816 16385 40 
1.294989 6744 256 116 1424766816 49153 25 
1.294989 6744 256 116 1424766816 65537 40 
1.294989 6744 256 116 1424766816 81921 40 
1.294989 6744 256 116 1424766816 98305 39 
1.294989 6744 256 116 1424766816 114689 21 
1.294989 6744 256 116 1424766816 1 38 
1.294989 6744 256 116 1424766816 16385 41 
1.300710 6808 256 1 1424766560 49153 26 
1.300710 6808 256 1 1424766560 65537 41 
1.300710 6808 256 1 1424766560 81921 41 
1.306432 6840 256 1 1424766304 114689 22 
1.306432 6840 256 1 1424766304 1 39 
1.306432 6840 256 1 1424766304 16385 42 
1.325504 6872 256 1 1424766048 49153 27 
1.325504 6872 256 1 1424766048 65537 42 
1.325504 6872 256 1 1424766048 81921 42 
1.325504 6872 256 1 1424766048 98305 40 
1.325504 6872 256 1 1424766048 114689 23 
1.325504 6872 256 1 1424766048 1 40 
1.325504 6872 256 1 1424766048 16385 43 
1.325504 6872 256 1 1424766048 32769 33 
1.325504 6872 256 1 1424766048 49153 28 
1.325504 6872 256 1 1424766048 65537 43 
1.331226 6968 256 100 0 114689 24 
1.331226 6968 256 100 0 1 41 
1.331226 6968 256 100 0 16385 44 
1.342669 7000 256 0 1424766944 49153 29 
1.342669 7000 256 0 1424766944 65537 44 
1.342669 7000 256 0 1424766944 81921 43 
1.342669 7000 256 0 1424766944 98305 41 
1.342669 7000 256 0 1424766944 114689 25 
1.342669 7000 256 0 1424766944 1 42 
1.363648 7064 256 100 0 49153 30 
1.363648 7064 256 100 0 65537 45 
1.363648 7064 256 100 0 81921 44 
1.363648 7064 256 100 0 98305 42 
1.363648 7064 256 100 0 114689 26 
1.363648 7064 256 100 0 1 43 
1.363648 7064 256 100 0 16385 45 
1.363648 7064 256 100 0 32769 34 
1.363648 7064 256 100 0 49153 31 
1.363648 7064 256 100 0 65537 46 
1.363648 7064 256 100 0 81921 45 
1.369370 7160 256 116 1424766816 114689 27 
1.369370 7160 256 116 1424766816 1 44 
1.369370 7160 256 116 1424766816 16385 46 
1.373184 7192 256 116 1424766816 49153 32 
1.373184 7192 256 116 1424766816 65537 47 
1.376998 7224 256 1 1424766560 114689 28 
1.376998 7224 256 1 1424766560 1 45 
1.382720 7256 256 1 1424766304 49153 33 
1.382720 7256 256 1 1424766304 65537 48 
1.382720 7256 256 1 1424766304 81921 46 
1.388442 7288 256 1 1424766048 114689 29 
1.388442 7288 256 1 1424766048 1 46 
1.388442 7288 256 1 1424766048 16385 47 
1.392256 7320 256 100 0 49153 34 
1.392256 7320 256 100 0 65537 49 
1.405606 7352 256 0 1424766944 114689 30 
1.405606 7352 256 0 1424766944 1 47 
1.405606 7352 256 0 1424766944 16385 48 
1.405606 7352 256 0 1424766944 32769 35 
1.405606 7352 256 0 1424766944 49153 35 
1.405606 7352 256 0 1424766944 65537 50 
1.405606 7352 256 0 1424766944 81921 47 
1.432307 7416 256 100 0 114689 31 
1.432307 7416 256 100 0 1 48 
1.432307 7416 256 100 0 16385 49 
1.432307 7416 256 100 0 32769 36 
1.432307 7416 256 100 0 49153 36 
1.432307 7416 256 100 0 65537 51 
1.432307 7416 256 100 0 81921 48 
1.432307 7416 256 100 0 98305 43 
1.432307 7416 256 100 0 114689 32 
1.432307 7416 256 100 0 1 49 
1.432307 7416 256 100 0 16385 50 
1.432307 7416 256 100 0 32769 37 
1.432307 7416 256 100 0 49153 37 
1.432307 7416 256 100 0 65537 52 
1.457101 7544 256 116 1424766816 114689 33 
1.457101 7544 256 116 1424766816 1 50 
1.457101 7544 256 116 1424766816 16385 51 
1.457101 7544 256 116 1424766816 32769 38 
1.457101 7544 256 116 1424766816 49153 38 
1.457101 7544 256 116 1424766816 65537 53 
1.457101 7544 256 116 1424766816 81921 49 
1.457101 7544 256 116 1424766816 98305 44 
1.457101 7544 256 116 1424766816 114689 34 
1.457101 7544 256 116 1424766816 1 51 
1.457101 7544 256 116 1424766816 16385 52 
1.457101 7544 256 116 1424766816 32769 39 
1.457101 7544 256 116 1424766816 49153 39 
1.460915 7664 256 116 1424766816 98305 45 
1.460915 7664 256 116 1424766816 114689 35 
1.466637 7696 256 1 1424766560 32769 40 
1.466637 7696 256 1 1424766560 49153 40 
1.466637 7696 256 1 1424766560 65537 54 
1.479987 7728 256 1 1424766304 98305 46 
1.479987 7728 256 1 1424766304 114689 36 
1.479987 7728 256 1 1424766304 1 52 
1.479987 7728 256 1 1424766304 16385 53 
1.479987 7728 256 1 1424766304 32769 41 
1.479987 7728 256 1 1424766304 49153 41 
1.479987 7728 256 1 1424766304 65537 55 
1.485709 7792 256 1 1424766048 98305 47 
1.485709 7792 256 1 1424766048 114689 37 
1.485709 7792 256 1 1424766048 1 53 
1.495245 7824 256 100 0 32769 42 
1.495245 7824 256 100 0 49153 42 
1.495245 7824 256 100 0 65537 56 
1.495245 7824 256 100 0 81921 50 
1.495245 7824 256 100 0 98305 48 
1.499059 7880 256 0 1424766944 16385 54 
1.499059 7880 256 0 1424766944 32769 43 
1.529574 7912 256 100 0 81921 51 
1.529574 7912 256 100 0 98305 49 
1.529574 7912 256 100 0 114689 38 
1.529574 7912 256 100 0 1 54 
1.529574 7912 256 100 0 16385 55 
1.529574 7912 256 100 0 32769 44 
1.529574 7912 256 100 0 49153 43 
1.529574 7912 256 100 0 65537 57 
1.529574 7912 256 100 0 81921 52 
1.529574 7912 256 100 0 98305 50 
1.529574 7912 256 100 0 114689 39 
1.529574 7912 256 100 0 1 55 
1.529574 7912 256 100 0 16385 56 
1.529574 7912 256 100 0 32769 45 
1.529574 7912 256 100 0 49153 44 
1.529574 7912 256 100 0 65537 58 
1.535296 8040 256 116 1424766816 81921 53 
1.535296 8040 256 116 1424766816 98305 51 
1.535296 8040 256 116 1424766816 114689 40 
1.544832 8072 256 116 1424766816 16386 1 
1.544832 8072 256 116 1424766816 32770 1 
1.544832 8072 256 116 1424766816 49154 1 
1.544832 8072 256 116 1424766816 65538 1 
1.544832 8072 256 116 1424766816 81922 1 
1.556275 8112 256 1 1424766560 98306 1 
1.556275 8112 256 1 1424766560 114690 1 
1.556275 8112 256 1 1424766560 2 1 
