3 386 0.03393554687500000000 139
3 770 0.05932617187500000000 243
3 154 0.03833007812500000000 157
3 922 0.03637695312500000000 149
3 690 0.03808593750000000000 156
5 538 0.02978515625000000000 122
5 306 0.03442382812500000000 141
6 2 0.04565429687500000000 187
28 27 0.05224609375000000000 214
30 563 0.03540039062500000000 145
30 947 0.05078125000000000000 208
30 331 0.05249023437500000000 215
30 715 0.04101562500000000000 168
31 411 0.04370117187500000000 179
60 795 0.05468750000000000000 224
60 179 0.04003906250000000000 164
33 569 0.04833984375000000000 198
33 953 0.04394531250000000000 180
33 337 0.04833984375000000000 198
33 721 0.04003906250000000000 164
42 418 0.05053710937500000000 207
59 340 0.07861328125000000000 322
44 732 0.04467773437500000000 183
45 733 0.04345703125000000000 178
30 816 0.03930664062500000000 161
30 200 0.03198242187500000000 131
30 584 0.05419921875000000000 222
30 968 0.04663085937500000000 191
30 352 0.05883789062500000000 241
41 354 0.03955078125000000000 162
41 738 0.04589843750000000000 188
42 50 0.05029296875000000000 206
42 434 0.03295898437500000000 135
42 818 0.05541992187500000000 227
42 202 0.03417968750000000000 140
42 586 0.04174804687500000000 171
54 742 0.05493164062500000000 225
5 69 0.08911132812500000000 365
5 453 0.06372070312500000000 261
5 837 0.04956054687500000000 203
5 221 0.07470703125000000000 306
5 605 0.03393554687500000000 139
5 989 0.07397460937500000000 303
5 373 0.05053710937500000000 207
5 757 0.07055664062500000000 289
15 383 0.04565429687500000000 187
15 767 0.04125976562500000000 169
19 387 0.06274414062500000000 257
19 771 0.04833984375000000000 198
21 773 0.08715820312500000000 357
24 776 0.05786132812500000000 237
26 778 0.06860351562500000000 281
62 860 0.05541992187500000000 227
62 244 0.06030273437500000000 247
30 782 0.04174804687500000000 171
31 783 0.05761718750000000000 236
40 792 0.04663085937500000000 191
41 793 0.05566406250000000000 228
13 829 0.03930664062500000000 161
15 831 0.05517578125000000000 226
18 834 0.02954101562500000000 121
23 839 0.11547851562500000000 473
26 842 0.03320312500000000000 136
42 858 0.03930664062500000000 161
45 861 0.06250000000000000000 256
46 94 0.07177734375000000000 294
46 478 0.05273437500000000000 216
46 862 0.06103515625000000000 250
48 864 0.04174804687500000000 171
49 865 0.04809570312500000000 197
53 101 0.06103515625000000000 250
53 485 0.06225585937500000000 255
53 869 0.04638671875000000000 190
1 881 0.03442382812500000000 141
2 882 0.04907226562500000000 201
7 198 0.04614257812500000000 189
7 582 0.06103515625000000000 250
14 894 0.07592773437500000000 311
20 211 0.05102539062500000000 209
20 595 0.03955078125000000000 162
54 213 0.04223632812500000000 173
54 597 0.04565429687500000000 187
54 981 0.06420898437500000000 263
54 365 0.08813476562500000000 361
54 749 0.05786132812500000000 237
54 133 0.06787109375000000000 278
54 517 0.08081054687500000000 331
54 901 0.06201171875000000000 254
26 217 0.04101562500000000000 168
26 601 0.05322265625000000000 218
11 986 0.03637695312500000000 149
21 4 0.05468750000000000000 224
12 867 0.05249023437500000000 215
1 384 0.04614257812500000000 189
22 19 0.05249023437500000000 215
59 330 0.04199218750000000000 172
59 714 0.03710937500000000000 152
60 26 0.05444335937500000000 223
60 410 0.05981445312500000000 245
60 794 0.03735351562500000000 153
60 178 0.03662109375000000000 150
60 562 0.04174804687500000000 171
60 946 0.03637695312500000000 149
32 720 0.04687500000000000000 192
8 888 0.05395507812500000000 221
12 893 0.05053710937500000000 207
13 205 0.06030273437500000000 247
13 589 0.05102539062500000000 209
13 973 0.05859375000000000000 240
13 357 0.09228515625000000000 378
13 741 0.07446289062500000000 305
13 125 0.06640625000000000000 272
13 509 0.05493164062500000000 225
26 906 0.03881835937500000000 159
3 139 0.05737304687500000000 235
27 915 0.04077148437500000000 167
46 918 0.04785156250000000000 196
51 234 0.05859375000000000000 240
55 622 0.05493164062500000000 225
61 12 0.06127929687500000000 251
5 789 0.05004882812500000000 205
5 173 0.06958007812500000000 285
5 557 0.06787109375000000000 278
5 941 0.05639648437500000000 231
6 253 0.04223632812500000000 173
6 637 0.05810546875000000000 238
6 21 0.07934570312500000000 325
6 405 0.05078125000000000000 208
27 273 0.04760742187500000000 195
27 657 0.06347656250000000000 260
31 45 0.07397460937500000000 303
53 987 0.04272460937500000000 175
26 313 0.07568359375000000000 310
26 697 0.05541992187500000000 227
26 81 0.04052734375000000000 166
26 465 0.05322265625000000000 218
26 849 0.04077148437500000000 167
26 233 0.05468750000000000000 224
26 617 0.05419921875000000000 222
33 9 0.03833007812500000000 157
34 321 0.04394531250000000000 180
34 705 0.06152343750000000000 252
34 89 0.03955078125000000000 162
34 473 0.05102539062500000000 209
34 857 0.04931640625000000000 202
34 241 0.04589843750000000000 188
34 625 0.03979492187500000000 163
5 13 0.05004882812500000000 205
47 724 0.05200195312500000000 213
32 645 0.06713867187500000000 275
32 29 0.06958007812500000000 285
33 341 0.06591796875000000000 270
25 33 0.04077148437500000000 167
31 39 0.05078125000000000000 208
33 41 0.03979492187500000000 163
33 42 0.04467773437500000000 183
34 122 0.03710937500000000000 152
34 506 0.05249023437500000000 215
34 890 0.05273437500000000000 216
34 274 0.03833007812500000000 157
34 658 0.03735351562500000000 153
37 662 0.06372070312500000000 261
37 46 0.05395507812500000000 221
38 358 0.04736328125000000000 194
38 126 0.07714843750000000000 316
38 510 0.06323242187500000000 259
38 278 0.06127929687500000000 251
42 665 0.04248046875000000000 174
16 905 0.04150390625000000000 170
53 61 0.06982421875000000000 286
57 297 0.04028320312500000000 165
57 681 0.04101562500000000000 168
57 65 0.05151367187500000000 211
58 298 0.04150390625000000000 170
58 682 0.04321289062500000000 177
58 66 0.04541015625000000000 186
59 67 0.03759765625000000000 154
60 382 0.04907226562500000000 201
1 73 0.05200195312500000000 213
44 939 0.03808593750000000000 156
15 403 0.09301757812500000000 381
21 518 0.05029296875000000000 206
23 903 0.04345703125000000000 178
24 904 0.04663085937500000000 191
50 377 0.05444335937500000000 223
5 610 0.04174804687500000000 171
49 611 0.04809570312500000000 197
8 229 0.04589843750000000000 188
17 149 0.08984375000000000000 368
25 230 0.03930664062500000000 161
39 534 0.08056640625000000000 330
46 614 0.04443359375000000000 182
24 919 0.04223632812500000000 173
37 231 0.03613281250000000000 148
53 615 0.03369140625000000000 138
40 536 0.04272460937500000000 175
14 153 0.04125976562500000000 169
18 769 0.04052734375000000000 166
33 772 0.05859375000000000000 240
14 389 0.07104492187500000000 291
54 5 0.07568359375000000000 310
4 543 0.03540039062500000000 145
4 927 0.04882812500000000000 200
18 775 0.05957031250000000000 244
6 624 0.04882812500000000000 200
49 392 0.04418945312500000000 181
54 160 0.05981445312500000000 245
20 545 0.05639648437500000000 231
27 242 0.04711914062500000000 193
49 245 0.04418945312500000000 181
44 553 0.04125976562500000000 169
0 171 0.04687500000000000000 192
27 23 0.04907226562500000000 201
44 175 0.05126953125000000000 210
29 24 0.05175781250000000000 212
4 641 0.03979492187500000000 163
10 945 0.03930664062500000000 161
9 180 0.04638671875000000000 190
24 28 0.06005859375000000000 246
46 183 0.04052734375000000000 166
55 570 0.04467773437500000000 183
1 803 0.04565429687500000000 187
3 268 0.05224609375000000000 214
35 958 0.05541992187500000000 227
11 579 0.04418945312500000000 181
36 428 0.06542968750000000000 268
31 664 0.04907226562500000000 201
52 201 0.04150390625000000000 170
2 823 0.05517578125000000000 226
46 671 0.04101562500000000000 168
24 288 0.06591796875000000000 270
5 594 0.03686523437500000000 151
33 291 0.03808593750000000000 156
39 292 0.05566406250000000000 228
26 449 0.04296875000000000000 176
49 219 0.04394531250000000000 180
1 70 0.06762695312500000000 277
33 686 0.04882812500000000000 200
46 991 0.05859375000000000000 240
3 304 0.04565429687500000000 187
50 458 0.04760742187500000000 195
14 78 0.07177734375000000000 294
0 464 0.04833984375000000000 198
34 88 0.04150390625000000000 170
48 476 0.06835937500000000000 280
37 873 0.06347656250000000000 260
50 722 0.04516601562500000000 185
57 643 0.05126953125000000000 210
20 111 0.03808593750000000000 156
31 112 0.04345703125000000000 178
46 344 0.05224609375000000000 214
19 367 0.05493164062500000000 225
38 150 0.06030273437500000000 247
11 83 0.04125976562500000000 169
52 397 0.04638671875000000000 190
20 555 0.02954101562500000000 121
39 172 0.06274414062500000000 257
47 626 0.03491210937500000000 143
2 11 0.03906250000000000000 160
1 167 0.03759765625000000000 154
14 256 0.05908203125000000000 242
46 259 0.04296875000000000000 176
47 564 0.04541015625000000000 186
59 566 0.04882812500000000000 200
1 417 0.06372070312500000000 261
58 801 0.05883789062500000000 241
17 805 0.05883789062500000000 241
9 191 0.05297851562500000000 217
22 272 0.04223632812500000000 173
26 581 0.07714843750000000000 316
61 199 0.05126953125000000000 210
13 281 0.04882812500000000000 200
14 588 0.04760742187500000000 195
54 590 0.04296875000000000000 176
11 830 0.04125976562500000000 169
17 214 0.05883789062500000000 241
37 218 0.03320312500000000000 136
25 684 0.05078125000000000000 208
57 300 0.05566406250000000000 228
48 455 0.03784179687500000000 155
11 840 0.06250000000000000000 256
46 224 0.04125976562500000000 169
27 841 0.04150390625000000000 170
22 996 0.05029296875000000000 206
50 692 0.04882812500000000000 200
4 0 0.03906250000000000000 160
59 3 0.05419921875000000000 222
43 470 0.05151367187500000000 211
29 856 0.04248046875000000000 174
34 324 0.05639648437500000000 231
44 329 0.04931640625000000000 202
13 250 0.03564453125000000000 146
55 99 0.03881835937500000000 159
2 100 0.07031250000000000000 288
30 102 0.06616210937500000000 271
56 726 0.04418945312500000000 181
30 343 0.06250000000000000000 256
60 495 0.04833984375000000000 198
56 648 0.05297851562500000000 217
27 265 0.06176757812500000000 253
14 884 0.06762695312500000000 277
39 36 0.05810546875000000000 238
43 887 0.04980468750000000000 204
48 655 0.06030273437500000000 247
62 351 0.04663085937500000000 191
21 40 0.05004882812500000000 205
26 277 0.07177734375000000000 294
1 896 0.04541015625000000000 186
40 512 0.04638671875000000000 190
21 898 0.03662109375000000000 150
8 131 0.04418945312500000000 181
53 899 0.03930664062500000000 161
28 55 0.04492187500000000000 184
56 136 0.05908203125000000000 242
22 522 0.04370117187500000000 179
51 59 0.03540039062500000000 145
2 524 0.04931640625000000000 202
3 141 0.09521484375000000000 390
20 909 0.07226562500000000000 296
54 293 0.04931640625000000000 202
42 761 0.03979492187500000000 163
37 914 0.05468750000000000000 224
8 763 0.03833007812500000000 157
8 531 0.04980468750000000000 204
21 920 0.05053710937500000000 207
0 235 0.07763671875000000000 318
6 619 0.06542968750000000000 268
15 923 0.05126953125000000000 210
56 157 0.11645507812500000000 477
33 158 0.08251953125000000000 338
48 928 0.04760742187500000000 195
52 8 0.04003906250000000000 164
0 627 0.05834960937500000000 239
12 399 0.04785156250000000000 196
18 15 0.04614257812500000000 189
41 248 0.04321289062500000000 177
50 635 0.03100585937500000000 127
42 20 0.07495117187500000000 307
38 406 0.05224609375000000000 214
31 943 0.04492187500000000000 184
42 950 0.06958007812500000000 285
5 955 0.04003906250000000000 164
39 651 0.05712890625000000000 234
21 806 0.03735351562500000000 153
42 424 0.04003906250000000000 164
14 583 0.04760742187500000000 195
8 435 0.04687500000000000000 192
29 283 0.04956054687500000000 203
33 819 0.05419921875000000000 222
0 286 0.06396484375000000000 262
56 57 0.06054687500000000000 248
37 448 0.03686523437500000000 151
41 600 0.03906250000000000000 160
60 296 0.05664062500000000000 232
23 604 0.05004882812500000000 205
30 302 0.04711914062500000000 193
45 607 0.04199218750000000000 172
45 992 0.04174804687500000000 171
37 307 0.04321289062500000000 177
19 1 0.04956054687500000000 203
3 621 0.07690429687500000000 315
28 702 0.04833984375000000000 198
61 623 0.05346679687500000000 219
47 92 0.05664062500000000000 232
9 632 0.04565429687500000000 187
56 328 0.04785156250000000000 196
40 633 0.04711914062500000000 193
0 636 0.03784179687500000000 155
48 252 0.06640625000000000000 272
25 877 0.04980468750000000000 204
16 342 0.05639648437500000000 231
38 263 0.04785156250000000000 196
53 727 0.05786132812500000000 237
58 647 0.06030273437500000000 247
6 264 0.05615234375000000000 230
61 731 0.04907226562500000000 201
42 37 0.06225585937500000000 255
59 117 0.04541015625000000000 186
4 118 0.06225585937500000000 255
26 739 0.05249023437500000000 215
60 743 0.04980468750000000000 204
21 284 0.05175781250000000000 212
38 290 0.03344726562500000000 137
14 676 0.05004882812500000000 205
51 60 0.06274414062500000000 257
57 295 0.04785156250000000000 196
45 528 0.04199218750000000000 172
19 529 0.04077148437500000000 167
37 683 0.04370117187500000000 179
61 299 0.03564453125000000000 146
7 380 0.04858398437500000000 199
12 764 0.04956054687500000000 203
39 381 0.04858398437500000000 199
42 766 0.04443359375000000000 182
8 385 0.06152343750000000000 252
38 924 0.08154296875000000000 334
27 309 0.05419921875000000000 222
1 774 0.04907226562500000000 201
20 694 0.03906250000000000000 160
27 79 0.04150390625000000000 170
28 391 0.06372070312500000000 261
32 312 0.03784179687500000000 155
32 314 0.03808593750000000000 156
37 82 0.03466796875000000000 142
11 700 0.05322265625000000000 218
38 165 0.06616210937500000000 271
60 703 0.05273437500000000000 216
33 400 0.05175781250000000000 212
15 785 0.03784179687500000000 155
24 937 0.05517578125000000000 226
5 554 0.03344726562500000000 137
8 706 0.04541015625000000000 186
44 90 0.03588867187500000000 147
23 91 0.04760742187500000000 195
30 787 0.04687500000000000000 192
51 404 0.04882812500000000000 200
21 93 0.04882812500000000000 200
6 174 0.04833984375000000000 198
6 711 0.04199218750000000000 172
23 95 0.04687500000000000000 192
2 106 0.04272460937500000000 175
3 802 0.05444335937500000000 223
51 186 0.02661132812500000000 109
51 954 0.04077148437500000000 167
51 338 0.03588867187500000000 147
43 145 0.04443359375000000000 182
14 148 0.04833984375000000000 198
54 997 0.06665039062500000000 273
51 616 0.04321289062500000000 177
6 390 0.04736328125000000000 194
16 238 0.06103515625000000000 250
2 629 0.09741210937500000000 399
60 247 0.04370117187500000000 179
23 168 0.04907226562500000000 201
32 936 0.03857421875000000000 158
4 949 0.05078125000000000000 208
19 181 0.05786132812500000000 237
59 798 0.04980468750000000000 204
41 800 0.05493164062500000000 225
3 192 0.06030273437500000000 247
26 809 0.04711914062500000000 193
61 810 0.04418945312500000000 181
58 195 0.03417968750000000000 140
41 812 0.05053710937500000000 207
17 207 0.04174804687500000000 171
4 442 0.05419921875000000000 222
32 675 0.03442382812500000000 141
50 216 0.05175781250000000000 212
50 451 0.03735351562500000000 153
16 68 0.05004882812500000000 205
39 687 0.03759765625000000000 154
14 844 0.04980468750000000000 204
23 228 0.06005859375000000000 246
25 308 0.07177734375000000000 294
28 316 0.06201171875000000000 254
60 852 0.05151367187500000000 211
28 239 0.04125976562500000000 169
13 16 0.06494140625000000000 266
59 333 0.05688476562500000000 233
47 876 0.16723632812500000000 685
40 345 0.04418945312500000000 181
40 650 0.04418945312500000000 181
46 883 0.03979492187500000000 163
12 500 0.06860351562500000000 281
35 349 0.06591796875000000000 270
43 269 0.04980468750000000000 204
7 43 0.04882812500000000000 200
8 48 0.04052734375000000000 166
25 745 0.03564453125000000000 146
28 746 0.04345703125000000000 178
29 666 0.03247070312500000000 133
19 516 0.05981445312500000000 245
50 53 0.05566406250000000000 228
49 371 0.04028320312500000000 165
6 374 0.05102539062500000000 209
44 678 0.05639648437500000000 231
35 912 0.04638671875000000000 190
53 146 0.03344726562500000000 137
35 537 0.04248046875000000000 174
47 305 0.04321289062500000000 177
23 155 0.05664062500000000000 232
38 310 0.04028320312500000000 165
8 929 0.03833007812500000000 157
30 546 0.03564453125000000000 146
8 163 0.04003906250000000000 164
42 931 0.04711914062500000000 193
31 320 0.04321289062500000000 177
61 708 0.04248046875000000000 174
35 190 0.06469726562500000000 265
16 6 0.05957031250000000000 244
9 159 0.04541015625000000000 186
20 161 0.05810546875000000000 238
9 394 0.04956054687500000000 203
45 930 0.03833007812500000000 157
0 395 0.05175781250000000000 212
58 401 0.04956054687500000000 203
8 642 0.03881835937500000000 159
2 196 0.04467773437500000000 183
26 276 0.06591796875000000000 270
41 660 0.04638671875000000000 190
28 430 0.05102539062500000000 209
38 663 0.04907226562500000000 201
10 51 0.05126953125000000000 210
13 289 0.04467773437500000000 183
10 443 0.03344726562500000000 137
29 63 0.06030273437500000000 247
42 990 0.05541992187500000000 227
56 227 0.04931640625000000000 202
3 613 0.06152343750000000000 252
26 467 0.06762695312500000000 277
54 620 0.07617187500000000000 312
35 317 0.06469726562500000000 265
38 237 0.05957031250000000000 244
24 318 0.07153320312500000000 293
20 87 0.05957031250000000000 244
12 916 0.06835937500000000000 280
56 998 0.05297851562500000000 217
13 232 0.03540039062500000000 145
42 618 0.03735351562500000000 153
56 925 0.05444335937500000000 223
31 18 0.03686523437500000000 151
48 402 0.03759765625000000000 154
35 176 0.04833984375000000000 198
45 408 0.04614257812500000000 189
33 261 0.04931640625000000000 202
9 420 0.04760742187500000000 195
29 421 0.04101562500000000000 168
32 270 0.04418945312500000000 181
29 47 0.05102539062500000000 209
50 279 0.10522460937500000000 431
47 282 0.03393554687500000000 139
22 599 0.04077148437500000000 167
37 447 0.04882812500000000000 200
58 833 0.07958984375000000000 326
50 988 0.06665039062500000000 273
15 301 0.05224609375000000000 214
12 456 0.03637695312500000000 149
51 994 0.03613281250000000000 148
20 80 0.04663085937500000000 191
37 848 0.05346679687500000000 219
46 84 0.05126953125000000000 210
6 7 0.05078125000000000000 208
54 319 0.06713867187500000000 275
51 472 0.05053710937500000000 207
19 323 0.05786132812500000000 237
58 480 0.04516601562500000000 185
36 713 0.04858398437500000000 199
30 718 0.04418945312500000000 181
60 103 0.03906250000000000000 160
0 640 0.05102539062500000000 209
34 258 0.03320312500000000000 136
28 108 0.06030273437500000000 247
34 109 0.05004882812500000000 205
35 32 0.04736328125000000000 194
0 649 0.05444335937500000000 223
62 497 0.05029296875000000000 206
6 730 0.04833984375000000000 198
48 347 0.05639648437500000000 231
53 267 0.04492187500000000000 184
44 119 0.05371093750000000000 220
46 271 0.06689453125000000000 274
31 120 0.04711914062500000000 193
24 737 0.04443359375000000000 182
35 121 0.05468750000000000000 224
61 124 0.07495117187500000000 307
57 895 0.03955078125000000000 162
41 669 0.05493164062500000000 225
41 134 0.13818359375000000000 566
56 54 0.06079101562500000000 249
0 756 0.07446289062500000000 305
23 758 0.06616210937500000000 271
34 151 0.05908203125000000000 242
57 689 0.04589843750000000000 188
41 76 0.05395507812500000000 221
11 777 0.03881835937500000000 159
22 932 0.06445312500000000000 264
3 398 0.05590820312500000000 229
59 710 0.03735351562500000000 153
31 98 0.04248046875000000000 174
28 911 0.04858398437500000000 199
29 143 0.04711914062500000000 193
31 223 0.03930664062500000000 161
31 527 0.03637695312500000000 149
22 44 0.07666015625000000000 314
34 128 0.04345703125000000000 178
40 513 0.04833984375000000000 198
59 362 0.04370117187500000000 179
13 285 0.05786132812500000000 237
21 523 0.04565429687500000000 187
52 755 0.03906250000000000000 160
23 64 0.04394531250000000000 180
32 762 0.06518554687500000000 267
15 75 0.04028320312500000000 165
25 779 0.03784179687500000000 155
44 781 0.08862304687500000000 363
21 940 0.07055664062500000000 289
55 556 0.05444335937500000000 223
35 956 0.05859375000000000000 240
36 375 0.05468750000000000000 224
37 759 0.04541015625000000000 186
23 378 0.05957031250000000000 244
25 612 0.05371093750000000000 220
44 917 0.05371093750000000000 220
24 539 0.04101562500000000000 168
60 944 0.05102539062500000000 209
15 34 0.03930664062500000000 161
24 188 0.04760742187500000000 195
51 961 0.05346679687500000000 219
4 962 0.04980468750000000000 204
34 275 0.05126953125000000000 210
42 659 0.04907226562500000000 201
58 437 0.04614257812500000000 189
58 206 0.03930664062500000000 161
18 827 0.05346679687500000000 219
40 832 0.04638671875000000000 190
12 685 0.06201171875000000000 254
60 303 0.04980468750000000000 204
47 461 0.08203125000000000000 336
57 698 0.04809570312500000000 197
58 704 0.04565429687500000000 187
34 859 0.05371093750000000000 220
19 484 0.06884765625000000000 282
14 644 0.05932617187500000000 243
11 725 0.06567382812500000000 269
0 110 0.04663085937500000000 191
35 31 0.04760742187500000000 195
3 496 0.05517578125000000000 226
27 880 0.04321289062500000000 177
9 498 0.05712890625000000000 234
28 266 0.04418945312500000000 181
18 734 0.04760742187500000000 195
52 503 0.05224609375000000000 214
30 504 0.05249023437500000000 215
5 49 0.04003906250000000000 164
61 530 0.05053710937500000000 207
28 77 0.04858398437500000000 199
21 696 0.04736328125000000000 194
42 934 0.05859375000000000000 240
29 552 0.05297851562500000000 217
42 322 0.03930664062500000000 161
52 572 0.06323242187500000000 259
1 189 0.05151367187500000000 211
30 573 0.07202148437500000000 295
31 30 0.06640625000000000000 272
32 334 0.07934570312500000000 325
1 335 0.04809570312500000000 197
27 243 0.04565429687500000000 187
54 550 0.06835937500000000000 280
49 935 0.05102539062500000000 209
44 169 0.04907226562500000000 201
4 260 0.04907226562500000000 201
21 797 0.05615234375000000000 230
48 565 0.04589843750000000000 188
48 652 0.04931640625000000000 202
36 577 0.04687500000000000000 192
2 427 0.04663085937500000000 191
16 197 0.06176757812500000000 253
62 813 0.05468750000000000000 224
61 433 0.04150390625000000000 170
47 440 0.04614257812500000000 189
26 983 0.04931640625000000000 202
44 680 0.04956054687500000000 203
6 602 0.03125000000000000000 128
31 450 0.02783203125000000000 114
15 606 0.04003906250000000000 164
15 72 0.04833984375000000000 198
25 423 0.04418945312500000000 181
42 576 0.04150390625000000000 170
12 578 0.04418945312500000000 181
43 194 0.04296875000000000000 176
0 688 0.05029296875000000000 206
34 184 0.05249023437500000000 215
42 808 0.05712890625000000000 234
15 811 0.06665039062500000000 273
46 964 0.05517578125000000000 226
5 587 0.02856445312500000000 117
6 863 0.05273437500000000000 216
7 17 0.04663085937500000000 191
39 482 0.03417968750000000000 140
44 868 0.04516601562500000000 185
14 254 0.05151367187500000000 211
44 22 0.05761718750000000000 236
46 486 0.05664062500000000000 232
46 870 0.05175781250000000000 212
15 871 0.04345703125000000000 178
0 872 0.03881835937500000000 159
4 107 0.04248046875000000000 174
55 646 0.05664062500000000000 232
57 416 0.05786132812500000000 237
0 38 0.04760742187500000000 195
48 502 0.04858398437500000000 199
1 807 0.06005859375000000000 246
24 712 0.04882812500000000000 200
26 560 0.05419921875000000000 222
11 561 0.03784179687500000000 155
28 716 0.04394531250000000000 180
34 568 0.04370117187500000000 179
5 723 0.04907226562500000000 201
39 804 0.05468750000000000000 224
56 422 0.05444335937500000000 223
39 959 0.06005859375000000000 246
2 336 0.04418945312500000000 181
37 957 0.05249023437500000000 215
49 874 0.03564453125000000000 146
48 736 0.06274414062500000000 257
3 585 0.05200195312500000000 213
52 740 0.05273437500000000000 216
58 208 0.04223632812500000000 173
60 56 0.04760742187500000000 195
45 441 0.04443359375000000000 182
0 363 0.04882812500000000000 200
1 979 0.04199218750000000000 172
2 364 0.06152343750000000000 252
53 972 0.09985351562500000000 409
55 820 0.05615234375000000000 230
8 821 0.05957031250000000000 244
9 822 0.05712890625000000000 234
57 974 0.07812500000000000000 320
10 975 0.07519531250000000000 308
11 976 0.04174804687500000000 171
62 210 0.03808593750000000000 156
2 445 0.05883789062500000000 241
4 446 0.08886718750000000000 364
3 984 0.04174804687500000000 171
5 836 0.06127929687500000000 251
6 372 0.06005859375000000000 246
7 838 0.04687500000000000000 192
11 225 0.04345703125000000000 178
12 74 0.03588867187500000000 147
0 765 0.08300781250000000000 340
4 999 0.05029296875000000000 206
8 388 0.05200195312500000000 213
55 436 0.05468750000000000000 224
59 744 0.04785156250000000000 196
62 826 0.03979492187500000000 163
2 215 0.03491210937500000000 143
15 474 0.04614257812500000000 189
33 396 0.06079101562500000000 249
60 116 0.06640625000000000000 272
6 891 0.03125000000000000000 128
10 429 0.05078125000000000000 208
11 814 0.05029296875000000000 206
13 129 0.03808593750000000000 156
14 667 0.04467773437500000000 183
0 52 0.06494140625000000000 266
21 287 0.10375976562500000000 425
7 672 0.05810546875000000000 238
8 673 0.04931640625000000000 202
2 444 0.06689453125000000000 274
5 969 0.04174804687500000000 171
6 970 0.04077148437500000000 167
26 359 0.06079101562500000000 249
11 360 0.05273437500000000000 216
14 58 0.04101562500000000000 168
2 980 0.06640625000000000000 272
28 240 0.03564453125000000000 146
29 10 0.04028320312500000000 165
5 123 0.04345703125000000000 178
9 140 0.05297851562500000000 217
6 540 0.05883789062500000000 241
10 544 0.04956054687500000000 203
15 548 0.05883789062500000000 241
0 933 0.06176757812500000000 253
16 14 0.05786132812500000000 237
8 558 0.04370117187500000000 179
23 790 0.03613281250000000000 148
13 315 0.04882812500000000000 200
14 332 0.06323242187500000000 259
29 796 0.04516601562500000000 185
34 952 0.04785156250000000000 196
8 481 0.05517578125000000000 226
52 25 0.04101562500000000000 168
54 490 0.04028320312500000000 165
7 491 0.04663085937500000000 191
1 965 0.06396484375000000000 262
2 966 0.05688476562500000000 233
4 967 0.05786132812500000000 237
2 786 0.04394531250000000000 180
40 251 0.03881835937500000000 159
54 414 0.05541992187500000000 227
7 415 0.05151367187500000000 211
2 580 0.04882812500000000000 200
11 419 0.07788085937500000000 319
4 515 0.03759765625000000000 154
6 156 0.04467773437500000000 183
15 164 0.07373046875000000000 302
32 412 0.04565429687500000000 187
1 413 0.05664062500000000000 232
39 96 0.04809570312500000000 197
44 638 0.04223632812500000000 173
53 488 0.04101562500000000000 168
50 62 0.04687500000000000000 192
8 942 0.05517578125000000000 226
7 541 0.05664062500000000000 232
0 549 0.04736328125000000000 194
4 938 0.03588867187500000000 147
16 784 0.04589843750000000000 188
29 948 0.05810546875000000000 238
43 728 0.05737304687500000000 235
56 971 0.04174804687500000000 171
9 866 0.04711914062500000000 193
1 212 0.06176757812500000000 253
3 366 0.05639648437500000000 231
8 376 0.04003906250000000000 164
10 608 0.04296875000000000000 176
11 609 0.04223632812500000000 173
12 459 0.06494140625000000000 266
1 768 0.03295898437500000000 135
10 850 0.03173828125000000000 130
22 466 0.05590820312500000000 229
8 85 0.05786132812500000000 237
9 86 0.08618164062500000000 353
36 246 0.05810546875000000000 238
11 127 0.04248046875000000000 174
3 280 0.04467773437500000000 183
33 897 0.03686523437500000000 151
56 654 0.05957031250000000000 244
3 507 0.04614257812500000000 189
10 815 0.05712890625000000000 234
58 900 0.06616210937500000000 271
13 135 0.03735351562500000000 153
13 519 0.04272460937500000000 175
5 520 0.03808593750000000000 156
6 521 0.04101562500000000000 168
36 825 0.04516601562500000000 185
25 525 0.11352539062500000000 465
14 835 0.02880859375000000000 118
10 921 0.03710937500000000000 152
42 843 0.04321289062500000000 177
12 845 0.04370117187500000000 179
44 693 0.06127929687500000000 251
0 311 0.06884765625000000000 282
48 695 0.04541015625000000000 186
54 851 0.05688476562500000000 233
53 892 0.14428710937500000000 591
6 661 0.07397460937500000000 303
9 431 0.05175781250000000000 212
3 668 0.05200195312500000000 213
1 735 0.06152343750000000000 252
5 339 0.05664062500000000000 232
15 255 0.04931640625000000000 202
48 104 0.04638671875000000000 190
1 105 0.04638671875000000000 190
24 326 0.05688476562500000000 233
9 327 0.04541015625000000000 186
45 426 0.04736328125000000000 194
48 350 0.05590820312500000000 229
7 799 0.05273437500000000000 216
0 162 0.03515625000000000000 144
51 699 0.05419921875000000000 222
55 701 0.06225585937500000000 255
57 469 0.05468750000000000000 224
35 854 0.06225585937500000000 255
4 855 0.05468750000000000000 224
5 477 0.04980468750000000000 204
15 951 0.04370117187500000000 179
49 185 0.04492187500000000000 184
1 571 0.03173828125000000000 130
20 494 0.08422851562500000000 345
20 878 0.08081054687500000000 331
5 879 0.08227539062500000000 337
11 193 0.04980468750000000000 204
30 114 0.03344726562500000000 137
7 886 0.08251953125000000000 338
58 113 0.04150390625000000000 170
62 526 0.06005859375000000000 246
11 471 0.04541015625000000000 186
8 170 0.03320312500000000000 136
58 182 0.05761718750000000000 236
62 824 0.04565429687500000000 187
8 454 0.05761718750000000000 236
18 463 0.05371093750000000000 220
12 236 0.06445312500000000000 264
25 853 0.06298828125000000000 258
62 501 0.05004882812500000000 205
3 505 0.04931640625000000000 202
5 508 0.06518554687500000000 267
4 137 0.05053710937500000000 207
12 760 0.05322265625000000000 218
14 995 0.07128906250000000000 292
33 475 0.04321289062500000000 177
29 908 0.07690429687500000000 315
50 828 0.04296875000000000000 176
25 677 0.04907226562500000000 201
35 147 0.03735351562500000000 153
45 691 0.03857421875000000000 158
4 460 0.08764648437500000000 359
13 462 0.04467773437500000000 183
46 847 0.04980468750000000000 204
18 492 0.06005859375000000000 246
14 356 0.05957031250000000000 244
19 592 0.04467773437500000000 183
9 361 0.03906250000000000000 160
26 982 0.05053710937500000000 207
17 747 0.04125976562500000000 169
2 748 0.06518554687500000000 267
57 628 0.05444335937500000000 223
43 885 0.06127929687500000000 251
8 152 0.08056640625000000000 330
1 511 0.03735351562500000000 153
0 977 0.04321289062500000000 177
9 596 0.04760742187500000000 195
9 409 0.04785156250000000000 196
13 35 0.05810546875000000000 238
9 574 0.05517578125000000000 226
42 960 0.04467773437500000000 183
14 963 0.04760742187500000000 195
5 355 0.05615234375000000000 230
9 479 0.04687500000000000000 192
6 97 0.05126953125000000000 210
11 634 0.03857421875000000000 158
10 788 0.04174804687500000000 171
13 487 0.04223632812500000000 173
45 639 0.04443359375000000000 182
13 115 0.03930664062500000000 161
38 551 0.04687500000000000000 192
0 709 0.05053710937500000000 207
7 483 0.03857421875000000000 158
3 719 0.04467773437500000000 183
12 567 0.05444335937500000000 223
6 575 0.04516601562500000000 185
29 294 0.04858398437500000000 199
34 142 0.06347656250000000000 260
10 729 0.03222656250000000000 132
29 910 0.05493164062500000000 225
0 325 0.03930664062500000000 161
26 346 0.07202148437500000000 295
36 204 0.06762695312500000000 277
44 751 0.04785156250000000000 196
14 138 0.03881835937500000000 159
38 222 0.04565429687500000000 187
38 144 0.04809570312500000000 197
1 226 0.03955078125000000000 162
53 203 0.04028320312500000000 165
2 656 0.05541992187500000000 227
2 752 0.04443359375000000000 182
6 452 0.04785156250000000000 196
10 993 0.04736328125000000000 194
1 425 0.04101562500000000000 168
51 653 0.07348632812500000000 301
20 670 0.05737304687500000000 235
22 532 0.06567382812500000000 269
7 533 0.05004882812500000000 205
8 457 0.04052734375000000000 166
30 393 0.08325195312500000000 341
18 438 0.03930664062500000000 161
3 493 0.05908203125000000000 242
11 593 0.04101562500000000000 168
42 514 0.03466796875000000000 142
46 630 0.06225585937500000000 255
37 926 0.05078125000000000000 208
0 598 0.03881835937500000000 159
19 220 0.06469726562500000000 265
49 547 0.04199218750000000000 172
25 559 0.04125976562500000000 169
27 407 0.05664062500000000000 232
38 489 0.03808593750000000000 156
14 348 0.04125976562500000000 169
61 166 0.06274414062500000000 257
42 130 0.03588867187500000000 147
26 902 0.05322265625000000000 218
32 369 0.05419921875000000000 222
60 370 0.04223632812500000000 173
55 913 0.04028320312500000000 165
0 780 0.06884765625000000000 282
0 889 0.05151367187500000000 211
4 187 0.04223632812500000000 173
32 985 0.03662109375000000000 150
11 262 0.05883789062500000000 241
0 750 0.06933593750000000000 284
25 249 0.05126953125000000000 210
9 542 0.04101562500000000000 168
2 846 0.06835937500000000000 280
28 907 0.03540039062500000000 145
14 674 0.04687500000000000000 192
2 591 0.04223632812500000000 173
9 468 0.06787109375000000000 278
6 432 0.04248046875000000000 174
0 257 0.04321289062500000000 177
12 499 0.03369140625000000000 138
9 603 0.03857421875000000000 158
9 535 0.04321289062500000000 177
15 71 0.05371093750000000000 220
60 707 0.04614257812500000000 189
4 177 0.04418945312500000000 181
53 754 0.06079101562500000000 249
37 353 0.05346679687500000000 219
23 379 0.06982421875000000000 286
36 368 0.04931640625000000000 202
46 679 0.03906250000000000000 160
7 717 0.05664062500000000000 232
46 132 0.06079101562500000000 249
17 631 0.03002929687500000000 123
42 817 0.04345703125000000000 178
6 439 0.03613281250000000000 148
4 791 0.05639648437500000000 231
56 209 0.04785156250000000000 196
24 978 0.03295898437500000000 135
30 875 0.05029296875000000000 206
3 753 0.02734375000000000000 112
