16384 98304 16384 81920 16384 81920 16384 81920 16384 81920 65536 16384 65536 0 81920 16384 0 32768 81920 98304 16384 81920 65536 49152 16384 81920 16384 81920 98304 0 81920 0 16384 81920 81920 16384 65536 16384 81920 98304 65536 16384 81920 16384 16384 81920 16384 81920 16384 65536 16384 65536 16384 16384 81920 0 81920 16384 16384 16384 81920 0 65536 0 81920 16384 49152 81920 16384 65536 16384 65536 16384 81920 0 0 65536 81920 65536 16384 81920 16384 81920 16384 81920 16384 65536 98304 0 32768 65536 1 65537 49153 1 1 65537 98305 32769 114689 114689 114689 114689 49153 114689 98305 98305 32769 98305 98305 32769 81921 32769 98305 32769 98305 32769 98305 16385 32769 98305 16385 32769 32769 98305 16385 98305 98305 81921 16385 98305 32769 16385 98305 98305 16385 98305 16385 98305 98305 16385 81921 65537 98305 16385 16385 81921 16385 16385 81921 16385 65537 16385 1 81921 16385 65537 1 81921 16385 65537 81921 65537 49153 114689 65537 65537 1 98305 32769 65537 114689 81922 49154 98306 98306 32770 98306 16386 81922 32770 81922 32770 114690 16386 98306 32770 81922 32770 98306 98306 32770 16386 98306 32770 114690 32770 81922 81922 49154 65538 114690 114690 65538 2 49154 2 49154 114690 32770 98306 114690 32770 81922 32770 98306 81922 16386 32770 81922 32770 98306 32770 16386 98306 32770 2 81922 2 81922 16386 98306 16386 2 49154 32770 114690 32770 16386 98306 114690 81922 2 81922 2 16386 16386 65538 2 65538 2 81922 16386 81922 81922 16386 81922 81923 16387 81923 81923 65539 81923 16387 81923 16387 3 81923 16387 81923 3 16387 81923 16387 81923 16387 81923 65539 3 81923 3 65539 16387 3 65539 81923 81923 16387 81923 16387 65539 65539 16387 16387 81923 3 81923 81923 16387 65539 16387 81923 81923 81923 81923 3 65539 3 65539 16387 65539 65539 3 65539 114691 16387 16387 65539 81923 16387 81923 81923 65539 16387 65539 16387 32771 81923 16387 81923 16387 81923 65539 114691 49155 114691 65540 4 65540 4 49156 4 114692 65540 65540 4 49156 32772 114692 49156 32772 114692 49156 32772 114692 32772 32772 32772 98308 49156 114692 114692 49156 114692 4 32772 114692 32772 49156 114692 98308 49156 49156 114692 49156 32772 114692 49156 98308 98308 49156 114692 98308 49156 114692 114692 114692 98308 98308 16388 81924 114692 114692 114692 65540 114692 65540 81924 65540 4 49156 114692 4 65540 65540 114692 65540 114692 65541 5 65541 5 49157 114693 65541 5 65541 114693 65541 114693 49157 114693 49157 5 65541 5 49157 65541 114693 65541 5 65541 5 114693 114693 49157 114693 32773 32773 114693 49157 98309 114693 49157 98309 49157 114693 32773 98309 32773 114693 32773 98309 32773 114693 114693 49157 98309 32773 98309 49157 114693 49157 114693 32773 49157 98309 32773 65541 98309 32773 114693 32773 114693 114693 32773 98309 32773 114693 49157 114693 81925 81925 98309 16389 5 16389 65541 16389 81925 16389 16389 81925 5 16390 65542 16390 16390 65542 16390 6 6 6 114694 65542 65542 49158 6 65542 6 49158 114694 65542 114694 65542 6 114694 65542 65542 6 49158 114694 49158 81926 65542 6 65542 65542 65542 6 32774 98310 49158 114694 32774 114694 114694 49158 98310 49158 114694 49158 49158 49158 98310 32774 114694 98310 49158 32774 98310 16390 81926 16390 6 6 65542 81926 6 65542 16390 16390 6 81926 81926 65542 16390 65542 65542 6 6 81926 16390 65542 6 81926 7 98311 32775 81927 81927 16391 81927 81927 16391 98311 81927 16391 65543 7 7 65543 7 114695 49159 7 65543 114695 65543 114695 49159 114695 49159 7 7 65543 114695 65543 65543 114695 7 114695 7 49159 7 7 65543 7 65543 7 65543 65543 7 65543 7 65543 7 49159 7 7 49159 49159 7 65543 114695 65543 7 65543 114695 65543 65543 65543 114695 65543 114695 65543 7 65543 7 114695 65543 114695 65543 114695 49159 7 7 49159 7 49159 114695 65543 8 32776 32776 114696 32776 81928 32776 16392 98312 16392 98312 32776 98312 114696 81928 16392 16392 81928 16392 81928 16392 65544 16392 81928 16392 65544 16392 81928 8 16392 81928 16392 81928 16392 65544 8 65544 16392 65544 16392 65544 81928 16392 81928 16392 65544 16392 65544 8 65544 8 65544 49160 98312 32776 98312 32776 114696 98312 49160 49160 49160 49160 98312 114696 32776 114696 49160 114696 98312 98312 16392 98312 32776 81928 32776 32776 98312 32776 81928 16392 8 65544 65544 49160 114696 8 65544 114696 65544 49161 65545 49161 114697 49161 9 49161 49161 65545 65545 114697 49161 114697 49161 49161 114697 32777 114697 49161 98313 32777 114697 49161 114697 81929 32777 32777 16393 81929 98313 98313 98313 16393 98313 32777 98313 32777 81929 114697 32777 98313 65545 16393 81929 16393 81929 16393 81929 9 81929 81929 65545 16393 16393 16393 9 81929 16393 81929 9 65545 16393 81929 9 9 9 65545 9 9 114697 49161 9 49161 9 65545 114697 65545 9 49161 9 49161 9 65545 49161 9 65545 114697 32777 114697 32778 65546 32778 114698 32778 81930 32778 98314 32778 32778 16384
3
114694
114695
98305
65542
49153
4
4
98314 98314 16384
3
114694
114695
114695
98305
65542
49153
4
32778 16384
3
114694
114695
114695
114695
114695
114695
98305
65542
49153
4
98314 32778 81930 16384
3
114694
114695
114695
98305
65542
49153
4
4
81930 16384
3
114694
114695
114695
98305
65542
49153
4
16394 65546 16394 16384
3
114694
114695
98305
65542
49153
4
81930 16394 10 16384
3
114694
114695
98305
65542
49153
4
16394 16394 16384
3
114694
114695
98305
65542
49153
49153
4
4
65546 81930 16384
3
114694
114695
98305
65542
49153
4
4
16394 16384
3
114694
114695
98305
65542
49153
4
4
0
32772
98311
1
16388
16388
16388
16388
16388
16388
16389
16389
114690
32771
16394 114698 16384
16384
3
114694
114695
98305
65542
49153
4
81930 16384
16384
3
114694
114695
98305
65542
65542
49153
4
65546 16384
3
114694
114695
98305
65542
65542
49153
4
4
4
4
16394 81930 16394 16384
3
114694
114695
98305
65542
49153
4
4
81930 81930 16384
3
114694
114695
98305
65542
49153
49153
4
10 81930 16384
3
114694
114695
98305
65542
49153
4
16394 81930 16394 16384
3
114694
114695
98305
65542
49153
49153
49153
49153
4
4
81930 16394 81930 16384
3
114694
114695
98305
65542
49153
4
10 32778 16384
3
114694
114695
98305
98305
65542
65542
65542
49153
49153
49153
49153
49153
49153
49153
4
4
4
0
32772
98311
1
16388
16388
16389
16389
16389
16389
114690
114690
114690
114690
114690
114690
32771
114698 16384
3
114694
114695
98305
65542
49153
4
4
10 16384
3
114694
114695
98305
65542
49153
49153
49153
49153
4
114698 49162 16384
16384
16384
3
114694
114695
98305
65542
49153
49153
49153
4
4
4
4
4
4
4
4
4
4
98314 32778 114698 16384
3
114694
114695
98305
65542
49153
49153
4
49162 16384
3
114694
114695
98305
65542
49153
49153
4
98314 32778 114698 16384
3
114694
114695
98305
65542
49153
4
32778 98314 114698 16384
3
114694
114695
98305
65542
49153
4
114698 16384
3
114694
114695
98305
65542
65542
65542
65542
49153
4
32778 114698 16384
3
114694
114695
98305
65542
65542
65542
65542
65542
65542
65542
49153
4
49162 49162 16384
3
114694
114695
98305
65542
49153
4
4
98314 49162 16384
3
114694
114695
98305
98305
65542
65542
49153
4
4
98314 98314 16384
3
114694
114694
114695
98305
65542
49153
4
49162 114698 98314 16384
3
114694
114695
98305
65542
49153
4
98314 16384
3
114694
114695
98305
65542
49153
4
49162 114698 16384
3
114694
114694
114695
98305
65542
49153
4
98314 49162 16384
3
114694
114695
98305
65542
49153
4
114698 16384
3
114694
114695
98305
65542
49153
4
4
32778 49162 16384
3
114694
114694
114695
98305
98305
65542
49153
4
49162 16384
3
114694
114695
98305
65542
49153
81928
114698 49162 16384
3
114694
114694
114695
98305
98305
65542
49153
81928
49162 16384
3
114694
114694
114695
98305
98305
65542
49153
81928
32778 16384
3
114694
114695
98305
98305
65542
49153
81928
81930 16384
3
114694
114695
98305
65542
49153
81928
32778 98314 32779 16384
16384
16384
3
114694
114695
98305
98305
98305
98305
98305
98305
65542
49153
49153
81928
32779 16384
3
114694
114695
98305
98305
65542
49153
81928
0
32772
98311
1
16388
16389
114690
114690
114690
114690
114690
32771
32771
98315 32779 32779 16384
3
114694
114695
98305
65542
81928
81928
98315 16384
3
114694
114695
98305
65542
81928
81928
16395 81931 16395 81931 16384
3
114694
114695
98305
65542
81928
81928
98315 16384
16384
16384
3
114694
114695
98305
65542
81928
81928
32779 16395 16384
3
114694
114695
98305
65542
81928
81928
32779 16384
3
114694
114695
98305
81928
81928
81928
81928
81928
81931 32779 81931 32779 16384
3
114694
114695
98305
81928
81928
81928
81928
98315 16395 98315 16384
3
114694
114695
16392
16392
81928
81928
81928
81928
32779 32779 16384
3
114694
114695
16392
16392
81928
81928
81928
98315 16395 16384
3
114694
114695
16392
16392
81928
81928
81931 16392
3
114694
114695
16392
16392
81928
81928
81928
98315 16392
3
114694
114695
16392
16392
81928
81928
32779 81931 32779 16392
3
114694
16392
16392
16392
81928
81928
16395 16392
3
114694
16392
16392
16392
81928
81928
16395 81931 16392
3
16392
16392
16392
16392
81928
81928
81928
81928
81928
81928
16395 65547 65547 16392
16392
16392
3
16392
16392
16392
16392
16392
81928
81928
114699 114699 16392
3
16392
16392
16392
16392
81928
81928
81928
81928
81928
16395 16392
3
3
16392
16392
16392
16392
81928
81928
81928
0
32772
98311
98311
98311
98311
98311
1
16388
16389
16389
16389
16389
16389
16389
16389
114690
114690
32771
114699 16392
16392
16392
16392
16392
16392
16392
81928
81928
11 16392
8
65544
114696
49160
98312
32776
9
11 0
32772
98311
1
16388
16389
16389
16389
16389
114690
32771
65547 11 114699 0
32772
98311
1
16388
16389
114690
114690
32771
49163 0
32772
98311
98311
1
16388
16389
114690
32771
32771
32771
32771
32771
32771
32771
32771
32779 114699 0
32772
98311
1
1
1
1
16388
16389
114690
32771
32771
114699 0
32772
98311
1
1
1
1
16388
16389
114690
32771
32771
32771
32771
49163 114699 49163 0
32772
98311
1
16388
16389
114690
32771
32771
49163 0
32772
98311
1
16388
16389
114690
32771
98315 49163 114699 0
32772
98311
1
16388
16389
114690
32771
114699 49163 0
32772
98311
1
16388
16389
114690
32771
32771
32771
98315 98315 0
32772
98311
1
16388
16389
114690
32771
32779 98315 32779 0
32772
98311
1
16388
16389
114690
32771
114699 49163 0
32772
98311
1
16388
16389
114690
114690
32771
32771
32771
65547 0
32772
98311
1
16388
16389
114690
114690
32771
65536
98308
2
2
114693
81920
7
16390
5
5
114699 49163 32779 0
32772
98311
1
16388
16389
114690
114690
114690
32771
32771
32771
65547 0
32772
98311
1
16388
16389
114690
32771
65536
98308
2
2
114693
81920
7
16390
5
81931 81931 0
32772
98311
1
16388
16389
114690
114690
114690
32771
65536
98308
2
114693
81920
7
7
16390
5
11 81931 0
32772
98311
1
16388
16389
114690
32771
11 65547 16395 65547 0
32772
98311
1
16388
16389
114690
114690
32771
32771
32771
32771
65547 16395 0
32772
98311
1
16388
16389
114690
32771
32771
16395 0
32772
98311
1
16388
16389
114690
32771
32771
32771
81931 11 81931 0
32772
98311
1
16388
16389
114690
32771
16395 81931 11 0
32772
98311
1
16388
16389
114690
32771
32771
65548 0
32772
98311
1
16388
16389
114690
32771
12 65548 16396 0
32772
98311
1
16388
16389
114690
32771
32771
32771
65536
98308
2
114693
81920
7
16390
5
5
81932 0
32772
98311
1
16388
16389
114690
32771
16396 0
32772
98311
1
16388
16389
114690
32771
32771
65548 16396 81932 0
32772
98311
1
16388
16389
114690
32771
32771
16396 16396 0
32772
98311
1
16388
16389
114690
32771
16396 0
32772
98311
1
16388
16389
114690
114690
32771
12 0
32772
98311
1
16388
16389
114690
49161
81932 16396 16396 0
32772
98311
1
16388
16389
114690
49161
65548 12 0
32772
98311
1
16388
16389
114690
49161
16396 65548 16396 32780 0
32772
98311
1
16388
16389
114690
49161
65536
98308
2
114693
81920
7
16390
5
81932 0
32772
98311
1
16388
16389
114690
49161
16396 16396 0
32772
98311
1
16388
16389
114690
49161
12 0
32772
98311
1
16388
16389
114690
49161
65548 12 0
32772
98311
1
16388
16389
114690
49161
12 114700 0
32772
98311
1
16388
16389
114690
49161
65548 0
32772
98311
1
16388
16389
114690
49161
65548 0
32772
32772
98311
1
16388
16389
114690
49161
12 0
32772
98311
1
16388
16388
16389
16389
49161
49161
49161
65548 12 0
32772
98311
1
16388
16388
16389
49161
49161
49161
12 0
32772
98311
1
16388
16389
49161
49161
49164 0
32772
98311
1
16388
16389
49161
49161
49161
49161
65548 0
32772
98311
1
16388
49161
49161
49161
49161
65548 114700 0
32772
98311
1
16388
49161
49161
49161
65536
98308
2
114693
81920
7
16390
5
65548 12 0
32772
98311
1
16388
16388
16388
16388
49161
49161
49161
65548 0
32772
98311
1
1
65545
65545
49161
49161
49161
49161
65548 0
32772
98311
1
65545
65545
65545
49161
49161
49161
49161
114700 49164 12 0
32772
98311
1
1
65545
65545
65545
65545
49161
49161
65548 12 32780 0
32772
98311
1
65545
65545
49161
49161
81932 0
32772
98311
65545
65545
65545
65545
65545
65545
65545
65545
65545
65545
49161
49161
49161
98316 0
32772
98311
65545
65545
65545
49161
49161
65536
98308
2
114693
81920
7
16390
16390
16390
16390
16390
5
5
5
5
98316 0
32772
98311
65545
65545
65545
49161
49161
16396 0
32772
65545
65545
65545
65545
49161
49161
98316 32780 0
32772
65545
65545
65545
65545
49161
49161
98316 0
32772
65545
65545
65545
65545
49161
49161
32780 81932 0
32772
65545
65545
65545
65545
49161
49161
98316 0
65545
65545
65545
65545
65545
49161
49161
32780 65545
114697
32777
98313
49162
49162
16393
81929
81929
81929
81929
114698
16396 32780 65536
98308
2
114693
81920
7
16390
5
81932 65536
98308
2
114693
81920
81920
81920
7
16390
16390
16390
16390
16390
16390
16390
5
49155
49159
65538
81921
81921
81924
81924
81924
81924
81923
114689
81927
32780 81932 16396 98316 65536
98308
2
114693
81920
7
16390
5
5
16396 81932 32780 65536
98308
2
114693
81920
7
16390
16390
16390
5
81932 98316 32780 98316 65536
98308
2
114693
81920
7
16390
5
32780 98316 65536
98308
2
114693
81920
7
16390
5
5
5
5
16396 98316 16396 16396 65536
98308
2
114693
81920
7
16390
16390
5
5
5
5
5
98316 65536
98308
2
114693
81920
7
7
16390
5
5
5
5
5
5
5
5
5
5
32781 16397 65536
98308
2
114693
81920
81920
7
7
16390
5
5
81933 98317 65536
98308
2
114693
81920
7
7
7
16390
16390
5
16397 98317 32781 65536
98308
2
114693
81920
7
16390
5
5
98317 32781 65536
98308
2
2
2
114693
81920
7
16390
5
98317 114701 65536
98308
2
114693
81920
7
7
16390
5
49155
49159
65538
65538
81921
81921
81924
81924
81924
81924
81923
114689
81927
32781 98317 65536
98308
2
114693
81920
7
16390
5
5
5
5
5
81933 16397 65536
98308
2
114693
81920
7
7
16390
5
5
98317 32781 65536
98308
2
2
114693
114693
81920
7
7
16390
5
5
5
98317 65536
98308
2
114693
114693
81920
7
16390
5
32781 81933 16397 65536
98308
2
114693
81920
7
16390
5
98317 16397 81933 65536
98308
2
114693
114693
81920
81920
7
16390
5
49155
49159
49159
65538
81921
81924
81923
114689
81927
16397 81933 32781 98317 65536
98308
2
114693
114693
81920
7
16390
5
32781 81933 32781 65536
98308
2
114693
81920
7
16390
5
49155
49159
65538
81921
81921
81924
81923
114689
81927
98317 32781 65536
98308
2
114693
114693
114693
81920
81920
7
16390
5
49155
49159
49159
65538
81921
81924
81923
81923
114689
81927
16397 98317 65536
98308
2
114693
81920
7
16390
5
32781 81933 32781 65536
98308
2
114693
81920
7
16390
5
98317 32781 98317 65536
98308
2
114693
81920
7
16390
5
32781 32781 65536
98308
2
114693
81920
7
16390
16390
16390
10
10
81933 65536
98308
2
114693
114693
81920
81920
81920
7
16390
16390
10
32781 65536
98308
2
114693
81920
7
16390
10
81933 65536
98308
2
114693
81920
7
16390
16390
10
98317 65536
98308
2
114693
114693
81920
7
16390
10
16397 65536
98308
2
114693
81920
7
7
16390
10
32781 65536
98308
2
114693
81920
7
16390
10
49155
49159
65538
81921
81924
81923
114689
81927
98317 16397 65536
98308
2
114693
81920
81920
7
7
16390
10
49155
49159
49159
65538
81921
81924
81923
114689
114689
81927
81933 32781 32781 65536
98308
2
114693
114693
81920
7
16390
16390
10
49165 65536
98308
2
114693
81920
7
7
7
16390
16390
10
49155
49159
65538
81921
81924
81923
114689
81927
98317 65536
98308
2
114693
81920
81920
81920
7
10
10
32781 65536
98308
98308
2
114693
81920
7
7
7
10
10
10
98317 32781 65536
98308
2
2
114693
81920
7
7
10
10
10
10
10
98317 32781 81933 65536
98308
2
114693
81920
81920
7
10
10
10
10
10
10
10
10
81933 65536
98308
2
114693
81920
7
10
10
10
10
10
10
10
10
10
10
81933 65536
98308
2
114693
81920
16394
10
10
10
32781 98317 65536
98308
2
114693
81920
81920
16394
10
10
49155
49159
65538
81921
81924
81923
114689
81927
49165 81933 65536
98308
2
114693
81920
16394
10
10
10
32781 81933 98317 65536
98308
2
114693
16394
16394
10
10
32781 98317 65536
98308
2
114693
16394
16394
10
10
32781 98317 65536
98308
2
114693
16394
16394
10
10
32781 98317 32781 65536
98308
2
114693
16394
16394
16394
16394
10
81933 32781 65536
98308
2
16394
16394
16394
16394
10
98317 65536
98308
2
16394
16394
16394
16394
16394
16394
10
16397 81933 32782 65536
98308
2
16394
16394
16394
16394
10
32782 65536
98308
16394
16394
16394
16394
16394
10
32782 98318 65536
98308
16394
16394
16394
16394
16394
10
98318 65536
98308
16394
16394
16394
16394
16394
10
32782 81934 32782 65536
98308
16394
16394
16394
16394
16394
16394
10
49166 65536
98308
16394
16394
16394
16394
16394
10
49155
49159
65538
81921
81924
81923
114689
81927
16398 81934 65536
16394
16394
16394
16394
16394
16394
10
81934 98318 16394
81930
16395
32778
32779
98314
65546
65546
11
32782 49155
49159
65538
81921
81924
81923
114689
81927
16398 16398 49155
49159
65538
81921
81924
81923
114689
81927
81927
32782 49155
49159
65538
81921
81924
81923
114689
114689
114689
81927
81927
98318 32782 49155
49159
65538
81921
81924
81923
114689
114689
114689
114689
114689
114689
81927
81927
81927
32782 49155
49159
65538
81921
81924
81923
114689
114689
81927
81927
81927
81927
98318 32782 98318 49155
49159
65538
81921
81924
81923
81923
114689
114689
81927
114691
49158
81922
16387
49157
32774
49154
98304
16398 98318 32782 49155
49159
65538
65538
81921
81924
81923
81923
114689
81927
81927
81927
32782 49155
49159
65538
81921
81924
81923
114689
114689
114689
114689
114689
114689
81927
81927
98318 16398 49155
49159
65538
81921
81924
81923
81923
114689
114689
114689
114689
114689
114689
114689
114689
81927
32782 49155
49159
65538
81921
81924
81923
114689
81927
98318 49155
49159
65538
81921
81924
81923
114689
81927
81927
81934 16398 49155
49159
65538
65538
81921
81924
81923
114689
81927
81927
81927
81927
81927
81927
81927
81927
81934 32782 49155
49159
65538
65538
81921
81924
81923
81923
114689
81927
98318 49155
49159
65538
81921
81924
81923
81923
114689
81927
81927
98318 32782 49155
49159
65538
81921
81924
81923
114689
81927
81927
81927
81927
81927
98318 81934 49155
49159
65538
81921
81924
81923
114689
81927
81927
81927
81927
81927
81927
81927
98318 49155
49159
65538
81921
81924
81923
114689
81927
81927
81927
81934 49155
49159
65538
81921
81924
81923
114689
81927
81927
81934 16398 49155
49159
65538
81921
81924
81923
81923
114689
49163
49163
98318 32782 49155
49159
65538
81921
81924
81923
114689
49163
49163
49163
49163
49163
49163
98318 49155
49159
65538
81921
81924
81923
114689
49163
49163
49163
49163
49163
49163
49163
49163
49163
49163
32782 32782 49155
49159
65538
81921
81924
81923
114689
49163
81934 16398 49155
49159
65538
81921
81924
81923
114689
49163
49163
49163
49163
16398 49155
49159
65538
81921
81924
81923
81923
81923
81923
81923
81923
114689
49163
98318 49155
49159
65538
81921
81924
81923
114689
49163
81934 98318 49155
49159
65538
81921
81924
81923
81923
114689
49163
32782 49155
49159
65538
81921
81924
81923
114689
49163
98318 32782 98318 49155
49159
65538
81921
81924
81923
114689
114689
49163
81934 14 49155
49159
65538
81921
81924
81923
114689
49163
81934 49155
49159
65538
81921
81924
81923
81923
81923
114689
49163
16398 16398 49155
49159
65538
81921
81924
81923
49163
49163
81934 49155
49159
65538
81921
81924
81923
49163
49163
65550 14 49155
49159
65538
81921
81921
81924
81923
49163
49163
81934 16398 49166 49155
49159
65538
65538
65538
81921
81924
81923
49163
49163
114691
49158
81922
16387
49157
32774
32774
49154
98304
65550 114702 49155
49159
65538
81921
81924
81924
81923
49163
49163
49163
49166 14 14 49155
49159
65538
81921
81921
81924
81923
81923
49163
49163
114702 49155
49159
65538
81921
81921
81924
81924
65547
65547
49163
49166 114702 65550 49155
49159
65538
81921
81924
65547
65547
49163
14 49166 15 49155
49159
65538
81921
81921
81924
81924
65547
65547
49163
15 49155
49159
65538
81921
81921
81921
81921
81924
81924
65547
65547
49163
15 49155
49159
65538
81921
65547
65547
65547
65547
65547
65547
65547
49163
65551 15 49167 49155
49159
65538
81921
65547
65547
65547
65547
49163
15 65551 49155
49159
65538
81921
65547
65547
65547
65547
65547
65547
49163
49163
49163
65551 49155
49159
65538
65547
65547
65547
65547
49163
65551 49155
49159
65538
65547
65547
65547
65547
65547
65547
49163
65551 49155
49159
65538
65547
65547
65547
65547
49163
32783 49155
49159
65538
65547
65547
65547
65547
49163
49163
98319 114703 49155
49159
81931
81931
65547
65547
65547
49163
49167 98319 114703 49155
49159
81931
81931
65547
65547
65547
49163
114691
49158
81922
16387
49157
32774
32774
32774
32774
49154
98304
32783 49155
49159
81931
81931
65547
65547
65547
49163
98319 98319 49155
81931
81931
81931
65547
65547
65547
49163
16399 49167 49155
81931
81931
81931
65547
65547
65547
49163
114691
49158
81922
16387
49157
32774
49154
49154
49154
49154
49154
49154
49154
49154
98304
98304
81935 16399 49155
81931
81931
81931
65547
65547
65547
65547
65547
49163
16399 81931
98315
49164
114700
114699
32780
12
16396
65551 114691
49158
81922
16387
49157
32774
49154
49154
49154
49154
98304
16399 65551 114691
49158
81922
16387
49157
32774
49154
49154
98304
98304
98304
98304
98304
98304
49152
49152
32775
32775
16385
16385
49156
81925
32769
65540
32768
32768
16399 81935 114691
49158
81922
16387
49157
32774
49154
98304
15 114691
49158
81922
16387
49157
32774
49154
98304
98304
65551 16399 15 114691
49158
81922
16387
49157
32774
49154
98304
65551 114691
49158
81922
16387
16387
49157
32774
49154
98304
98304
98304
16399 114691
49158
81922
16387
16387
49157
32774
49154
98304
98304
98304
65551 16399 65551 81935 114691
49158
81922
16387
49157
32774
49154
98304
65551 114691
49158
81922
16387
49157
32774
49154
98304
98304
65551 114691
49158
81922
16387
49157
32774
49154
98304
49152
32775
16385
49156
81925
81925
81925
81925
32769
65540
32768
114703 49167 65551 114691
49158
81922
16387
49157
32774
49154
98304
98304
98304
98304
98304
49152
32775
16385
49156
81925
81925
32769
65540
65540
32768
32768
15 114691
49158
81922
16387
16387
16387
49157
32774
49154
49154
98304
49167 65551 114691
49158
81922
16387
49157
32774
49154
49154
49154
98304
98304
49152
32775
16385
16385
16385
49156
81925
81925
81925
32769
65540
32768
32768
32768
32768
15 16399 114691
49158
81922
81922
16387
16387
49157
32774
49154
98304
98304
49152
32775
32775
16385
49156
81925
81925
81925
81925
81925
81925
81925
32769
65540
32768
32768
32768
32768
32768
32783 114691
49158
81922
81922
16387
49157
32774
49154
49154
49154
98304
98304
98304
98304
98304
32783 114691
49158
81922
81922
16387
49157
32774
49154
49154
98304
98304
98304
81935 114691
49158
81922
81922
16387
49157
49157
49157
32774
49154
49154
49154
49154
98304
15 114691
49158
81922
16387
49157
32774
49154
98304
98304
98304
16399 81935 114691
49158
81922
16387
49157
32774
49154
98304
98304
98304
98304
98304
98304
15 81935 15 114691
49158
81922
16387
49157
32774
49154
98304
98304
98304
98304
98304
98304
98304
49152
32775
16385
49156
81925
32769
65540
65540
32768
65551 15 16399 114691
49158
81922
16387
49157
32774
49154
98304
81935 16399 114691
49158
81922
16387
49157
49157
49157
49157
49157
32774
49154
98304
65551 15 16399 114691
49158
81922
16387
16387
49157
32774
49154
65548
65551 65551 114691
49158
81922
16387
49157
49157
32774
49154
65548
16399 114691
49158
81922
16387
49157
32774
49154
49154
49154
49154
65548
81935 81935 114691
49158
81922
16387
49157
32774
49154
65548
15 114691
49158
49158
81922
16387
49157
49157
32774
49154
65548
81935 81936 114691
49158
49158
81922
16387
49157
32774
49154
65548
16400 81936 114691
49158
81922
16387
49157
32774
49154
65548
65552 114691
49158
81922
16387
49157
49157
32774
49154
65548
16400 114691
49158
81922
16387
16387
16387
49157
32774
49154
65548
49152
32775
32775
16385
49156
81925
32769
65540
65540
65540
65540
65540
65540
65540
65540
32768
16 49168 114691
49158
81922
16387
49157
49157
49157
32774
49154
65548
16 49168 16 114691
49158
81922
16387
16387
49157
32774
49154
65548
49168 114691
49158
49158
81922
16387
49157
49157
32774
49154
65548
114704 16 114691
49158
81922
16387
49157
49157
32774
49154
65548
65552 16 114691
49158
81922
16387
49157
32774
49154
65548
65552 114704 49168 114691
49158
49158
81922
16387
49157
32774
32774
32774
32774
32774
65548
65548
49168 114704 114691
49158
81922
16387
49157
32774
32774
32774
32774
32774
65548
65548
65552 114704 49168 114691
49158
81922
16387
49157
32774
65548
65548
16 114704 114691
49158
81922
16387
49157
32774
65548
65548
49168 16 114691
49158
81922
16387
49157
32774
32774
65548
65548
65552 114691
49158
81922
16387
49157
32774
32774
65548
65548
65552 114691
49158
81922
16387
49157
65548
65548
65548
81936 114691
49158
81922
16387
49157
98316
98316
98316
65548
65548
49152
32775
16385
49156
81925
32769
65540
65540
65540
32768
32768
16 65552 114704 114691
49158
81922
16387
49157
98316
65548
65548
65552 114704 65552 114691
49158
81922
16387
49157
98316
98316
98316
98316
65548
65548
114704 49168 65552 114691
49158
81922
16387
98316
98316
65548
65548
16 16 114691
49158
81922
16387
98316
98316
65548
65548
49168 16 114691
49158
81922
16387
16387
98316
98316
98316
65548
65548
16400 114691
49158
81922
81922
81922
98316
98316
98316
98316
98316
65548
65548
49152
32775
32775
16385
49156
49156
81925
32769
65540
32768
65552 114704 114691
49158
81922
98316
98316
98316
98316
65548
65548
65548
65552 114691
49158
81922
98316
98316
98316
98316
65548
65548
65552 114691
49158
81922
98316
98316
98316
65548
65548
16 49168 16 114691
49158
98316
98316
98316
98316
65548
65548
81936 114691
49158
98316
98316
98316
98316
65548
65548
16 114691
98316
98316
98316
98316
98316
65548
65548
65552 16 114691
98316
98316
98316
98316
98316
98316
98316
65548
65548
49168 114691
98316
98316
98316
98316
98316
98316
65548
65548
65548
114704 65552 114691
98316
98316
98316
98316
98316
98316
65548
65548
114704 65552 13
32781
81932
81932
81932
98317
49165
49165
49165
114701
16397
65549
114704 49152
32775
16385
49156
49156
81925
32769
65540
65540
32768
32768
32768
16 49152
32775
16385
49156
49156
49156
49156
81925
32769
65540
32768
114688
65537
114692
16386
98310
98306
81926
16391
16391
114704 49152
32775
16385
49156
49156
81925
32769
65540
65540
32768
32768
32768
16 49152
32775
16385
49156
81925
32769
65540
65540
65540
32768
32768
16 65552 49152
32775
16385
49156
81925
32769
65540
32768
32768
32768
49168 49152
32775
16385
49156
81925
32769
65540
65540
65540
32768
114704 65552 114704 65552 49152
32775
16385
49156
81925
32769
65540
65540
65540
65540
32768
49168 49152
32775
16385
49156
81925
32769
65540
65540
32768
32768
16 49152
32775
16385
49156
49156
81925
32769
65540
65540
32768
32768
32768
32768
32768
32768
32768
32768
49168 49152
32775
16385
49156
49156
81925
32769
65540
32768
32768
32768
32768
32768
32768
114704 49168 49152
32775
16385
49156
81925
32769
65540
32768
32768
32768
32768
32768
32768
32768
16 114704 49152
32775
16385
49156
81925
32769
65540
32768
32768
32768
32768
32768
49168 17 49152
32775
16385
49156
81925
32769
65540
32768
65553 32785 16401 49152
32775
16385
49156
81925
32769
65540
32768
16401 49152
32775
16385
49156
81925
32769
32769
65540
81933
65553 49152
32775
16385
49156
81925
32769
32769
65540
81933
16401 49152
32775
16385
49156
49156
81925
32769
65540
81933
17 49152
32775
16385
49156
81925
32769
32769
65540
81933
81937 65553 49152
32775
16385
49156
81925
32769
65540
81933
17 49169 17 49152
32775
16385
49156
81925
32769
32769
65540
81933
114705 16401 49152
32775
16385
49156
81925
32769
32769
65540
81933
114688
114688
65537
114692
16386
98310
98306
81926
16391
49169 49152
32775
16385
49156
81925
32769
32769
32769
65540
81933
114688
65537
65537
114692
16386
98310
98310
98306
81926
81926
16391
98321 114705 49152
32775
16385
49156
81925
32769
32769
65540
81933
114705 49152
32775
16385
49156
81925
32769
32769
32769
32769
32769
32769
65540
81933
98321 49169 49152
32775
16385
49156
81925
32769
32769
32769
65540
81933
114705 49169 49152
32775
16385
49156
49156
81925
32769
32769
32769
32769
65540
81933
49169 49152
32775
16385
49156
81925
32769
65540
81933
114705 49152
32775
16385
49156
81925
32769
65540
65540
81933
49169 49152
32775
16385
49156
81925
32769
65540
81933
114705 49152
32775
16385
49156
81925
32769
65540
81933
49169 114705 49169 49152
32775
16385
49156
81925
32769
65540
81933
49169 49152
32775
16385
49156
81925
32769
81933
81933
32785 32785 49152
32775
16385
49156
81925
32769
81933
81933
49169 49152
32775
16385
49156
81925
32769
81933
81933
65553 49152
32775
16385
49156
81925
32769
81933
81933
114688
65537
114692
16386
98310
98310
98306
81926
81926
16391
114705 49169 49152
32775
16385
16385
49156
81925
32769
81933
81933
114688
65537
114692
16386
98310
98306
98306
98306
81926
16391
98321 32785 114705 49152
32775
16385
49156
81925
81934
81933
81933
49169 32785 49152
32775
16385
16385
49156
81925
81925
81934
81933
81933
114705 114705 49152
32775
16385
49156
81925
81934
81933
81933
49169 49152
32775
16385
49156
81925
81934
81933
81933
114705 49152
32775
16385
49156
81925
81934
81933
81933
32785 49169 49152
32775
16385
49156
81934
81934
81933
81933
114705 49169 49152
32775
16385
49156
81934
81934
81933
81933
98321 114705 49152
32775
16385
16385
49156
81934
81934
81933
81933
32785 49152
32775
16385
16385
81934
81934
81934
81933
81933
114705 49169 49152
32775
16385
81934
81934
81934
81933
81933
114688
65537
114692
16386
98310
98306
81926
16391
114705 49152
32775
16385
81934
81934
81934
81933
81933
98321 49152
32775
81934
81934
81934
81934
81933
81933
32785 98321 49152
32775
81934
81934
81934
81934
81933
81933
32785 32785 49152
32775
81934
81934
81934
81934
81933
81933
98321 32785 49152
81934
81934
81934
81934
81934
81933
81933
81937 32785 98321 49152
81934
81934
81934
81934
81934
81933
81933
32785 32785 49152
81934
81934
81934
81934
81934
81933
81933
32785 81934
81934
81934
81934
81934
81934
81934
81933
81933
98321 98321 81934
14
65550
16398
32782
98318
49166
114702
32785 114688
65537
65537
114692
16386
98310
98306
98306
81926
16391
32785 114688
65537
114692
16386
98310
98306
81926
81926
81926
81926
81926
81926
81926
81926
16391
81937 32785 114688
65537
114692
16386
98310
98306
81926
81926
16391
32785 114688
65537
114692
16386
98310
98306
81926
81926
81926
81926
16391
98321 32786 81938 114688
65537
65537
114692
16386
98310
98306
81926
16391
32786 18 114688
65537
114692
16386
98310
98306
81926
81926
81926
81926
81926
16391
16391
16391
16391
16391
16391
16391
16402 81938 18 114706 114688
65537
114692
16386
98310
98306
98306
98306
81926
16391
16391
16391
16391
65554 114706 114688
65537
114692
16386
98310
98306
81926
16391
16391
16391
18 114688
65537
114692
16386
98310
98306
81926
16391
18 114688
65537
114692
16386
98310
98306
81926
16391
16391
16391
16391
16391
16391
16391
16391
16391
18 114688
65537
114692
114692
16386
98310
98306
81926
16391
16391
16391
16391
16391
65539
98309
32773
65543
6
32770
65541
98307
98307
65554 114688
65537
114692
16386
98310
98306
81926
16391
16391
18 65554 65554 114688
65537
114692
16386
98310
98306
81926
16391
65539
98309
32773
65543
6
32770
65541
98307
98307
98307
98307
49170 114688
65537
114692
16386
98310
98306
81926
16391
16391
16391
16391
114706 49170 114688
65537
114692
16386
16386
16386
16386
98310
98306
81926
16391
16391
18 49170 114688
65537
114692
16386
16386
98310
98306
81926
16391
114706 49170 114688
65537
114692
16386
98310
98306
81926
16391
16391
16391
16391
16391
16391
16391
65539
98309
32773
65543
65543
6
32770
65541
98307
98307
98307
18 114688
65537
114692
16386
98310
98306
98306
81926
16399
16399
16399
16399
16399
16399
49170 49170 114688
65537
114692
16386
98310
98306
81926
16399
18 65554 114688
65537
114692
16386
98310
98306
98306
81926
16399
18 114706 114688
65537
114692
16386
98310
98306
81926
16399
32786 114706 114688
65537
114692
114692
16386
98310
98306
98306
81926
16399
65539
98309
32773
65543
6
32770
65541
65541
98307
98307
98307
49170 114706 32786 114688
65537
114692
16386
98310
98306
81926
16399
114706 49170 114706 114688
65537
114692
16386
98310
98306
81926
16399
49170 98322 49170 114688
65537
114692
16386
98310
98306
81926
81926
16399
49170 114688
65537
114692
16386
98310
98306
81926
81926
16399
49170 49170 114688
65537
114692
114692
114692
16386
98310
98306
98306
98306
81926
16399
49170 114688
65537
114692
114692
16386
98310
98306
81926
16399
114706 114688
65537
114692
16386
98310
98306
81926
16399
98322 32786 114688
65537
114692
16386
98310
98306
81926
81926
16399
81938 98322 114688
65537
114692
114692
16386
16386
16386
98310
98306
81926
81926
81926
16399
16402 98322 98322 114688
65537
114692
114692
16386
98310
98306
81926
16399
32786 114688
65537
114692
16386
98310
98306
81926
16399
16402 81938 114688
65537
114692
16386
98310
98306
81926
81926
16399
65539
98309
32773
65543
6
32770
32770
65541
98307
98307
98307
32786 98322 81938 114688
65537
114692
16386
16386
98310
98306
16399
16399
16399
16399
81938 114688
65537
114692
16386
98310
98306
16399
16399
32786 32786 114688
65537
114692
16386
98310
98310
98306
16399
16399
16399
32786 114688
65537
114692
16386
98310
98306
98306
98306
16399
16399
32786 114688
65537
114692
16386
98310
98310
98310
98310
98306
16399
16399
16399
98322 16402 114688
65537
114692
16386
98310
32783
16399
16399
16399
16402 81938 114688
65537
114692
16386
98310
98310
98310
98310
32783
16399
16399
65554 16402 114688
65537
114692
16386
16386
16386
98310
98310
98310
32783
32783
32783
32783
16399
81938 18 16402 114688
65537
114692
16386
98310
32783
32783
32783
16399
18 114688
65537
114692
16386
16386
16386
32783
32783
32783
32783
16399
65554 18 81938 114688
65537
114692
16386
32783
32783
32783
32783
32783
32783
16399
16402 18 114688
65537
114692
16386
32783
32783
32783
32783
32783
16399
65554 49170 114688
65537
114692
114703
32783
32783
32783
16399
16399
18 49170 114688
65537
65537
114692
114703
32783
32783
32783
32783
32783
32783
16399
19 65555 49171 114688
65537
114692
114703
32783
32783
32783
32783
32783
32783
32783
32783
32783
16399
16399
65539
98309
32773
65543
6
32770
65541
98307
98307
98307
98307
98307
114707 49171 114688
65537
114692
114703
32783
32783
32783
32783
16399
114707 49171 19 114688
65537
65537
114703
114703
32783
32783
32783
16399
16399
65555 114707 65555 114688
65537
114703
114703
114703
114703
114703
32783
32783
16399
114707 65555 19 114688
114703
114703
114703
114703
32783
32783
16399
16403 114688
114703
114703
114703
114703
32783
32783
16399
65539
98309
32773
65543
6
32770
32770
65541
98307
65555 114688
114703
114703
114703
114703
32783
32783
16399
65555 114688
114703
114703
114703
114703
114703
32783
32783
32783
16399
16399
114707 49171 65555 114703
114703
114703
114703
114703
114703
32783
32783
16399
16399
19 114703
15
49167
65551
98319
81935
16
16
65552
65555 19 49171 65539
98309
32773
65543
6
32770
65541
98307
98307
19 98323 65539
98309
32773
65543
6
32770
65541
98307
98307
98307
98307
98307
49171 114707 49171 65539
98309
32773
65543
6
6
32770
65541
65541
98307
98307
49171 65539
98309
32773
65543
6
32770
32770
65541
65541
98307
98307
98323 32787 98323 49171 65539
98309
32773
65543
6
32770
65541
98307
98307
98307
98307
98307
98307
114707 49171 32787 65539
98309
32773
65543
6
32770
65541
98307
98307
98307
98307
98307
98307
98307
98307
114707 65539
98309
32773
65543
6
6
6
32770
65541
98307
98323 49171 65539
98309
32773
65543
65543
6
6
32770
65541
98307
98307
98307
114707 49171 114707 65539
98309
32773
65543
6
32770
65541
98307
98307
98307
98307
98307
49171 114707 65539
98309
32773
65543
6
32770
65541
65541
65541
65541
65541
98307
49171 98323 19 65539
98309
32773
65543
65543
65543
6
6
32770
65541
65541
98307
98307
98307
65539
98309
32773
65543
6
32770
65541
65541
65541
65541
65541
65541
98307
98307
32787 65539
98309
32773
65543
6
32770
65541
65541
65541
65541
98307
49171 114707 49171 114707 65539
98309
32773
65543
6
32770
65541
65541
65541
98307
49171 114707 65539
98309
32773
65543
6
32770
65541
65541
16400
16400
65539
98309
32773
65543
6
32770
65541
65541
16400
98323 65539
98309
32773
65543
6
32770
65541
16400
114707 65539
98309
32773
65543
6
32770
65541
65541
65541
16400
49171 65539
98309
32773
65543
6
32770
65541
16400
98323 32787 81939 65539
98309
32773
65543
65543
6
6
6
6
6
6
6
32770
65541
65541
16400
16400
16400
16400
32787 65539
98309
32773
65543
6
32770
65541
65541
65541
16400
16400
16400
16400
16400
98323 81939 65539
98309
32773
65543
6
6
6
32770
65541
16400
16400
16400
16400
16400
32787 32787 65539
98309
32773
65543
6
6
32770
32770
65541
16400
16400
98323 65555 65539
98309
32773
65543
6
32770
65541
16400
98323 65539
98309
32773
65543
6
32770
65541
16400
114707 65539
98309
32773
65543
6
32770
65541
16400
16400
16400
16400
16400
49171 32787 65539
98309
32773
65543
65543
6
32770
65541
16400
16400
16400
16400
114707 49171 65539
98309
32773
65543
6
32770
32770
65541
16400
114707 65539
98309
32773
65543
65543
6
32770
32770
32770
65541
16400
32787 32787 65539
98309
32773
65543
65543
6
32770
32770
65541
16400
16400
114707 65539
98309
32773
65543
6
32770
32770
65541
16400
16400
16400
32787 114707 114707 65539
98309
32773
65543
6
32770
32784
32784
32784
16400
16400
49171 114707 65539
98309
32773
65543
6
32770
32784
16400
16400
16400
49171 32787 65539
98309
32773
65543
6
32770
32784
16400
16400
114707 65539
98309
32773
65543
6
32770
32770
32784
32784
16400
16400
98323 65539
98309
32773
65543
6
32770
32784
16400
16400
16400
16400
16400
32787 114707 65539
98309
32773
65543
6
32770
32784
16400
16400
16400
32788 114708 32788 65539
98309
32773
65543
6
32770
32770
32770
32770
32770
32770
32770
32770
32784
16400
114708 20 65539
98309
32773
65543
6
32784
32784
16400
16400
65539
98309
32773
65543
6
32784
32784
16400
16400
16400
49172 49172 65539
98309
32773
65543
6
32784
32784
32784
98324 32788 65539
98309
32773
65543
6
32784
32784
32784
114708 114708 65539
98309
32773
65543
32784
32784
32784
32784
98324 65539
98309
32773
65543
65543
49168
32784
32784
32784
32788 98324 49172 65539
98309
32773
65543
65543
65543
49168
32784
32784
32784
98324 32788 49172 65539
98309
98309
98309
32773
49168
49168
32784
32784
32784
114708 49172 65539
98309
32773
49168
49168
32784
32784
32784
114708 49172 65556 65539
98309
32773
49168
49168
32784
32784
32784
65539
98309
32773
49168
49168
32784
32784
32784
49172 65539
98309
98309
98309
49168
49168
49168
32784
32784
32784
49172 65539
98309
98309
49168
49168
49168
32784
32784
32784
32788 65539
49168
49168
49168
49168
32784
32784
32784
49172 65539
49168
49168
49168
49168
32784
32784
32784
65539
49168
49168
49168
49168
32784
32784
32784
98324 32788 65539
49168
49168
49168
49168
32784
32784
32784
98324 49168
49168
49168
49168
49168
32784
32784
32784
32788 98324 49168
114704
98320
98320
98320
114705
49169
17
81936
16401
16401
49168
114704
98320
98320
114705
49169
17
81936
16401
32788 32788 16392
8
65544
65544
65544
114696
49160
49160
49160
98312
32776
9
98324 16392
8
65544
114696
49160
49160
49160
49160
49160
49160
98312
32776
9
32788 16392
8
8
65544
114696
49160
98312
32776
9
9
16404 65556 16392
8
65544
114696
114696
49160
98312
98312
32776
9
98324 16392
16392
8
65544
114696
114696
114696
114696
49160
98312
32776
9
65545
114697
32777
98313
49162
16393
81929
81929
81929
81929
81929
114698
81940 81940 16392
8
65544
114696
49160
98312
32776
32776
32776
9
20 16392
8
65544
114696
49160
98312
32776
9
9
9
20 16392
16392
16392
16392
8
65544
114696
49160
98312
32776
9
9
9
9
9
9
49172 32785
32785
8
65544
114696
49160
98312
32776
9
114708 49172 98324 16404 32785
32785
32785
8
65544
114696
49160
98312
98312
32776
32776
32776
32776
32776
9
32788 114708 49172 49172 32785
32785
32785
8
65544
114696
49160
98312
98312
98312
98312
32776
32776
32776
32776
32776
32776
32776
32776
32776
32776
32776
9
65545
114697
32777
98313
49162
49162
49162
49162
49162
49162
16393
81929
114698
49172 32785
8
65544
114696
49160
98312
98312
98312
98312
32776
32776
32776
32776
9
32788 32785
8
65544
114696
49160
98312
98312
98312
98312
98312
98312
98312
98312
98312
98312
32776
9
65545
65545
65545
114697
32777
98313
49162
49162
49162
16393
16393
81929
114698
65556 32785
8
65544
114696
49160
98312
32776
9
65545
114697
32777
98313
49162
16393
16393
81929
114698
114698
114698
49172 32785
8
65544
114696
49160
98312
32776
9
32788 32785
8
65544
114696
49160
98312
32776
9
114708 32788 114708 32785
8
65544
114696
49160
98312
32776
9
98324 32788 32785
8
65544
114696
49160
98312
32776
9
114708 49172 49172 32785
8
65544
114696
49160
98312
32776
9
114708 32785
8
65544
114696
49160
98312
32776
9
32788 114708 32785
8
65544
114696
49160
98312
32776
9
49172 32785
8
65544
114696
49160
98312
32776
9
49172 49172 32785
8
65544
114696
49160
98312
32776
9
98324 32785
8
65544
114696
49160
98312
32776
9
65545
65545
114697
32777
98313
49162
16393
81929
114698
114698
49172 114708 32788 32785
8
65544
114696
49160
98312
32776
9
98324 16405 32785
8
65544
114696
49160
98312
32776
9
98325 32789 32785
8
65544
114696
49160
98312
32776
9
32789 32785
8
65544
114696
49160
49160
49160
98312
32776
9
98325 16405 98325 32785
8
65544
114696
49160
98312
32776
32776
9
16405 81941 32789 98325 32785
8
65544
114696
114696
114696
49160
98312
32776
9
21 32785
8
65544
114696
114696
49160
98312
32776
9
81941 16405 32785
8
65544
65544
65544
65544
114696
49160
98312
98312
32776
9
16405 32785
8
65544
65544
65544
65544
114696
49160
98312
32776
9
65557 16405 32785
8
8
8
8
8
65544
65544
114696
49160
98312
32776
9
81941 32785
8
65544
65544
65544
114696
114696
49160
49160
98312
98312
32776
32776
9
81941 16405 32785
8
65544
114696
49160
98312
98312
32776
9
81941 32785
8
65544
114696
49160
98312
32776
9
65557 32785
8
8
8
8
8
65544
114696
114696
114696
114696
114696
49160
49160
49160
49160
49160
49160
98312
32776
9
16405 32785
8
65544
114696
114696
49160
98312
32776
9
81941 32785
8
65544
114696
49160
98312
32776
9
16405 65557 81941 32785
8
65544
114696
49160
98312
32776
9
16405 32785
8
65544
114696
49160
98312
32785
9
9
81941 32785
8
65544
114696
49160
65553
32785
9
16405 81941 32785
8
65544
114696
49160
65553
32785
9
65557 21 32785
8
65544
114696
49160
65553
32785
9
9
81941 32785
8
65544
114696
49160
65553
65553
65553
65553
65553
65553
9
21 32785
8
65544
65544
114696
49160
65553
65553
9
81941 32785
8
65544
114696
65553
65553
65553
65553
65553
65553
65553
9
16405 32785
8
65544
114696
65553
65553
65553
9
81941 16405 32785
8
8
65544
81937
81937
65553
65553
65553
65553
9
16405 32785
8
8
81937
81937
65553
65553
65553
65553
65553
9
81941 16405 81941 32785
81937
81937
81937
81937
65553
65553
81937
16405 16405 32785
81937
81937
81937
81937
81937
65553
65553
81937
65557 21 32785
81937
81937
81937
81937
65553
65553
81937
81941 32785
81937
81937
81937
81937
81937
81937
65553
65553
65553
81937
81941 32785
81937
81937
81937
81937
65553
65553
81937
16405 49173 32785
81937
81937
81937
81937
65553
65553
81937
21 32785
81937
81937
81937
81937
65553
65553
65553
65553
81937
49173 65557 32785
81937
81937
81937
81937
65553
65553
65553
81937
65557 32785
81937
81937
81937
81937
65553
65553
65553
65553
65553
65553
65553
65553
65553
81937
21 65557 21 32785
81937
81937
81937
81937
65553
65553
81937
114709 32785
81937
81937
81937
81937
65553
65553
81937
65557 21 65557 81937
98321
98321
18
32786
81938
65554
16402
49170
49170
49170
114709 21 65545
65545
114697
32777
98313
49162
16393
81929
114698
114698
49173 81941 65545
65545
114697
32777
98313
49162
16393
81929
114698
16394
81930
16395
32778
32779
98314
65546
11
49173 65545
114697
32777
98313
49162
16393
81929
114698
21 49173 21 114706
114706
114697
32777
98313
49162
16393
81929
114698
65557 21 114706
114697
32777
98313
49162
16393
81929
114698
65557 21 114709 114706
114697
32777
98313
49162
16393
81929
114698
21 114706
114697
114697
32777
98313
49162
16393
81929
114698
114709 114706
114697
32777
98313
49162
16393
81929
114698
16394
81930
16395
32778
32779
98314
65546
11
21 114706
114697
114697
32777
98313
49162
16393
81929
114698
21 65557 114706
114697
32777
98313
98313
49162
16393
81929
114698
22 65558 114706
114697
32777
98313
49162
16393
81929
114698
81942 114706
114697
114697
114697
114697
114697
114697
32777
98313
49162
16393
81929
114698
16394
81930
16395
32778
32779
98314
65546
11
22 114710 114706
114697
114697
32777
98313
98313
49162
16393
81929
114698
65558 114706
114697
114697
32777
32777
98313
49162
16393
81929
114698
114710 49174 114706
114697
32777
98313
49162
16393
81929
114698
19
81930
16395
32778
32779
98314
98314
65546
11
65558 22 114706
114697
114697
32777
98313
49162
16393
81929
114698
49174 65558 114706
114697
32777
32777
98313
49162
16393
81929
114698
22 22 114706
114697
32777
98313
49162
16393
81929
114698
22 114706
114697
32777
98313
49162
16393
81929
81929
114698
19
81930
16395
32778
32779
32779
32779
98314
65546
11
65558 114710 114706
114697
32777
98313
98313
49162
16393
81929
114698
19
81930
16395
32778
32779
98314
65546
11
49174 114710 22 114706
114697
32777
98313
49162
16393
81929
114698
19
19
19
81930
16395
32778
32779
32779
98314
65546
11
49174 114710 114706
114697
32777
98313
49162
16393
81929
114698
49174 114706
114697
32777
98313
98313
98313
98313
98313
98313
98313
98313
49162
49162
16393
81929
114698
98326 49174 114706
114697
32777
98313
49162
16393
81929
81929
114698
114710 98326 114706
114697
32777
32777
32777
32777
32777
98313
49162
49162
49162
16393
81929
114698
114710 114706
114697
32777
98313
98313
98313
98313
98313
49162
16393
81929
114698
114698
32790 114710 114706
114697
32777
32777
32777
32777
32777
32777
32777
32777
32777
98313
49162
49162
16393
81929
114698
32790 114706
114697
32777
98313
49162
16393
16393
81929
114698
114698
49174 114706
114697
32777
98313
49162
16393
81929
81929
114698
114698
98326 32790 98326 32790 114706
114697
32777
98313
49162
16393
81929
114698
98326 16406 114706
114697
32777
98313
49162
16393
81929
114698
98326 114706
114697
32777
98313
49162
16393
81929
81929
114698
98326 114706
114706
114697
32777
98313
49162
16393
16393
81929
114698
114698
114698
114698
19
19
19
81930
16395
32778
32779
98314
65546
11
32790 114706
114697
32777
98313
49162
16393
16393
81929
114698
114698
114698
98326 16406 114706
114697
32777
98313
49162
16393
16393
16393
16393
16393
16393
16393
81929
81929
81929
81929
81929
81929
114698
114698
16406 114706
114697
32777
98313
49162
16393
16393
16393
16393
16393
81929
81929
81929
81929
81929
114698
98326 114706
114697
32777
98313
49162
16393
16393
16393
81929
114698
16406 81942 49174 114706
114706
114706
114706
114706
114706
114697
32777
98313
49162
49162
16393
16393
49171
114698
19
81930
16395
32778
32779
98314
98314
98314
98314
98314
65546
11
32790 114706
114697
32777
98313
49162
16393
49171
114698
81942 16406 32790 114706
114706
114706
114706
114706
114697
32777
98313
49162
49171
49171
114698
98326 32790 114706
114697
32777
98313
49162
49171
49171
49171
114698
81942 32790 81942 114706
114697
32777
98313
49162
49171
49171
114698
32790 16406 114706
114706
114697
32777
98313
49171
49171
49171
49171
49171
16403
16403
81942 32790 81942 114706
114697
16403
16403
49171
49171
49171
49171
16403
32790 98326 16406 114706
114697
16403
16403
49171
49171
49171
49171
49171
16403
16403
16403
16403
16403
16403
16403
16406 22 114706
114697
16403
16403
49171
49171
49171
16403
81942 114706
114697
16403
16403
49171
49171
49171
16403
22 81942 16406 114706
16403
16403
16403
49171
49171
49171
16403
81942 22 81942 114706
16403
16403
16403
49171
49171
49171
49171
16403
16403
65558 22 114706
16403
16403
16403
49171
49171
49171
16403
16403
16403
16403
81942 16406 81942 114706
16403
16403
16403
49171
49171
49171
49171
49171
49171
16403
19
81930
16395
32778
32779
32779
98314
65546
11
16407 114706
16403
16403
16403
49171
49171
49171
16403
81943 23 114706
16403
16403
16403
49171
49171
49171
16403
16407 114706
16403
16403
16403
49171
49171
49171
49171
16403
81943 16407 16407 32787
16403
16403
16403
49171
49171
49171
16403
81943 32787
16403
16403
16403
32787
49171
49171
16403
23 65559 16407 23 32787
32787
16403
16403
32787
49171
49171
16403
81943 32787
98323
114707
81939
81939
20
20
20
20
65555
65556
65556
65556
49172
49172
49172
16407 81943 23 19
81930
16395
32778
32779
98314
98314
98314
65546
11
65559 49175 19
81930
81930
16395
32778
32778
32778
32778
32778
32778
32779
32779
98314
65546
11
81943 19
19
81930
16395
32778
32779
98314
65546
11
65559 19
81930
16395
32778
32778
32778
32779
98314
98314
98314
98314
98314
98314
98314
98314
98314
98314
65546
11
81943 19
81930
81930
16395
32778
32779
98314
65546
11
23 19
81930
16395
32778
32778
32778
32779
32779
32779
32779
98314
65546
11
81943 16407 16407 19
19
19
81930
16395
32778
32778
32778
32778
32778
32778
32779
98314
65546
11
65559 65559 19
19
19
19
81930
16395
32778
32779
98314
65546
11
23 81943 19
19
19
19
19
19
19
81930
16395
32778
32779
98314
65546
11
65559 19
81930
81930
16395
32778
32779
98314
65546
11
81931
98315
49164
114700
114699
32780
32780
12
16396
16396
23 23 19
19
19
81930
16395
32778
32779
98314
65546
11
49175 23 19
19
81930
16395
32778
32779
98314
65546
11
23 19
19
19
19
81930
16395
32778
32779
98314
65546
11
65559 19
81930
16395
32778
32779
98314
65546
11
114711 114711 19
81930
16395
16395
16395
32778
32779
98314
65546
11
11
11
65559 23 23 19
81930
16395
32778
32779
98314
65546
11
49175 19
81930
16395
16395
16395
16395
16395
32778
32779
98314
65546
11
11
23 19
81930
16395
32778
32779
98314
65546
11
65559 114711 19
81930
16395
32778
32779
98314
65546
11
23 65559 19
19
19
81930
16395
32778
32779
98314
65546
11
11
23 49175 65559 19
19
81930
16395
32778
32779
98314
65546
11
11
11
11
65559 19
19
81930
16395
32778
32779
98314
65546
11
11
11
11
11
11
23 19
19
19
19
19
81930
16395
32778
32779
98314
65546
11
11
49175 23 49175 65559 19
81930
16395
32778
32779
98314
65546
65546
65546
11
81931
98315
49164
114700
114699
114699
32780
32780
12
16396
23 114708
81930
16395
32778
32779
98314
65546
65546
65546
65546
11
11
65559 23 23 114708
81930
16395
32778
32779
98314
65546
11
65559 114708
81930
16395
32778
32779
98314
65546
65546
65546
65546
65546
11
23 114708
81930
16395
32778
32779
98314
65546
65546
11
23 114708
81930
16395
32778
32779
98314
65546
11
81931
98315
49164
114700
114699
114699
114699
114699
114699
32780
32780
32780
32780
12
16396
49175 49175 114708
114708
81930
16395
32778
32779
98314
65546
65546
11
23 49175 114708
81930
16395
32778
32779
98314
65546
65546
11
65559 49175 114708
114708
114708
114708
81930
16395
32778
32779
98314
65546
65546
65546
65546
65546
65546
11
65559 114708
81930
16395
32778
32779
98314
65546
11
23 65559 114708
81930
16395
32778
32779
98314
65546
11
23 65559 114708
81930
16395
32778
32779
98314
98314
114708
11
23 49175 114711 23 114708
81930
16395
32778
32779
32779
32779
32779
114708
114708
11
49175 114708
81930
16395
32778
16404
114708
114708
114708
11
114711 114711 114708
81930
16395
16395
16395
32778
16404
114708
114708
11
114711 49175 114708
81930
16395
16404
16404
114708
114708
16404
114711 32791 32792 114708
81930
16395
16404
16404
114708
114708
114708
16404
81931
98315
49164
114700
114699
32780
32780
32780
32780
32780
32780
32780
12
16396
98328 32792 114708
81930
16395
16404
16404
16404
114708
16404
81931
98315
98315
98315
49164
114700
114699
114699
114699
114699
114699
32780
12
16396
114712 32792 98328 114708
114708
81930
16395
16395
16404
16404
16404
114708
16404
114712 24 114708
114708
81930
16404
16404
16404
16404
114708
16404
81931
98315
49164
114700
114699
114699
32780
32780
32780
12
16396
98328 114708
114708
81930
16404
16404
16404
16404
114708
16404
16404
49176 114708
81930
16404
16404
16404
16404
114708
16404
16404
114712 49176 98328 114708
114708
81930
16404
16404
16404
16404
114708
16404
49176 114712 49176 114708
81930
16404
16404
16404
16404
114708
16404
114712 114708
81930
32788
16404
16404
16404
114708
16404
49176 114712 114708
81930
32788
16404
16404
16404
114708
114708
16404
49176 114712 114708
32788
32788
16404
16404
16404
114708
16404
98328 114712 114708
32788
32788
16404
16404
16404
114708
16404
81931
98315
49164
114700
114699
114699
114699
114699
32780
12
16396
32792 98328 114708
32788
32788
16404
16404
16404
114708
16404
49176 114712 32788
81940
98324
21
21
81941
16405
32789
49173
49176 81931
81931
81931
98315
98315
98315
49164
114700
114699
32780
12
16396
114712 98328 81931
98315
49164
114700
114699
32780
12
16396
16396
114712 81931
98315
49164
114700
114699
32780
12
16396
49176 98328 49176 81931
98315
49164
114700
114699
32780
12
16396
98328 114712 81931
98315
49164
114700
114699
32780
12
16396
32792 98328 49176 81931
98315
98315
49164
114700
114699
32780
12
16396
114712 49176 81931
81931
98315
98315
49164
114700
114699
32780
12
16396
114712 49176 81931
98315
49164
114700
114699
32780
12
16396
98328 81931
98315
98315
49164
114700
114699
32780
12
16396
49176 81931
98315
49164
114700
114699
32780
12
16396
16396
16396
16396
16396
114712 81931
98315
49164
114700
114699
32780
12
16396
114712 81931
98315
49164
114700
114699
32780
12
16396
16396
16396
114712 81931
98315
49164
114700
114699
32780
12
16396
16396
32792 81944 81931
98315
49164
114700
114699
32780
12
16396
32792 98328 16408 81931
98315
49164
114700
114699
32780
12
12
16396
98328 32792 98328 81931
98315
49164
114700
114699
32780
12
16396
16396
16408 81931
98315
49164
114700
114699
32780
12
16396
16396
98328 16408 81931
98315
49164
114700
114699
114699
32780
12
16396
16396
16396
16396
32792 16408 81931
98315
49164
114700
114699
32780
12
16396
81944 81931
98315
49164
114700
114699
114699
114699
32780
12
16396
16408 81931
98315
49164
114700
114699
32780
12
16396
81944 24 24 81931
98315
49164
114700
114699
32780
12
16396
13
32781
32781
81932
98317
98317
49165
49165
49165
49165
114701
114701
114701
114701
114701
114701
16397
65549
81944 81931
98315
49164
114700
114699
32780
12
16396
24 81931
98315
49164
114700
114699
32780
32780
12
12
16396
24 81931
98315
49164
114700
114699
32780
12
16396
65560 16408 16408 81931
98315
49164
114700
114699
32780
12
16396
13
32781
32781
81932
98317
49165
114701
16397
65549
16408 81931
98315
49164
114700
114699
32780
12
12
16396
13
32781
81932
81932
98317
49165
49165
114701
114701
114701
114701
16397
65549
81944 81931
98315
49164
114700
114699
114699
32780
12
16396
16408 81931
98315
49164
114700
114699
32780
12
16396
81944 81944 81931
81931
81931
81931
98315
49164
114700
114699
32780
32780
12
16396
25 81945 81931
98315
49164
114700
114699
32780
12
16396
25 81931
98315
49164
49164
114700
114700
114699
32780
12
16396
81945 16409 81931
98315
49164
114700
114700
114699
32780
32780
32780
12
16396
32793 81931
98315
49164
114700
114700
114700
114699
32780
12
16396
13
32781
81932
98317
49165
49165
114701
114701
114701
114701
16397
65549
49177 65557
98315
49164
114700
114700
114699
32780
12
16396
25 25 65557
98315
49164
49164
114700
114700
114700
114699
65557
12
16396
65561 25 65557
98315
98315
49164
49164
49164
114700
114699
65557
12
16396
49177 81945 65557
98315
98315
98315
98315
98315
98315
49164
114700
114699
65557
12
16396
13
32781
81932
98317
49165
49165
49165
49165
49165
114701
114701
114701
114701
114701
16397
65549
25 49177 65557
98315
98315
98315
98315
49164
49164
49164
49164
114700
114700
114700
114700
114700
114700
114700
114700
114700
65557
65557
12
16396
25 65561 49177 65557
114709
114709
114709
65557
65557
12
16396
81945 65557
114709
114709
114709
114709
65557
65557
12
16396
13
32781
81932
98317
49165
49165
49165
49165
114701
114701
16397
65549
114713 65557
114709
114709
114709
114709
114709
114709
114709
65557
65557
12
114709
114713 65557
114709
114709
114709
65557
65557
12
114709
65561 25 65557
114709
114709
114709
65557
65557
12
114709
65561 49177 65557
114709
114709
114709
65557
65557
65557
12
114709
25 114713 65557
114709
114709
114709
65557
65557
12
114709
65561 114713 65557
114709
114709
114709
65557
65557
65557
65557
12
114709
65561 114713 65561 65557
114709
114709
114709
65557
65557
12
114709
13
32781
81932
98317
49165
49165
114701
16397
65549
25 65557
114709
114709
114709
65557
65557
12
114709
65561 114713 65557
114709
114709
114709
65557
65557
12
114709
65561 25 65561 65557
114709
114709
114709
65557
65557
12
114709
25 114713 65557
114709
114709
114709
65557
65557
12
22
114713 65557
114709
114709
114709
65557
65557
22
22
22
49177 98329 49177 65557
114709
114709
114709
65557
65557
22
22
22
114713 114713 65557
114709
114709
114709
65557
65557
65557
65557
22
22
32793 49177 22
65558
32790
16406
16406
81942
81942
49174
98326
98325
114713 32793 13
32781
32781
81932
98317
98317
49165
49165
49165
49165
49165
49165
49165
49165
114701
114701
114701
114701
114701
16397
65549
49177 13
32781
81932
81932
81932
98317
49165
49165
114701
16397
65549
114713 32793 114713 13
32781
81932
98317
49165
114701
114701
16397
65549
32793 114713 49177 13
32781
32781
32781
81932
98317
98317
49165
114701
114701
114701
16397
65549
114713 114713 13
32781
32781
81932
98317
49165
49165
114701
16397
65549
81934
81934
81934
81934
14
65550
16398
32782
98318
49166
49166
49166
114702
49177 114713 13
32781
81932
98317
98317
98317
49165
49165
114701
16397
65549
49177 114713 32793 13
32781
81932
81932
98317
98317
49165
49165
49165
49165
114701
114701
16397
65549
114713 98329 13
32781
81932
98317
49165
114701
114701
16397
65549
32793 114713 49177 13
32781
81932
81932
98317
49165
114701
16397
65549
98329 13
32781
81932
81932
81932
98317
49165
49165
49165
49165
114701
16397
65549
98329 13
32781
32781
81932
98317
49165
114701
16397
65549
32793 114713 49177 13
32781
81932
81932
81932
81932
98317
98317
49165
114701
114701
114701
114701
114701
16397
65549
65561 13
32781
81932
81932
98317
49165
49165
114701
114701
114701
16397
65549
81934
14
65550
16398
32782
98318
49166
49166
49166
114702
114702
114702
114702
32793 13
32781
81932
81932
81932
81932
81932
98317
49165
114701
114701
114701
114701
114701
114701
114701
114701
114701
16397
65549
98329 25 13
32781
81932
98317
49165
49165
23
16397
65549
114710
14
65550
16398
32782
98318
49166
114702
114713 13
32781
81932
98317
98317
49165
49165
49165
49165
49165
23
16397
65549
49177 114713 32793 13
32781
81932
98317
98317
23
23
16397
65549
98330 13
32781
81932
98317
23
23
16397
65549
32794 98330 13
32781
81932
98317
23
23
16397
65549
16410 98330 32794 13
32781
81932
98317
23
23
16397
65549
32794 13
32781
32781
81932
98317
23
23
16397
65549
81946 13
32781
81932
98317
23
23
16397
65549
65562 16410 13
32781
81932
98317
98317
23
23
16397
65549
65562 13
32781
32781
81932
98317
23
23
16397
65549
114714 49178 13
32781
81932
98317
23
23
16397
65549
26 49178 26 13
32781
81932
98317
23
23
16397
65549
114710
14
65550
16398
32782
98318
98318
49166
49166
114702
65562 26 65562 13
32781
81932
98317
23
23
16397
65549
65562 13
32781
81932
98317
23
23
16397
65549
114714 13
32781
81932
98317
23
23
16397
65549
65562 65562 13
32781
81932
98317
98317
23
23
23
16397
65549
65562 13
32781
81932
98317
98317
98317
65559
23
16397
65549
49178 13
32781
81932
98317
65559
23
16397
65549
114714 49178 65562 13
32781
81932
98317
98317
98317
65559
23
16397
65549
114710
14
65550
16398
32782
98318
49166
114702
114702
114702
114702
114714 13
32781
81932
98317
65559
23
16397
65549
49178 32794 13
32781
81932
98317
65559
23
16397
65549
114710
14
65550
16398
32782
98318
49166
49166
49166
49166
49166
49166
49166
49166
114702
81946 13
32781
81932
98317
65559
23
16397
65549
32794 13
32781
81932
98317
98317
65559
23
16397
65549
81946 32794 98330 13
32781
81932
98317
65559
23
16397
65549
114710
14
65550
16398
32782
98318
98318
98318
49166
49166
49166
49166
114702
98330 32794 13
32781
65559
65559
65559
23
16397
65549
114710
14
65550
16398
32782
32782
98318
49166
49166
49166
114702
114702
16410 13
32781
65559
65559
65559
65559
65559
65559
23
16397
65549
114710
14
65550
16398
32782
98318
49166
49166
114702
114702
98330 13
32781
65559
65559
65559
65559
23
16397
65549
32794 81946 13
32781
65559
65559
65559
23
23
23
16397
65549
98330 32794 98330 98330 13
32781
65559
65559
65559
65559
23
16397
65549
114710
14
65550
16398
32782
98318
49166
49166
114702
114702
114702
65562 13
32781
65559
65559
65559
65559
23
16397
65549
16410 13
32781
65559
65559
65559
65559
23
16397
65549
81946 32794 98330 13
49175
65559
65559
65559
23
23
16397
65549
32794 98330 98330 13
49175
65559
65559
49175
65559
23
16397
65549
65562 13
49175
65559
49175
65559
23
16397
65549
114710
14
65550
16398
32782
32782
32782
98318
49166
49166
114702
114702
26 65562 13
49175
65559
65559
65559
49175
65559
23
16397
65549
26 49178 26 13
49175
65559
49175
65559
23
16397
65549
65562 114714 16410 13
49175
65559
49175
65559
23
16397
65549
114710
14
65550
16398
32782
98318
49166
114702
32794 13
49175
65559
49175
65559
23
16397
65549
114714 13
49175
65559
49175
65559
23
16397
65549
114710
14
65550
16398
32782
98318
49166
114702
114702
114702
114702
32794 98330 98330 13
49175
65559
49175
65559
65559
23
16397
65549
114710
14
65550
16398
32782
98318
49166
114702
114702
114702
114702
114702
114702
114702
114702
114702
114714 13
49175
65559
49175
65559
23
16397
65549
114710
14
65550
16398
32782
98318
49166
49166
114702
114702
98330 49175
32791
32791
32791
32791
32791
32791
32791
32791
32791
32791
32791
81943
16407
98327
98327
114711
98328
24
32794 98330 114710
14
65550
16398
32782
32782
98318
49166
49166
49166
49166
114702
114702
114703
15
49167
65551
98319
81935
16
65552
32795 98331 16411 114710
14
65550
16398
32782
98318
49166
49166
49166
114702
81947 32795 81947 114710
14
65550
16398
32782
98318
49166
114702
114702
114702
114702
114702
114702
16411 98331 16411 98331 114710
14
65550
16398
32782
32782
98318
49166
49166
49166
114702
114703
15
49167
65551
98319
81935
81935
81935
16
65552
32795 81947 16411 114710
14
65550
16398
32782
98318
49166
114702
114703
15
49167
65551
65551
98319
81935
81935
81935
81935
81935
16
65552
81947 16411 65563 114710
14
65550
16398
32782
32782
98318
49166
114702
16411 16411 114710
14
65550
16398
32782
98318
98318
98318
49166
114702
81947 81947 114710
14
65550
16398
32782
98318
49166
114702
114703
15
49167
65551
98319
81935
16
65552
27 65563 114710
114710
14
65550
16398
32782
98318
49166
114702
27 114710
114710
14
65550
16398
32782
98318
49166
114702
49179 49179 114710
14
65550
16398
32782
98318
98318
49166
114702
114703
15
49167
65551
98319
81935
16
65552
27 65563 114710
14
65550
16398
32782
98318
98318
98318
49166
114702
27 27 114710
14
65550
16398
32782
98318
49166
114702
65563 114710
114710
114710
114710
14
65550
16398
32782
32782
98318
49166
114702
27 114710
114710
14
65550
16398
32782
98318
49166
114702
65563 27 114710
114710
14
65550
16398
32782
98318
98318
49166
114702
114715 65563 114710
114710
14
65550
16398
32782
98318
49166
114702
65563 114710
14
65550
16398
32782
98318
49166
114702
114715 32795 32795 114710
114710
114710
14
65550
16398
32782
32782
32782
98318
98318
49166
16408
32795 114710
14
65550
16398
32782
98318
16408
16408
49179 32795 114710
114710
14
65550
16398
32782
98318
16408
16408
49179 114710
114710
114710
114710
14
65550
16398
32782
98318
98318
16408
16408
114715 49179 114710
114710
114710
114710
14
65550
16398
32782
98318
98318
16408
16408
49179 114710
14
65550
16398
32782
32782
98318
98318
98318
98318
16408
16408
49179 114710
14
65550
16398
32782
32782
32782
98318
16408
16408
32795 81947 114710
14
65550
16398
32782
32782
32782
98318
16408
16408
81947 81947 114710
14
65550
16398
32782
98318
16408
16408
114703
15
49167
65551
98319
81935
16
65552
65552
65552
27 114710
14
65550
16398
32782
98318
16408
16408
27 27 114710
14
65550
16398
32782
98318
16408
16408
49179 114710
14
65550
16398
32782
98318
16408
16408
114715 114710
14
65550
16398
32782
98318
16408
16408
16411 114710
14
65550
16398
32782
98318
16408
16408
114703
15
49167
65551
98319
81935
16
65552
65552
65563 65563 114710
14
65550
16398
16398
32782
16408
16408
16408
114715 65563 81947 32792
14
65550
16398
32792
16408
16408
16408
114703
15
49167
65551
65551
98319
81935
16
65552
27 32792
14
65550
16398
32792
32792
16408
16408
65563 65563 32792
14
65550
16398
32792
32792
16408
16408
49179 32792
14
65550
16398
16398
32792
32792
16408
16408
27 27 32792
14
65550
16398
32792
32792
16408
16408
65563 27 32792
14
65550
16398
32792
32792
16408
16408
27 32792
14
65550
65550
32792
32792
32792
16408
16408
16408
114703
15
49167
49167
65551
65551
98319
81935
16
16
65552
65563 114715 49179 32792
14
65550
65550
32792
32792
32792
32792
32792
16408
16408
16408
27 27 32792
14
14
65550
32792
32792
32792
32792
16408
16408
16408
16408
27 32792
14
65550
65550
32792
32792
32792
32792
32792
16408
16408
65563 114715 65564 32792
14
14
14
32792
32792
32792
32792
32792
32792
16408
16408
114716 28 32792
81944
81944
32792
32792
32792
32792
32792
32792
16408
16408
65564 65564 32792
81944
81944
32792
32792
32792
32792
16408
16408
28 65564 32792
81944
81944
32792
32792
32792
32792
32792
16408
16408
81948 81944
49176
114712
65560
65561
25
49177
16409
16409
114703
15
15
15
49167
65551
98319
81935
16
65552
65552
65552
28 49180 65564 114703
15
49167
65551
98319
81935
16
16
65552
65552
28 114703
15
49167
65551
98319
81935
16
16
16
65552
65552
114716 65564 114703
15
49167
49167
65551
98319
81935
16
16
65552
65564 114703
15
49167
49167
65551
98319
81935
16
65552
65564 114703
15
49167
65551
98319
81935
81935
16
65552
114716 114716 114703
15
49167
65551
98319
81935
81935
16
65552
98332 114716 65564 114703
15
49167
65551
98319
81935
16
65552
28 49180 114716 114703
15
49167
65551
98319
98319
81935
81935
16
65552
114716 49180 114703
15
49167
65551
98319
81935
16
16
16
16
65552
65564 28 114703
15
49167
65551
98319
98319
81935
81935
81935
81935
16
65552
65552
114716 114703
15
49167
65551
98319
98319
81935
81935
16
65552
114716 65564 114703
15
49167
65551
98319
98319
98319
81935
81935
81935
16
65552
65552
65564 114703
15
49167
65551
98319
81935
81935
81935
16
65552
28 49180 32796 114703
15
49167
65551
98319
98319
98319
98319
98319
98319
81935
81935
16
65552
81948 32796 114703
15
49167
65551
98319
81935
16
65552
32796 32796 114703
15
49167
65551
98319
81935
16
16
65552
49180 114703
15
49167
65551
98319
81935
16
65552
49168
114704
98320
114705
49169
17
81936
16401
98332 32793
32793
15
49167
65551
98319
81935
16
65552
65552
81948 16412 32793
32793
32793
15
49167
65551
98319
81935
16
65552
98332 98332 32793
15
49167
65551
98319
81935
16
65552
49168
114704
98320
114705
49169
17
81936
81936
16401
16412 98332 32793
15
49167
65551
98319
81935
16
65552
32796 98332 16412 32793
15
49167
65551
98319
81935
16
65552
65552
16412 81948 32793
15
49167
65551
65551
98319
81935
16
16
65552
49168
114704
98320
114705
49169
17
81936
16401
28 16412 32793
15
15
49167
65551
98319
81935
81935
16
16
65552
49168
114704
98320
114705
49169
17
81936
81936
81936
16401
16401
28 32793
15
49167
65551
65551
98319
81935
16
16
65552
81948 16412 28 32793
15
49167
65551
98319
81935
81935
16
65552
81948 16412 32793
15
49167
65551
98319
98319
81935
81935
81935
16
16
65552
16412 32793
15
49167
65551
98319
98319
98319
81935
16
65552
16412 32793
15
49167
65551
98319
98319
81935
16
65552
65564 81948 32793
15
49167
65551
98319
98319
98319
81935
16
16
16
65552
16412 65564 81948 32793
15
49167
65551
98319
98319
98319
98319
98319
32793
16
65552
16412 32793
15
49167
49167
49167
65551
32793
32793
16
65552
65552
16412 32793
15
49167
65551
32793
32793
16
65552
65564 32793
15
49167
65551
32793
32793
16
16
65552
65552
98332 32793
15
49167
65551
98329
98329
32793
98329
65552
49168
114704
98320
114705
49169
17
81936
81936
16401
16401
16401
16401
16412 32793
15
49167
65551
98329
98329
32793
98329
65552
65552
65552
65564 28 32793
15
49167
65551
98329
32793
98329
98329
65564 28 81948 32793
15
49167
65551
98329
32793
98329
98329
16412 32793
15
49167
65551
98329
32793
98329
98329
81948 65565 32793
15
49167
65551
98329
32793
98329
98329
16413 81949 32793
15
49167
65551
98329
32793
98329
98329
16413 81949 16413 32793
15
49167
65551
98329
32793
98329
98329
29 32793
15
49167
65551
98329
32793
98329
98329
81949 65565 32793
15
49167
65551
98329
32793
98329
98329
29 32793
15
49167
65551
98329
32793
98329
98329
81949 81949 32793
15
49167
65551
98329
32793
98329
98329
16413 32793
15
49167
65551
98329
32793
98329
98329
29 32793
15
98329
98329
98329
32793
98329
98329
65565 32793
15
98329
98329
98329
32793
98329
98329
114717 65565 32793
114713
98329
98329
98329
32793
98329
98329
29 32793
114713
98329
98329
98329
32793
98329
98329
29 32793
114713
98329
114713
98329
32793
98329
98329
49181 65565 114713
32794
26
16410
81945
114714
114714
114714
114714
49178
65562
49168
114704
98320
114705
49169
17
81936
81936
81936
81936
81936
81936
81936
16401
29 65565 29 49168
114704
98320
114705
49169
17
81936
81936
16401
49168
114704
98320
114705
49169
17
81936
81936
81936
16401
65565 114717 49168
114704
98320
114705
49169
17
17
81936
16401
49181 49168
114704
98320
114705
49169
17
81936
81936
81936
81936
81936
81936
16401
49168
114704
98320
114705
49169
17
81936
81936
16401
114717 32797 114717 49168
114704
98320
114705
114705
49169
17
17
17
17
17
17
81936
16401
49181 114717 32797 49168
114704
98320
114705
49169
17
81936
81936
16401
98333 49181 49181 49168
114704
98320
114705
114705
49169
17
17
81936
81936
81936
81936
16401
114717 49168
114704
98320
114705
49169
17
17
17
81936
16401
49181 114717 49181 49168
114704
98320
114705
49169
17
81936
81936
16401
98333 49181 49168
114704
98320
114705
49169
17
81936
81936
16401
65565 49168
114704
98320
114705
49169
17
81936
81936
81936
16401
49168
114704
98320
114705
49169
17
81936
16401
32797 49168
114704
98320
114705
49169
17
81936
16401
32797 49168
114704
98320
114705
49169
17
17
81936
16401
98333 49168
114704
98320
114705
49169
17
17
17
81936
16401
32797 49168
114704
98320
114705
49169
17
17
17
81936
16401
98333 16413 98333 49168
114704
98320
114705
49169
17
17
81936
81936
81936
81936
81936
81936
16401
81949 32797 81946
114704
98320
114705
49169
49169
49169
17
17
17
17
81936
16401
98333 32797 81946
114704
98320
114705
49169
17
17
81936
81936
81936
16401
98333 81946
114704
98320
114705
49169
17
81936
16401
16413 32797 81946
114704
98320
114705
49169
17
17
81946
16401
98333 16413 81946
114704
98320
114705
114705
49169
17
81946
16401
32797 81946
114704
98320
114705
49169
49169
17
81946
16401
98333 32797 49181 81946
81946
114704
98320
114705
49169
49169
17
81946
16401
81946
81946
81946
81946
114704
98320
114705
49169
17
81946
16401
98333 81946
81946
81946
81946
114704
98320
114705
49169
17
81946
16401
98333 81946
81946
81946
81946
114704
98320
114705
49169
49169
17
81946
16401
32797 81949 98333 81946
114704
98320
114705
49169
17
81946
16401
16413 81949 81946
114704
98320
114705
49169
17
81946
16401
32797 81949 16413 98333 81946
114704
98320
114705
114705
49169
17
81946
16401
32797 98333 81946
114704
98320
114705
49169
49169
17
81946
16401
81949 81946
114704
98320
114705
49169
17
81946
16401
32797 81946
114704
98320
114705
49169
17
98330
16401
98333 32797 49182 81946
114704
98320
114705
49169
17
98330
16401
81946
114704
98320
114705
49169
49169
49169
49169
49169
49169
49169
49169
49169
98330
98330
16401
32798 81946
114704
98320
114705
114705
114705
49169
98330
98330
16401
81950 81946
114704
98320
114705
114705
114705
114705
98330
98330
98330
98330
98330
16401
16414 81946
114704
98320
114705
98330
98330
98330
98330
98330
16401
16414 81946
114704
98320
114705
114705
114705
98330
98330
98330
16401
98334 32798 98334 81946
114704
98320
114705
98330
98330
98330
16401
81946
114704
98320
114705
114705
98330
98330
98330
16401
16414 81946
114704
98320
81947
98330
98330
98330
16401
98334 32798 81946
114704
98320
81947
98330
98330
98330
16401
98334 30 32798 81950 81946
114704
98320
81947
98330
98330
98330
16401
81950 32798 81946
114704
98320
81947
98330
98330
98330
16401
81946
114704
98320
81947
98330
98330
98330
16401
81950 32798 98334 81946
114704
98320
81947
98330
98330
98330
16401
98334 81946
114704
98320
81947
98330
98330
98330
16401
16414 81950 16414 98334 81946
114704
98320
81947
98330
98330
98330
16401
16414 98334 81946
114704
98320
81947
98330
98330
98330
98330
81947
81947
98334 81946
114704
98320
81947
81947
98330
98330
98330
81947
81947
32798 81946
114704
81947
81947
81947
81947
98330
98330
98330
81947
81947
81947
98334 16414 98334 81946
114704
81947
81947
81947
98330
98330
81947
32798 81950 32798 81946
81946
81946
81946
81946
114704
81947
81947
81947
98330
98330
81947
81947
81947
98334 81947
27
32795
98331
49179
49179
49179
49179
49179
49179
65563
16411
114715
114715
114715
114715
114715
81950 98322
98322
98321
18
32786
81938
65554
16402
49170
81950 98322
98322
98321
18
32786
32786
32786
81938
65554
16402
49170
65566 65566 98322
98321
98321
18
32786
81938
65554
16402
16402
16402
16402
16402
49170
32787
98323
114707
81939
81939
81939
81939
81939
81939
81939
20
65555
65556
49172
65566 98322
98321
98321
18
18
18
32786
81938
81938
65554
16402
16402
49170
16414 81950 98322
98321
18
32786
81938
65554
16402
16402
16402
49170
65566 16414 98322
98321
18
32786
81938
65554
16402
49170
81950 16414 98322
98321
18
32786
81938
65554
16402
49170
81950 65566 98322
98321
18
32786
81938
65554
16402
16402
16402
49170
65566 98322
98321
18
32786
81938
81938
81938
65554
16402
16402
49170
16414 98322
98321
18
32786
81938
81938
81938
81938
65554
16402
49170
16414 98322
98321
18
32786
81938
81938
65554
16402
16402
49170
16414 98322
98321
18
32786
81938
81938
65554
16402
16402
16402
49170
65566 16414 65566 16414 98322
98321
18
18
32786
81938
81938
81938
81938
65554
16402
49170
16414 98322
98321
18
32786
81938
65554
65554
65554
16402
49170
32787
98323
114707
81939
20
65555
65555
65555
65555
65556
65556
65556
65556
49172
32798 98322
98321
18
18
32786
81938
65554
65554
16402
49170
32787
98323
114707
81939
20
20
20
20
20
20
20
65555
65556
49172
30 49182 98322
98321
18
32786
81938
65554
65554
16402
49170
30 30 98322
98321
18
32786
81938
65554
65554
65554
16402
49170
30 98322
98321
18
32786
81938
65554
16402
49170
32798 