0 4434
1 9508
2 6287
3 3045
4 16824
5 4626
6 6517
7 2741
8 17062
9 2608
10 15813
11 5761
12 429
13 99
14 58
15 53
16 9383
17 2761
18 9933
19 25732
20 18603
21 55
22 7206
23 76
24 51
25 15040
26 66
27 47
28 58
29 23
30 40
31 20
32 5
33 112
34 5830
35 16157
36 14167
37 18
38 50
39 107
40 60
41 223
42 48
43 52
44 26
45 105
46 35
47 2112
48 36
49 29
50 114
51 50
52 13737
53 72
54 6
55 30
56 168
57 81
58 84
59 25
60 20
61 6022
62 57
63 5
64 3700
65 1989
66 16
67 19
68 47
69 63551
70 54
71 15234
72 36
73 38
74 79
75 29
76 16458
77 2568
78 70
79 9480
80 1
81 3
13928 38
13929 6835
13930 10221
13931 33544
13932 3471
13933 66116
13934 35142
13935 1480
13936 91010
13937 57833
13938 69496
13940 87985
13941 61485
13943 90997
13944 42132
13945 28115
13946 29366
13947 38756
13948 47811
13949 27113
13950 39156
13951 45696
13952 937
13953 3565
13954 1442
13955 23
13956 27
13957 3862
13958 14525
13959 1048
13960 34
13961 43
13962 13
13963 3519
13964 33
13965 29
13966 3193
13967 4610
13968 78943
13969 13871
13970 19
13971 18447
13972 48
13973 4811
13974 5359
13975 17166
13976 14
13977 50
13978 7289
13979 40
13980 4456
13981 22615
13982 4665
13983 5532
13984 4921
13985 28
13986 3307
13987 3474
13988 47
13989 1090
13990 26
13991 19
13992 18
13993 9580
13994 1251
13995 2201
13996 1516
13997 713
13998 22
13999 38
14000 1496
14001 18904
14002 2295
14003 43
14004 32
14005 4015
14006 5
14007 43
14008 22
14009 1234
14010 41
14011 6872
14012 31
14013 10
14014 44
14015 1010
14016 16
14017 39
14018 63
14019 30
14020 25
14021 38
14022 15
14023 11
14024 12
14025 107
14026 34
14027 35
14028 9
14029 57
14030 56757
14031 21
14032 27
14033 20
14034 69
14035 29
14036 74618
14037 101
14038 49
14039 6228
14040 11
14041 43
14042 12
14043 8
14044 46810
14045 78
14046 10899
14047 66766
14048 13103
14049 12
14050 25
14051 45367
14052 59
14053 20
14054 21
14055 114
14056 42
14057 65
14058 20
14059 15
14060 61
14061 35
14062 11
14063 514
14064 140
14065 21
14066 82
14067 39
14068 25
14069 40
14070 55
14071 34
14072 23
14073 37
14074 64
14075 16704
14076 21
14077 4456
14078 32
14079 2946
14080 16
14081 80
14082 32
14083 80
14084 16345
14085 24
14086 170
14087 82
14088 11
14089 25
14090 15
14091 14
14092 15
14093 37
14094 125
14095 89
14096 23
14097 107
14098 35
14099 39
14100 18
14101 29
14102 44
14103 103
14104 73
14105 9702
14106 27
14107 31
14108 82
14109 32
14110 65
14111 66
14112 161
14113 44
14114 56
14115 41
14116 108
14117 162
14118 19
14119 41
14120 54
14121 22
14122 72
14123 38167
14124 11681
14125 60
14126 90
14127 30
14128 28412
14129 101
14130 175
14131 112
14132 54
14133 13
14134 44
14135 8038
14136 63
14137 31
14138 39
14139 20
14140 73
14141 55
14142 13973
14143 40
14144 66
14145 54
14146 49
14147 15542
14148 57
14149 60
14150 75
14151 63
14152 37
14153 15042
14154 207
14155 45
14156 4875
14157 22
14158 5616
14159 61
14160 3721
14161 52
14162 47
14163 64
14164 62
14165 72
14166 15
14167 2507
14168 44
14169 8102
14170 25917
14171 8607
14172 26
14173 104
14174 18
14175 47
14176 58
14177 25
14178 14362
14179 64
14180 29
14181 82
14182 54
14183 96
14184 96
14185 9309
14186 79
14187 19335
14188 110
14189 89
14190 99
14191 68
14192 6855
14193 15306
14194 5022
14195 35
14196 9878
14197 89
14198 47
14199 14
14200 51
14201 8293
14202 15643
14203 1906
14204 9462
14205 18949
14206 5957
14207 11325
14208 19619
14209 9848
14210 11829
14211 14873
14212 1799
14213 26
14214 7095
14215 18400
14216 15495
14217 3732
14218 11788
14219 4940
14220 80
14221 6574
14222 14221
14224 5225
14225 5706
14226 21048
14227 7332
14228 25
14229 15700
14230 11159
14232 7391
14233 8890
14234 6637
14235 4749
14236 30
14238 14376
14240 7575
14242 24
14243 6344
14244 9067
14246 8471
14248 5647
14250 8566
14257 9306
14260 14509
14262 10503
14265 10095
14268 11379
14270 12626
16384 4798
16385 10726
16386 6900
16387 8515
16388 31006
16389 6980
16390 29928
16391 13019
16392 1830
16393 11570
16394 2112
16395 6224
16396 12739
16397 73
16398 10417
16399 24313
16400 25815
16401 693
16402 1237
16403 18828
16404 42
16405 21789
16406 7213
16407 18578
16408 47
16409 106
16410 22474
16411 7328
16412 43
16413 86
16414 13863
16415 23
16416 15
16417 24
16418 17623
16419 12991
16420 19
16421 41
16422 79
16423 60
16424 51
16425 80
16426 69
16427 80
16428 193
16429 22017
16430 14550
16431 68
16432 117
16433 26
16434 7029
16435 70
16436 66
16437 32
16438 6339
16439 5150
16440 9607
16441 58
16442 110
16443 215
16444 6209
16445 39
16446 16
16447 5
16448 81
16449 41
16450 4
16451 12
16452 6742
16453 47270
16454 86
16455 8129
16456 65
16457 30
16458 46
16459 25
16460 53
16461 68
16462 16611
16463 26
16464 16
16465 9
30312 26
30313 20
30314 41
30315 23
30316 2190
30317 46
30318 8
30319 1061
30322 68135
30323 79957
30324 83808
30325 90155
30326 78171
30327 77540
30328 38151
30329 50929
30330 22172
30331 27498
30332 32399
30333 47197
30334 36200
30335 44559
30336 56
30337 31
30338 27
30339 8303
30340 39
30341 22429
30342 20
30343 33
30344 4788
30345 2127
30346 28
30347 53
30348 22527
30349 25
30350 6649
30351 5750
30352 11193
30353 41
30354 15574
30355 66887
30356 17
30357 25
30358 39
30359 27
30360 15512
30361 34
30362 8481
30363 24
30364 1943
30365 44089
30366 3593
30367 2503
30368 349
30369 41
30370 29
30371 41121
30372 69220
30373 24881
30374 34535
30375 18524
30376 15
30377 9033
30378 1899
30379 45
30380 27
30381 20
30382 2309
30383 2738
30384 30
30385 12
30386 1070
30387 57
30388 25
30389 48979
30390 3504
30391 23
30392 83
30393 25
30394 32
30395 36
30396 21
30397 34
30398 96967
30399 27
30400 31
30401 9
30402 29
30403 1382
30404 53
30405 32
30406 60
30407 32
30408 38
30409 16
30410 9
30411 61
30412 57
30413 67
30414 62
30415 6784
30416 848
30417 23
30418 30
30419 21031
30420 23
30421 105
30422 36
30423 101
30424 30
30425 25
30426 54
30427 32
30428 56
30429 74
30430 9157
30431 27
30432 62
30433 38
30434 161
30435 42
30436 30
30437 74
30438 45
30439 60
30440 114
30441 56
30442 32
30443 100
30444 51
30445 9436
30446 45
30447 32
30448 2045
30449 28
30450 98
30451 3220
30452 22
30453 7
30454 9989
30455 23
30456 26099
30457 27
30458 7633
30459 5
30460 49
30461 29
30462 36365
30463 27
30464 26
30465 46
30466 33298
30467 346
30468 77
30469 24715
30470 26
30471 13
30472 68
30473 39
30474 96
30475 44
30476 37
30477 13
30478 70
30479 64
30480 103
30481 45
30482 73
30483 74
30484 112
30485 18
30486 24
30487 122
30488 33415
30489 57
30490 56026
30491 26
30492 39
30493 96
30494 31
30495 118
30496 133
30497 8727
30498 48
30499 75
30500 22682
30501 21
30502 53
30503 24
30504 275
30505 119
30506 20166
30507 3
30508 71
30509 74
30510 116
30511 49
30512 39
30513 29
30514 25992
30515 199
30516 23
30517 33
30518 478
30519 28326
30520 12258
30521 21
30522 2637
30523 36
30524 65
30525 27
30526 203
30527 24
30528 89
30529 397
30530 5867
30531 103
30532 29
30533 88
30534 4069
30535 10
30536 55
30537 45
30538 91
30539 19
30540 343
30541 22120
30542 22088
30543 11160
30544 43
30545 6357
30546 12139
30547 41
30548 5344
30549 82
30550 33681
30551 53
30552 66
30553 23
30554 15982
30555 14028
30556 16675
30557 14066
30558 11670
30559 32
30560 3462
30561 87
30562 9950
30563 3090
30564 39
30565 22
30566 87
30567 1508
30568 356
30569 80
30570 743
30571 13904
30572 8158
30573 54
30574 1527
30575 585
30576 32
30577 43
30578 50
30579 1974
30580 34
30581 12628
30582 6067
30583 8761
30584 9314
30585 4509
30586 53
30587 3340
30588 41
30589 3623
30590 5157
30591 33
30592 78
30593 747
30594 7219
30595 10627
30596 904
30597 18874
30598 25
30599 16880
30600 7158
30601 50
30602 15142
30603 68
30604 54
30605 5057
30606 7521
30607 66
30608 8174
30609 48
30610 8710
30611 12143
30612 21042
30613 15484
30614 7813
30615 47
30616 16526
30617 67
30618 1504
30619 13567
30620 14495
30621 7931
30622 10082
30623 7758
30625 50
30628 19440
30629 13366
30630 7254
30631 18611
30633 12709
30634 8565
30639 10188
30641 8139
32768 39434
32769 29150
32770 16221
32771 15622
32772 2392
32773 14266
32774 8476
32775 2295
32776 4341
32777 23766
32778 2019
32779 23815
32780 12252
32781 2168
32782 1035
32783 8905
32784 112
32785 76
32786 9982
32787 45
32788 33
32789 18824
32790 3606
32791 173
32792 7218
32793 88
32794 84
32795 9430
32796 16819
32797 60
32798 54
32799 37
32800 27
32801 109
32802 107
32803 12998
32804 100
32805 11
32806 17138
32807 29
32808 12832
32809 215
32810 108
32811 94
32812 53
32813 87
32814 9199
32815 15860
32816 12
32817 26
32818 74
32819 69
32820 7368
32821 10298
32822 49
32823 6143
32824 118
32825 25
32826 29
32827 18
32828 17
32829 45
32830 15
32831 15
32832 50
32833 50
32834 1
32835 11
32836 6750
32837 16582
32838 59
32839 25849
32840 56
32841 36
32842 90
32843 6007
32844 89
32845 62159
32846 43
32847 27
32848 8
32849 2
46696 32
46697 98905
46698 71
46699 7
46700 6762
46701 647
46702 30
46703 3311
46705 78466
46706 86081
46707 84690
46708 75365
46710 76762
46711 75516
46712 49248
46713 55296
46714 36798
46715 50737
46716 37220
46717 22555
46718 27076
46719 46839
46720 5953
46721 30
46722 5020
46723 76512
46724 6860
46725 1010
46726 36
46727 10252
46728 31
46729 27
46730 1176
46731 8392
46732 37
46733 3189
46734 3849
46735 55
46736 14192
46737 45
46738 3728
46739 886
46740 15
46741 4677
46742 19932
46743 7048
46744 56
46745 1392
46746 39127
46747 406
46748 1924
46749 33971
46750 40
46751 2030
46752 46
46753 3027
46754 48
46755 30696
46756 58630
46757 21
46758 62
46759 1856
46760 2340
46761 3300
46762 16
46763 45
46764 15093
46765 6645
46766 41593
46767 46494
46768 36
46769 53
46770 39
46771 23521
46772 42
46773 41
46774 34948
46775 25
46776 9163
46777 17
46778 15
46779 41
46780 89
46781 6
46782 10194
46783 6
46784 48464
46785 3675
46786 79
46787 18
46788 12
46789 17
46790 7
46791 28
46792 654
46793 39
46794 9
46795 21
46796 61
46797 72
46798 2173
46799 9578
46800 20
46801 40
46802 87
46803 7
46804 72
46805 43
46806 42641
46807 2
46808 66
46809 22146
46810 26
46811 42
46812 70
46813 20
46814 60
46815 27
46816 34
46817 60208
46818 22
46819 40
46820 90
46821 50
46822 95565
46823 46
46824 24
46825 108
46826 4
46827 81
46828 46
46829 73
46830 42
46831 24
46832 31
46833 46
46834 27
46835 11
46836 74
46837 44
46838 22
46839 30
46840 20
46841 25
46842 17
46843 15
46844 76673
46845 32
46846 12
46847 50
46848 74
46849 35
46850 86
46851 45
46852 125
46853 50
46854 544
46855 176
46856 27
46857 10
46858 64
46859 26197
46860 51
46861 29
46862 25
46863 31
46864 40
46865 136
46866 117
46867 70
46868 293
46869 24454
46870 8
46871 156
46872 20
46873 26
46874 63
46875 40
46876 48056
46877 39140
46878 66
46879 21
46880 21607
46881 28
46882 93
46883 193
46884 26
46885 44
46886 64
46887 45
46888 104
46889 39
46890 15023
46891 173
46892 23
46893 25
46894 16
46895 25
46896 32
46897 99
46898 11187
46899 23
46900 98
46901 53
46902 145
46903 34
46904 29
46905 46570
46906 30
46907 13
46908 53
46909 132
46910 23
46911 69
46912 60
46913 6538
46914 94
46915 997
46916 44
46917 61
46918 135
46919 58
46920 103
46921 13502
46922 51
46923 14
46924 22908
46925 32
46926 92
46927 48
46928 12277
46929 23745
46930 8604
46931 9
46932 21511
46933 7789
46934 25
46935 81
46936 26
46937 99
46938 78
46939 33
46940 9197
46941 21
46942 22935
46943 48
46944 15452
46945 56
46946 56
46947 41
46948 37
46949 85
46950 27
46951 53
46952 66
46953 38
46954 28770
46955 1904
46956 111
46957 130
46958 93
46959 32
46960 7690
46961 4845
46962 3794
46963 5448
46964 4674
46965 12792
46966 2089
46967 33
46968 14744
46969 27
46970 11752
46971 5923
46972 692
46973 36
46974 32
46975 17160
46976 21
46977 540
46978 7748
46979 46
46980 3856
46981 11650
46982 27
46983 11917
46984 4815
46985 15361
46986 5984
46987 16290
46988 8925
46989 4118
46990 5540
46991 32
46992 15111
46993 18
46994 13286
46995 9208
46997 15533
46998 6149
46999 2809
47000 12096
47001 7009
47002 11144
47003 4957
47004 12991
47005 38
47006 2047
47007 23
47008 10838
47009 2943
47012 5450
47014 1732
47015 1197
47017 2950
47020 4011
47022 10166
47025 6718
47028 14669
49152 4295
49153 27962
49154 27406
49155 2979
49156 5372
49157 3740
49158 2081
49159 2597
49160 5458
49161 6542
49162 6555
49163 24102
49164 12082
49165 33317
49166 2803
49167 1610
49168 64
49169 27399
49170 2692
49171 8209
49172 5728
49173 6375
49174 21889
49175 63
49176 152
49177 81
49178 18059
49179 16784
49180 77
49181 61
49182 13858
49183 546
49184 6
49185 51
49186 46
49187 47
49188 30
49189 15745
49190 87
49191 13205
49192 14993
49193 100
49194 44
49195 44
49196 11
49197 66
49198 32
49199 9688
49200 6
49201 4635
49202 10418
49203 43
49204 66
49205 74
49206 17
49207 49
49208 54
49209 30
49210 61
49211 218
49212 11
49213 763
49214 37
49215 8187
49216 53
49217 59
49218 37
49219 3506
49220 31
49221 45
49222 30062
49223 43
49224 14003
49225 47283
49226 81
49227 9406
49228 31
49229 47
49230 3298
49231 30
49232 7
49233 16
63080 91145
63081 651
63082 21
63083 2604
63084 21
63085 14
63086 4610
63087 1382
63089 81977
63095 59477
63096 48807
63097 35946
63098 36185
63099 37803
63100 36351
63101 28806
63102 38168
63103 29817
63104 647
63105 1036
63106 33
63107 74
63108 25
63109 23214
63110 7
63111 16941
63112 6248
63113 4822
63114 14
63115 43
63116 68
63117 10726
63118 2412
63119 5209
63120 16916
63121 28
63122 4244
63123 45
63124 24618
63125 14
63126 1368
63127 8197
63128 868
63129 106998
63130 5238
63131 27
63132 2055
63133 75515
63134 25
63135 19023
63136 15350
63137 29
63138 2411
63139 35
63140 22
63141 1259
63142 772
63143 61
63144 39
63145 2438
63146 29
63147 7336
63148 24874
63149 22651
63150 21976
63151 57933
63152 162
63153 54
63154 38
63155 21
63156 28
63157 47
63158 31
63159 25
63160 34
63161 35
63162 17
63163 30
63164 5830
63165 30
63166 94
63167 32
63168 43
63169 32
63170 111
63171 1910
63172 96
63173 33
63174 26
63175 13
63176 1
63177 36413
63178 53
63179 54322
63180 64
63181 30
63182 18
63183 37
63184 65
63185 100
63186 17
63187 46
63188 19
63189 32
63190 32
63191 23
63192 14
63193 47
63194 37
63195 134
63196 93
63197 8
63198 54
63199 24
63200 140
63201 50
63202 56
63203 54
63204 14899
63205 3
63206 47
63207 36
63208 20
63209 12469
63210 6
63211 21239
63212 8
63213 91
63214 56776
63215 89
63216 74
63217 23
63218 10
63219 19
63220 35
63221 23
63222 54
63223 45
63224 47
63225 35
63226 48
63227 47
63228 24
63229 91360
63230 24001
63231 76
63232 12
63233 117
63234 111
63235 42
63236 43
63237 83
63238 27
63239 66352
63240 25
63241 20255
63242 27
63243 199
63244 29
63245 49
63246 19
63247 20
63248 112
63249 2678
63250 189
63251 91
63252 9
63253 18
63254 14
63255 32
63256 38
63257 99
63258 30
63259 16
63260 22153
63261 11
63262 199
63263 21
63264 26
63265 56
63266 64
63267 19787
63268 35
63269 198
63270 138
63271 24
63272 240
63273 44
63274 43
63275 32308
63276 98
63277 116
63278 223
63279 49
63280 116
63281 75
63282 71
63283 64
63284 53
63285 83
63286 47
63287 9
63288 158
63289 32
63290 98
63291 22
63292 23
63293 88
63294 11470
63295 30
63296 23
63297 72
63298 93
63299 19
63300 41
63301 20977
63302 17312
63303 7375
63304 100
63305 11
63306 56
63307 45
63308 3225
63309 181
63310 27206
63311 42
63312 18
63313 39
63314 61
63315 7082
63316 8401
63317 11695
63318 1490
63319 13819
63320 77
63321 21
63322 40
63323 44
63324 15034
63325 10236
63326 1120
63327 5560
63328 80
63329 6137
63330 13015
63331 35
63332 12630
63333 26767
63334 5525
63335 18283
63336 57
63337 29
63338 32622
63339 6240
63340 30
63341 12237
63342 31
63343 7745
63344 115
63345 41
63346 666
63347 20400
63348 37
63349 18905
63350 35
63351 20433
63352 72
63353 4419
63354 8599
63355 52
63356 1733
63357 6938
63358 17541
63359 9760
63360 8233
63361 7857
63362 6934
63363 3377
63364 3599
63365 1724
63366 22078
63367 9874
63368 14436
63369 5081
63370 15976
63371 19
63372 11585
63373 17611
63374 11362
63375 9830
63376 21
63377 46
63378 24146
63379 13607
63380 13857
63381 25
63382 9757
63383 16163
63384 510
63385 76
63386 6159
63387 14167
63389 4340
63390 10768
63392 66
63393 4367
63394 14561
63395 8152
63397 8814
63400 9803
63401 9102
63402 12666
63405 14229
63408 19030
63416 47
63432 10642
63448 7087
65536 4369
65537 6868
65538 5039
65539 2916
65540 33024
65541 29187
65542 13624
65543 2468
65544 5363
65545 16549
65546 26357
65547 5407
65548 230
65549 114
65550 56
65551 82
65552 1146
65553 9698
65554 3434
65555 20009
65556 26482
65557 41
65558 78
65559 75
65560 7300
65561 22942
65562 61
65563 87
65564 52
65565 23
65566 39
65567 24512
65568 38
65569 13151
65570 57
65571 69
65572 23
65573 78
65574 54
65575 50
65576 31
65577 11615
65578 3904
65579 15829
65580 25
65581 166
65582 2422
65583 9478
65584 9
65585 35
65586 56
65587 119
65588 10675
65589 138
65590 18
65591 36
65592 66
65593 270
65594 68
65595 10
65596 21
65597 42
65598 27
65599 6
65600 112
65601 3402
65602 12
65603 1444
65604 37
65605 53
65606 29720
65607 1266
65608 44
65609 17001
65610 2214
65611 17786
65612 61390
65613 42372
65614 89
65615 22
65616 16
65617 2
79464 56
79465 5901
79466 18
79467 36
79468 20
79469 60
79470 48
79471 4396
79473 69141
79474 97264
79477 71481
79479 80156
79480 47554
79481 16661
79482 47699
79483 31838
79484 47818
79485 37949
79486 44561
79487 27260
79488 58063
79489 26
79490 4081
79491 1027
79492 39
79493 8325
79494 11
79495 41
79496 10924
79497 37
79498 33
79499 13393
79500 42
79501 24
79502 4902
79503 43
79504 37
79505 10286
79506 33
79507 26575
79508 2500
79509 59258
79510 72064
79511 5785
79512 9
79513 33
79514 15624
79515 5564
79516 1368
79517 9376
79518 36
79519 4539
79520 10372
79521 1278
79522 26
79523 90818
79524 1820
79525 13
79526 45
79527 34114
79528 32
79529 3539
79530 9
79531 51130
79532 36
79533 31
79534 1267
79535 26
79536 15
79537 2990
79538 10478
79539 38
79540 75345
79541 36
79542 35
79543 26
79544 41
79545 28
79546 62
79547 40593
79548 6882
79549 21
79550 13055
79551 30
79552 989
79553 49
79554 64
79555 36
79556 32
79557 29
79558 27
79559 37
79560 45
79561 25
79562 33
79563 71
79564 36114
79565 24
79566 12
79567 536
79568 57
79569 41
79570 24
79571 66
79572 9582
79573 153
79574 40967
79575 32467
79576 142
79577 62
79578 29
79579 14833
79580 64
79581 43
79582 9
79583 21
79584 31
79585 62664
79586 68
79587 137
79588 62
79589 22
79590 67506
79591 64
79592 41266
79593 83
79594 31
79595 47641
79596 207
79597 25
79598 52
79599 19
79600 69365
79601 42
79602 47
79603 24
79604 26
79605 95
79606 68
79607 24
79608 9045
79609 72
79610 46112
79611 143
79612 24
79613 61
79614 84
79615 55
79616 40
79617 33
79618 479
79619 33818
79620 155
79621 91
79622 51270
79623 104
79624 80
79625 30
79626 60616
79627 41
79628 14
79629 34
79630 64
79631 36
79632 22230
79633 86
79634 68
79635 32
79636 35
79637 53
79638 107
79639 21
79640 79
79641 36
79642 17597
79643 70
79644 21
79645 68
79646 31251
79647 83
79648 51
79649 49
79650 76
79651 77
79652 40
79653 79
79654 63
79655 22
79656 47
79657 6518
79658 61
79659 38
79660 35514
79661 6
79662 138
79663 138
79664 124
79665 51
79666 36055
79667 147
79668 24
79669 30
79670 42
79671 21
79672 39
79673 1751
79674 69
79675 27016
79676 23
79677 46
79678 35
79679 7201
79680 26238
79681 66
79682 37792
79683 54
79684 67
79685 67
79686 105
79687 16263
79688 7072
79689 9970
79690 8002
79691 47
79692 14507
79693 15229
79694 47
79695 99
79696 75
79697 164
79698 45
79699 22454
79700 1408
79701 65
79702 24729
79703 84
79704 121
79705 75
79706 8750
79707 54
79708 44
79709 40
79710 10313
79711 2807
79712 37
79713 20
79714 20
79715 1594
79716 63
79717 7721
79718 93
79719 23
79720 17
79721 132
79722 43
79723 751
79724 32
79725 98
79726 93
79727 3248
79728 43
79729 14715
79730 31
79731 7915
79732 944
79733 23239
79734 81
79735 9617
79736 28
79737 17209
79738 11043
79739 2690
79740 10748
79741 5606
79742 57
79743 18405
79744 8154
79745 14331
79746 7001
79747 12180
79749 1624
79750 6131
79751 57
79752 22643
79753 5389
79754 15049
79755 6545
79756 640
79757 2832
79759 21258
79760 9773
79761 523
79762 9224
79763 13774
79764 4009
79765 15325
79766 7508
79767 7419
79768 999
79770 13382
79771 16306
79772 17059
79773 20276
79776 11186
79779 9820
79781 8247
79782 9823
79783 17073
79786 6471
79789 6512
79790 13698
79791 3405
79798 4384
79799 8504
79805 8766
79807 9575
79813 13321
79815 13859
79823 10008
81920 10248
81921 6771
81922 3860
81923 4494
81924 5219
81925 30475
81926 18026
81927 25948
81928 7508
81929 31527
81930 979
81931 755
81932 4709
81933 87
81934 3812
81935 25588
81936 28245
81937 61
81938 23952
81939 20031
81940 40
81941 18996
81942 59
81943 18577
81944 69
81945 7372
81946 23638
81947 21122
81948 28022
81949 14
81950 21746
81951 22
81952 3
81953 21
81954 21009
81955 59
81956 12871
81957 29
81958 151
81959 40
81960 12242
81961 74
81962 19087
81963 11085
81964 13434
81965 10437
81966 60
81967 42
81968 167
81969 51
81970 45
81971 7375
81972 7174
81973 33
81974 6306
81975 45
81976 94
81977 6910
81978 5584
81979 12678
81980 140
81981 33
81982 9
81983 39
81984 3545
81985 31
81986 1
81987 30
81988 41
81989 10829
81990 1333
81991 106281
81992 54
81993 15659
81994 70
81995 89451
81996 25
81997 10097
81998 68
81999 7886
82000 10
82001 231
95848 34
95849 108219
95850 37220
95851 2077
95852 18024
95853 31
95854 60159
95855 150
95856 84936
95857 98533
95858 77398
95859 65409
95861 69398
95862 68168
95863 82840
95864 27992
95865 62675
95866 32912
95867 36163
95868 33447
95869 47847
95870 33859
95871 43529
95872 39877
95873 5728
95874 30
95875 10901
95876 15115
95877 17
95878 4935
95879 4825
95880 57641
95881 39
95882 30
95883 5716
95884 63670
95885 2476
95886 8294
95887 12
95888 1944
95889 10458
95890 818
95891 43578
95892 30
95893 6756
95894 5512
95895 5126
95896 66
95897 9457
95898 862
95899 22934
95900 23
95901 5935
95902 34
95903 29144
95904 41
95905 1649
95906 3623
95907 38122
95908 28
95909 3450
95910 46
95911 9038
95912 1871
95913 5968
95914 5899
95915 34
95916 34944
95917 3349
95918 64803
95919 4404
95920 7541
95921 20461
95922 54
95923 1335
95924 648
95925 18
95926 47
95927 12086
95928 24
95929 17500
95930 13579
95931 29901
95932 39
95933 49
95934 37
95935 69
95936 34
95937 26
95938 78
95939 67
95940 48
95941 14103
95942 24
95943 39
95944 135
95945 34
95946 2348
95947 40
95948 28574
95949 28
95950 63885
95951 25
95952 22782
95953 82
95954 44928
95955 92
95956 14951
95957 22
95958 15
95959 100
95960 30
95961 24
95962 138
95963 17
95964 85
95965 35
95966 154
95967 148
95968 54
95969 39
95970 42
95971 23
95972 14
95973 23
95974 16829
95975 207
95976 19
95977 5598
95978 28
95979 55
95980 34
95981 28148
95982 46
95983 188
95984 58
95985 82
95986 604
95987 15
95988 61
95989 40510
95990 42156
95991 80
95992 22
95993 70
95994 31
95995 15
95996 39
95997 84
95998 27
95999 23
96000 61
96001 62
96002 139
96003 32328
96004 76
96005 28240
96006 20
96007 85
96008 49
96009 32394
96010 31
96011 31
96012 12
96013 104
96014 42
96015 14
96016 11
96017 37
96018 16
96019 229
96020 69
96021 50
96022 49
96023 30994
96024 8
96025 41
96026 39
96027 107
96028 23
96029 67
96030 51
96031 48
96032 10250
96033 47
96034 131
96035 19
96036 18
96037 70
96038 61
96039 85
96040 58
96041 111
96042 28
96043 72
96044 79
96045 36133
96046 49
96047 11
96048 36
96049 89
96050 48
96051 31
96052 1649
96053 10
96054 84
96055 74
96056 69
96057 135
96058 5416
96059 60
96060 7282
96061 964
96062 10219
96063 49
96064 83
96065 61
96066 157
96067 30
96068 13560
96069 60
96070 23
96071 48
96072 10499
96073 17
96074 39
96075 65
96076 6058
96077 28
96078 46
96079 107
96080 30
96081 27800
96082 65
96083 122
96084 57
96085 48
96086 10071
96087 20298
96088 39
96089 42
96090 11874
96091 91
96092 30
96093 15622
96094 18
96095 19574
96096 14750
96097 86
96098 28
96099 4734
96100 73
96101 10357
96102 40
96103 51
96104 69
96105 44
96106 10385
96107 10367
96108 4567
96109 12311
96110 33
96111 21905
96112 2233
96113 35
96114 80
96115 9786
96116 18522
96117 2144
96118 9707
96119 48
96120 15418
96121 4069
96122 53
96123 35
96124 11401
96125 4260
96126 11699
96127 4812
96128 5711
96129 11139
96130 8967
96131 42
96132 3573
96133 29
96134 15333
96135 20
96136 13668
96138 7857
96139 4722
96140 9647
96141 43
96142 13376
96143 41
96144 14524
96145 12401
96146 18467
96147 9509
96148 130
96149 13275
96151 15880
96152 15419
96153 10906
96155 56
96157 16642
96158 12421
96159 14420
96160 12494
96161 7640
96162 5538
96168 11463
96169 7641
96171 6707
96172 11205
96173 10752
96175 7769
96177 7733
96179 13681
96181 9283
96185 13323
98304 35102
98305 16802
98306 30647
98307 26746
98308 2991
98309 4702
98310 25270
98311 5970
98312 12427
98313 11255
98314 27914
98315 25033
98316 13170
98317 10544
98318 1279
98319 2330
98320 75
98321 53
98322 67
98323 50
98324 27
98325 11677
98326 133
98327 91
98328 7154
98329 58
98330 50
98331 67
98332 144
98333 20
98334 13823
98335 16
98336 81
98337 115
98338 53
98339 43
98340 27
98341 18
98342 23336
98343 141
98344 102
98345 63
98346 3888
98347 509
98348 21
98349 51
98350 68
98351 43
98352 6
98353 69
98354 89
98355 12077
98356 54
98357 34
98358 31
98359 5159
98360 9865
98361 31
98362 39
98363 48
98364 8
98365 59
98366 12
98367 31
98368 49
98369 74
98370 15
98371 46
98372 23
98373 30
98374 48
98375 18347
98376 17654
98377 27176
98378 110534
98379 70
98380 33577
98381 76082
98382 59
98383 26
98384 7
98385 36
112232 1374
112233 32
112234 5519
112235 38
112236 3946
112237 22
112238 46
112239 9970
112243 82094
112246 94318
112247 87969
112248 42627
112249 19429
112250 43085
112251 30422
112252 47643
112253 28351
112254 53767
112255 31965
112256 17764
112257 1039
112258 2855
112259 13642
112260 33
112261 9285
112262 6523
112263 34
112264 61
112265 6541
112266 3321
112267 32687
112268 37705
112269 26
112270 3812
112271 998
112272 28786
112273 24304
112274 4089
112275 17
112276 2496
112277 24096
112278 35
112279 16
112280 15
112281 8700
112282 2795
112283 12590
112284 5300
112285 15721
112286 10742
112287 31665
112288 7563
112289 763
112290 41
112291 30397
112292 6744
112293 4670
112294 2993
112295 25
112296 16
112297 2900
112298 3080
112299 3800
112300 769
112301 35158
112302 51655
112303 2746
112304 1249
112305 14293
112306 1897
112307 82225
112308 3437
112309 1721
112310 31
112311 35
112312 67924
112313 48535
112314 33
112315 28
112316 66
112317 1433
112318 1366
112319 32
112320 71
112321 19
112322 59
112323 32
112324 130
112325 76
112326 47
112327 1534
112328 13
112329 49
112330 24
112331 70
112332 19410
112333 87
112334 24
112335 110
112336 92
112337 308
112338 78
112339 9940
112340 1441
112341 49
112342 17
112343 33672
112344 16301
112345 35
112346 37
112347 20
112348 31
112349 6837
112350 4226
112351 6790
112352 65
112353 60677
112354 20
112355 23
112356 26
112357 38
112358 33
112359 95
112360 19
112361 11971
112362 19
112363 3848
112364 107
112365 46804
112366 13
112367 146
112368 33
112369 72
112370 23
112371 21
112372 22
112373 25
112374 46
112375 50
112376 87
112377 49
112378 85
112379 45
112380 70
112381 47
112382 13
112383 9768
112384 22
112385 29
112386 48
112387 10
112388 67
112389 29
112390 69
112391 18
112392 95
112393 54
112394 17
112395 264
112396 72
112397 38
112398 39
112399 112
112400 25
112401 57
112402 204
112403 61341
112404 18849
112405 27
112406 15
112407 18189
112408 20
112409 2318
112410 50
112411 30
112412 37
112413 57
112414 54
112415 32
112416 87
112417 52813
112418 17
112419 55
112420 38
112421 53
112422 39
112423 252
112424 25
112425 60
112426 15
112427 17757
112428 48
112429 102
112430 51
112431 19
112432 81
112433 27095
112434 40
112435 129
112436 94
112437 35
112438 4761
112439 14
112440 85
112441 25
112442 110
112443 13
112444 446
112445 67
112446 77
112447 10
112448 85
112449 9421
112450 55
112451 38
112452 96
112453 52
112454 25587
112455 29
112456 102
112457 132
112458 70
112459 12877
112460 80
112461 79
112462 2661
112463 42
112464 41
112465 75
112466 9592
112467 139
112468 130
112469 6659
112470 42
112471 71
112472 116
112473 23
112474 29
112475 103
112476 94
112477 18101
112478 17690
112479 52
112480 38
112481 35
112482 73
112483 44
112484 84
112485 12249
112486 808
112487 7952
112488 84
112489 85
112490 17622
112491 686
112492 213
112493 84
112494 85
112495 2921
112496 34
112497 11
112498 82
112499 17882
112500 935
112501 5863
112502 3185
112503 13640
112504 5340
112505 11568
112506 42
112507 13
112508 1362
112509 7183
112510 17673
112511 6150
112512 62
112513 1125
112514 4147
112515 1610
112516 12571
112517 4518
112518 9750
112519 5501
112520 6844
112521 3255
112523 6065
112524 3394
112526 8276
112527 11200
112528 1195
112529 4299
112530 30
112531 12387
112532 132
112533 14948
112534 10812
112536 111
112537 3683
112538 4006
112539 11505
112540 10024
112541 855
112545 6404
112546 16247
112547 8872
112548 4362
112549 5949
112552 21824
112554 9526
112557 8806
112563 11861
112565 2141
112566 7463
114688 4721
114689 28956
114690 27331
114691 2845
114692 7716
114693 2524
114694 3190
114695 3534
114696 27405
114697 4830
114698 1936
114699 14492
114700 11701
114701 5361
114702 21459
114703 63
114704 51
114705 85
114706 54
114707 2180
114708 48
114709 70
114710 97
114711 50
114712 141
114713 46
114714 106
114715 48
114716 105
114717 21336
114718 7161
114719 27
114720 11
114721 46
114722 64
114723 3927
114724 44
114725 19
114726 96
114727 117
114728 46
114729 52
114730 1483
114731 64
114732 15
114733 41
114734 46
114735 32
114736 3
114737 18813
114738 15066
114739 61
114740 56
114741 40
114742 12
114743 48
114744 41
114745 24
114746 48
114747 31
114748 9
114749 4844
114750 617
114751 16
114752 70
114753 11097
114754 31
114755 52
114756 28
114757 12386
114758 97
114759 3364
114760 5021
114761 5479
114762 9945
114763 98395
114764 8149
114765 38
114766 10008
114767 6202
114768 1
114769 24
128616 2181
128617 28
128618 38
128619 5062
128620 56
128621 3451
128622 5325
128623 4443
128626 62257
128630 78450
128631 64154
128632 49245
128633 43750
128634 25392
128635 45146
128636 50216
128637 49436
128638 47813
128639 8709
128640 5655
128641 1025
128642 3871
128643 2059
128644 42
128645 7715
128646 19652
128647 93701
128648 71
128649 14
128650 6703
128651 23
128652 73164
128653 24
128654 4718
128655 2160
128656 8135
128657 37
128658 24
128659 11588
128660 3051
128661 6108
128662 27
128663 4561
128664 55
128665 3494
128666 9549
128667 4713
128668 3423
128669 10030
128670 2439
128671 13103
128672 1074
128673 2427
128674 4501
128675 2797
128676 3442
128677 1821
128678 14637
128679 9116
128680 41
128681 12582
128682 11
128683 24
128684 1730
128685 1284
128686 18
128687 75
128688 1828
128689 55
128690 29
128691 7494
128692 3925
128693 46320
128694 78
128695 9099
128696 25
128697 31
128698 5725
128699 8
128700 93
128701 26
128702 28
128703 56
128704 77
128705 108
128706 1446
128707 17
128708 8215
128709 2189
128710 39
128711 16
128712 28
128713 32
128714 4209
128715 32
128716 47
128717 2291
128718 36
128719 16443
128720 44
128721 192
128722 141
128723 38
128724 58098
128725 29
128726 208
128727 11171
128728 44
128729 67
128730 29
128731 34
128732 40
128733 25
128734 41
128735 56
128736 3
128737 19
128738 63771
128739 250
128740 24
128741 40
128742 75
128743 33
128744 20
128745 60
128746 6
128747 130
128748 59
128749 99
128750 24
128751 31
128752 168
128753 26
128754 13569
128755 26
128756 31
128757 8607
128758 40
128759 58
128760 24
128761 23
128762 53
128763 31
128764 44
128765 91
128766 28
128767 135
128768 56
128769 28
128770 16
128771 59
128772 39
128773 27
128774 83
128775 136
128776 103
128777 26
128778 103
128779 62
128780 33
128781 9617
128782 179
128783 21
128784 99
128785 796
128786 65
128787 15
128788 37
128789 37
128790 28
128791 137
128792 137
128793 28
128794 33
128795 297
128796 29364
128797 44
128798 11497
128799 8214
128800 32
128801 144
128802 68713
128803 24
128804 69
128805 52
128806 31
128807 22
128808 73
128809 92
128810 166
128811 34
128812 17
128813 46
128814 90
128815 42
128816 33703
128817 21892
128818 53
128819 20
128820 20
128821 28
128822 35
128823 46
128824 24
128825 51
128826 36
128827 40
128828 3696
128829 21415
128830 38856
128831 37
128832 103
128833 76
128834 7953
128835 29
128836 42346
128837 95
128838 5362
128839 82
128840 27
128841 61
128842 39
128843 7192
128844 95
128845 78
128846 110
128847 25
128848 37
128849 14
128850 14873
128851 9366
128852 11108
128853 156
128854 79
128855 16861
128856 18863
128857 2263
128858 19732
128859 48
128860 53
128861 1459
128862 26
128863 13426
128864 43
128865 5505
128866 9255
128867 28
128868 394
128869 34
128870 66
128871 41
128872 70
128873 8762
128874 13862
128875 13478
128876 5327
128877 8880
128878 66
128879 34
128880 53
128881 9479
128882 10982
128883 4165
128884 19946
128885 6851
128886 115
128887 10259
128888 17734
128889 10356
128890 94
128891 34169
128892 17140
128893 3837
128894 1045
128895 6752
128896 6440
128897 5286
128898 32
128899 20701
128900 2882
128901 6863
128902 5224
128903 4598
128904 1269
128906 12941
128907 21677
128908 12405
128909 13026
128910 16003
128911 52
128912 24540
128914 13117
128915 11891
128917 6806
128918 5001
128919 3471
128920 16457
128922 33
128923 13608
128925 13010
128927 14424
128928 5660
128930 5250
128931 27
128933 6091
128935 12047
128936 1375
128938 11373
128939 8976
128941 3443
128943 11159
128944 11541
128947 15476
128976 5283
