0 0 0.06567382812500000000 6
8 1 0.06542968750000000000 6
32 2 0.06518554687500000000 5
40 3 0.06933593750000000000 5
48 4 0.06835937500000000000 5
56 5 0.06396484375000000000 3
64 6 0.06884765625000000000 6
72 7 0.06518554687500000000 5
80 8 0.06738281250000000000 4
88 9 0.07031250000000000000 3
96 10 0.07128906250000000000 7
104 11 0.06469726562500000000 6
112 12 0.07666015625000000000 5
128 13 0.06958007812500000000 6
136 14 0.06713867187500000000 4
144 15 0.07373046875000000000 3
152 16 0.07495117187500000000 2
160 17 0.07763671875000000000 5
168 18 0.06713867187500000000 4
176 19 0.06689453125000000000 4
184 20 0.07812500000000000000 2
192 21 0.06616210937500000000 4
200 22 0.06127929687500000000 2
216 23 0.06616210937500000000 7
224 24 0.07568359375000000000 6
232 25 0.07812500000000000000 5
248 26 0.07446289062500000000 7
256 27 0.07592773437500000000 6
264 28 0.06396484375000000000 6
272 29 0.06933593750000000000 2
280 30 0.08251953125000000000 5
288 31 0.07324218750000000000 5
296 32 0.06518554687500000000 4
304 33 0.07250976562500000000 2
312 34 0.07177734375000000000 8
320 35 0.06665039062500000000 7
328 36 0.07006835937500000000 6
344 37 0.07690429687500000000 4
352 38 0.07568359375000000000 4
360 39 0.07006835937500000000 4
368 40 0.07006835937500000000 3
376 41 0.07617187500000000000 6
384 42 0.08398437500000000000 5
392 43 0.08325195312500000000 3
408 44 0.07739257812500000000 2
416 45 0.05957031250000000000 2
424 46 0.08325195312500000000 1
440 47 0.06225585937500000000 4
448 48 0.07934570312500000000 4
456 49 0.07495117187500000000 4
472 50 0.07958984375000000000 9
480 51 0.07641601562500000000 9
488 52 0.07519531250000000000 5
504 53 0.08374023437500000000 3
512 54 0.06469726562500000000 3
520 55 0.07421875000000000000 3
528 56 0.07617187500000000000 1
536 57 0.07519531250000000000 3
544 58 0.08129882812500000000 3
568 59 0.06616210937500000000 7
576 60 0.07812500000000000000 6
584 61 0.06762695312500000000 5
600 62 0.07080078125000000000 4
608 63 0.06201171875000000000 3
632 64 0.07592773437500000000 9
640 65 0.08447265625000000000 8
664 66 0.06909179687500000000 4
672 67 0.07617187500000000000 4
680 68 0.07202148437500000000 4
696 69 0.06274414062500000000 7
704 70 0.08081054687500000000 6
712 71 0.07910156250000000000 5
728 72 0.06372070312500000000 5
736 73 0.06982421875000000000 5
744 74 0.08325195312500000000 4
752 75 0.07495117187500000000 3
760 76 0.06567382812500000000 5
768 77 0.06860351562500000000 4
792 78 0.07592773437500000000 4
800 79 0.07275390625000000000 3
808 80 0.06176757812500000000 1
816 81 0.06616210937500000000 1
824 82 0.07177734375000000000 5
832 83 0.07128906250000000000 5
840 84 0.06909179687500000000 5
848 85 0.07910156250000000000 3
856 86 0.07177734375000000000 9
864 87 0.07324218750000000000 6
872 88 0.06469726562500000000 4
888 89 0.06542968750000000000 4
896 90 0.07324218750000000000 4
904 91 0.07250976562500000000 3
912 92 0.06909179687500000000 1
920 93 0.07397460937500000000 4
928 94 0.07617187500000000000 4
936 95 0.07788085937500000000 4
944 96 0.08471679687500000000 3
952 97 0.06665039062500000000 9
960 98 0.07885742187500000000 7
968 99 0.07690429687500000000 6
976 100 0.07812500000000000000 4
984 101 0.07080078125000000000 7
992 102 0.07373046875000000000 6
1000 103 0.08105468750000000000 5
1008 104 0.07080078125000000000 4
1016 105 0.06811523437500000000 7
1024 106 0.06250000000000000000 7
1032 107 0.06201171875000000000 6
1048 108 0.07910156250000000000 5
1056 109 0.07177734375000000000 5
1064 110 0.07861328125000000000 4
1080 111 0.07519531250000000000 8
1088 112 0.07470703125000000000 7
1096 113 0.08129882812500000000 6
1104 114 0.07690429687500000000 3
1112 115 0.07446289062500000000 5
1120 116 0.07055664062500000000 4
1144 117 0.07421875000000000000 4
1152 118 0.06420898437500000000 4
1160 119 0.07739257812500000000 4
1168 120 0.07543945312500000000 3
1176 121 0.08154296875000000000 5
1184 122 0.06787109375000000000 4
1192 123 0.06884765625000000000 4
1200 124 0.07031250000000000000 1
1208 125 0.07324218750000000000 4
1216 126 0.05493164062500000000 4
1224 127 0.07080078125000000000 4
1240 128 0.07250976562500000000 3
1248 129 0.07470703125000000000 3
1256 130 0.06640625000000000000 3
1272 131 0.07568359375000000000 4
1280 132 0.07031250000000000000 4
1288 133 0.06372070312500000000 4
1304 134 0.07202148437500000000 4
1312 135 0.08227539062500000000 4
1320 136 0.07543945312500000000 4
1336 137 0.06884765625000000000 4
1344 138 0.07397460937500000000 4
1352 139 0.07568359375000000000 3
1360 140 0.07226562500000000000 2
1368 141 0.07128906250000000000 7
1376 142 0.08837890625000000000 7
1384 143 0.07153320312500000000 6
1392 144 0.05957031250000000000 3
1400 145 0.07153320312500000000 3
1408 146 0.07275390625000000000 3
1416 147 0.07397460937500000000 2
1424 148 0.06469726562500000000 1
1432 149 0.07348632812500000000 7
1440 150 0.06494140625000000000 6
1448 151 0.06884765625000000000 4
1456 152 0.07006835937500000000 2
1464 153 0.07861328125000000000 8
1472 154 0.06933593750000000000 7
1496 155 0.08374023437500000000 7
1504 156 0.06445312500000000000 7
1512 157 0.07275390625000000000 6
1528 158 0.06787109375000000000 12
1536 159 0.07592773437500000000 11
1560 160 0.07299804687500000000 9
1568 161 0.07275390625000000000 8
1576 162 0.06567382812500000000 8
1584 163 0.08129882812500000000 5
1592 164 0.06665039062500000000 5
1600 165 0.05200195312500000000 4
1608 166 0.06640625000000000000 2
1616 167 0.06420898437500000000 1
1624 168 0.07202148437500000000 4
1632 169 0.06811523437500000000 4
1640 170 0.06689453125000000000 4
1648 171 0.06982421875000000000 2
1656 172 0.06665039062500000000 5
1664 173 0.07299804687500000000 4
1672 174 0.07055664062500000000 4
1688 175 0.06054687500000000000 4
1696 176 0.07153320312500000000 3
1704 177 0.06640625000000000000 2
1720 178 0.06494140625000000000 5
1728 179 0.06567382812500000000 5
1736 180 0.06518554687500000000 5
1744 181 0.07080078125000000000 2
1752 182 0.07543945312500000000 8
1760 183 0.07202148437500000000 7
1768 184 0.06079101562500000000 6
1784 185 0.05957031250000000000 7
1792 186 0.06152343750000000000 7
1800 187 0.07250976562500000000 5
1816 188 0.06542968750000000000 6
1824 189 0.06860351562500000000 5
1848 190 0.06591796875000000000 5
1856 191 0.07006835937500000000 5
1864 192 0.08081054687500000000 4
1880 193 0.06250000000000000000 7
1888 194 0.05737304687500000000 5
1896 195 0.06665039062500000000 5
1912 196 0.07934570312500000000 6
1920 197 0.06030273437500000000 5
1928 198 0.06787109375000000000 3
1936 199 0.08081054687500000000 1
1944 200 0.07006835937500000000 7
1952 201 0.07177734375000000000 7
1960 202 0.07006835937500000000 7
1968 203 0.08154296875000000000 5
1976 204 0.06250000000000000000 5
1984 205 0.06518554687500000000 5
1992 206 0.06640625000000000000 5
2000 207 0.07519531250000000000 4
2008 208 0.07812500000000000000 3
2016 209 0.06323242187500000000 3
2024 210 0.06347656250000000000 2
2032 211 0.07421875000000000000 1
2040 212 0.07128906250000000000 6
2048 213 0.06835937500000000000 5
2056 214 0.08081054687500000000 4
2064 215 0.07031250000000000000 3
2072 216 0.07006835937500000000 4
2080 217 0.06250000000000000000 4
2104 218 0.06469726562500000000 6
2112 219 0.06201171875000000000 5
2120 220 0.06811523437500000000 4
2136 221 0.06445312500000000000 9
2144 222 0.06445312500000000000 9
2152 223 0.06665039062500000000 8
2160 224 0.06811523437500000000 5
2168 225 0.06933593750000000000 4
2176 226 0.07128906250000000000 3
2184 227 0.07885742187500000000 3
2192 228 0.06982421875000000000 1
2200 229 0.07324218750000000000 9
2208 230 0.06909179687500000000 7
2216 231 0.05786132812500000000 5
2232 232 0.08471679687500000000 6
2240 233 0.06396484375000000000 6
2248 234 0.06201171875000000000 5
2264 235 0.06079101562500000000 7
2272 236 0.07885742187500000000 6
2280 237 0.07690429687500000000 6
2288 238 0.07006835937500000000 2
2296 239 0.07446289062500000000 5
2304 240 0.06884765625000000000 5
2312 241 0.06445312500000000000 5
2328 242 0.06835937500000000000 3
2336 243 0.06005859375000000000 3
2344 244 0.08251953125000000000 3
2360 245 0.06958007812500000000 5
2368 246 0.08105468750000000000 5
2376 247 0.07836914062500000000 5
2392 248 0.06518554687500000000 6
2400 249 0.07128906250000000000 6
2408 250 0.05786132812500000000 5
2424 251 0.07006835937500000000 6
2432 252 0.08178710937500000000 6
2440 253 0.07543945312500000000 3
2456 254 0.07104492187500000000 10
2464 255 0.07104492187500000000 8
2488 256 0.07153320312500000000 3
2496 257 0.07006835937500000000 2
2504 258 0.07226562500000000000 1
2520 259 0.08300781250000000000 6
2528 260 0.05297851562500000000 6
2552 261 0.07739257812500000000 3
2560 262 0.07299804687500000000 2
2568 263 0.07299804687500000000 2
2584 264 0.06640625000000000000 5
2592 265 0.07641601562500000000 5
2600 266 0.06420898437500000000 3
2608 267 0.06958007812500000000 1
2616 268 0.08178710937500000000 3
2624 269 0.05932617187500000000 3
2632 270 0.08007812500000000000 3
2648 271 0.07983398437500000000 7
2656 272 0.07421875000000000000 7
2664 273 0.07006835937500000000 7
2680 274 0.07226562500000000000 5
2688 275 0.06762695312500000000 4
2696 276 0.08325195312500000000 3
2704 277 0.07690429687500000000 1
2712 278 0.06665039062500000000 5
2720 279 0.07031250000000000000 4
2728 280 0.07275390625000000000 4
2744 281 0.06616210937500000000 6
2752 282 0.07006835937500000000 5
2760 283 0.06567382812500000000 4
2776 284 0.07031250000000000000 13
2784 285 0.07006835937500000000 11
2792 286 0.08447265625000000000 8
2800 287 0.07177734375000000000 3
2808 288 0.07812500000000000000 3
2816 289 0.07592773437500000000 3
2824 290 0.07763671875000000000 2
2840 291 0.06347656250000000000 6
2848 292 0.07763671875000000000 5
2856 293 0.07324218750000000000 2
2864 294 0.07885742187500000000 1
2872 295 0.06372070312500000000 6
2880 296 0.07666015625000000000 6
2888 297 0.07543945312500000000 2
2904 298 0.07202148437500000000 7
2912 299 0.06884765625000000000 6
2920 300 0.07275390625000000000 3
2936 301 0.07568359375000000000 7
2944 302 0.06933593750000000000 7
2968 303 0.06567382812500000000 6
2976 304 0.06616210937500000000 6
3000 305 0.08227539062500000000 4
3008 306 0.06689453125000000000 4
3032 307 0.07446289062500000000 5
3040 308 0.05981445312500000000 5
3048 309 0.06323242187500000000 4
3056 310 0.06469726562500000000 3
3064 311 0.07153320312500000000 7
3072 312 0.07495117187500000000 6
3080 313 0.07104492187500000000 5
3088 314 0.06884765625000000000 4
3096 315 0.07739257812500000000 7
3104 316 0.06713867187500000000 7
3112 317 0.06542968750000000000 5
3128 318 0.06982421875000000000 5
3136 319 0.07788085937500000000 3
3144 320 0.06298828125000000000 2
3160 321 0.06079101562500000000 4
3168 322 0.06152343750000000000 4
3176 323 0.06518554687500000000 3
3192 324 0.08227539062500000000 7
3200 325 0.06152343750000000000 6
3208 326 0.06567382812500000000 4
3224 327 0.07055664062500000000 9
3232 328 0.06103515625000000000 9
3256 329 0.07690429687500000000 5
3264 330 0.07153320312500000000 4
3272 331 0.07275390625000000000 2
3288 332 0.07958984375000000000 5
3296 333 0.06103515625000000000 5
3320 334 0.07788085937500000000 14
3328 335 0.06665039062500000000 13
3336 336 0.06982421875000000000 7
3352 337 0.07836914062500000000 4
3360 338 0.06542968750000000000 4
3368 339 0.06396484375000000000 4
3384 340 0.08349609375000000000 3
3392 341 0.07177734375000000000 3
3416 342 0.06884765625000000000 7
3424 343 0.08056640625000000000 6
3432 344 0.07617187500000000000 4
3440 345 0.06835937500000000000 2
3448 346 0.08398437500000000000 6
3456 347 0.07055664062500000000 5
3480 348 0.07202148437500000000 6
3488 349 0.07202148437500000000 4
3496 350 0.06738281250000000000 3
3512 351 0.08422851562500000000 3
3520 352 0.06298828125000000000 3
3528 353 0.06835937500000000000 3
3536 354 0.06274414062500000000 2
3544 355 0.07055664062500000000 7
3552 356 0.07226562500000000000 7
3576 357 0.07250976562500000000 8
3584 358 0.07788085937500000000 8
3592 359 0.07568359375000000000 7
3608 360 0.07104492187500000000 7
3616 361 0.07983398437500000000 4
3624 362 0.06787109375000000000 2
3640 363 0.06860351562500000000 9
3648 364 0.08032226562500000000 8
3656 365 0.08154296875000000000 6
3672 366 0.06274414062500000000 8
3680 367 0.05981445312500000000 7
3688 368 0.07983398437500000000 7
3704 369 0.06616210937500000000 6
3712 370 0.06542968750000000000 5
3720 371 0.06665039062500000000 4
3736 372 0.06958007812500000000 5
3744 373 0.08105468750000000000 5
3752 374 0.06250000000000000000 5
3768 375 0.07128906250000000000 8
3776 376 0.07958984375000000000 7
3784 377 0.06298828125000000000 3
3800 378 0.06347656250000000000 4
3808 379 0.06005859375000000000 4
3832 380 0.08374023437500000000 8
3840 381 0.07910156250000000000 6
3848 382 0.07690429687500000000 3
3856 383 0.06420898437500000000 3
3864 384 0.07250976562500000000 5
3872 385 0.08496093750000000000 4
3880 386 0.07714843750000000000 4
3888 387 0.06909179687500000000 5
3896 388 0.06567382812500000000 5
3904 389 0.07958984375000000000 4
3912 390 0.06811523437500000000 4
3920 391 0.07763671875000000000 3
3928 392 0.06030273437500000000 3
3936 393 0.07397460937500000000 3
3944 394 0.07641601562500000000 2
3952 395 0.07250976562500000000 4
3960 396 0.06835937500000000000 3
3968 397 0.06372070312500000000 3
3984 398 0.07153320312500000000 4
3992 399 0.07324218750000000000 4
4000 400 0.06640625000000000000 4
4016 401 0.06933593750000000000 3
4024 402 0.07373046875000000000 3
4032 403 0.07324218750000000000 3
4048 404 0.06054687500000000000 7
4056 405 0.07324218750000000000 7
4064 406 0.07299804687500000000 5
4080 407 0.06054687500000000000 2
4088 408 0.06250000000000000000 2
4096 409 0.07739257812500000000 2
4104 410 0.07470703125000000000 2
4112 411 0.07397460937500000000 7
4120 412 0.06127929687500000000 6
4128 413 0.06567382812500000000 6
4136 414 0.07519531250000000000 3
4144 415 0.08081054687500000000 6
4152 416 0.06835937500000000000 6
4160 417 0.06347656250000000000 4
4168 418 0.08520507812500000000 2
4176 419 0.07202148437500000000 4
4184 420 0.07421875000000000000 4
4208 421 0.05737304687500000000 6
4216 422 0.08081054687500000000 6
4224 423 0.07373046875000000000 5
4232 424 0.06762695312500000000 3
4240 425 0.08642578125000000000 9
4248 426 0.07104492187500000000 8
4256 427 0.07177734375000000000 3
4264 428 0.07812500000000000000 3
4272 429 0.06933593750000000000 5
4280 430 0.07592773437500000000 4
4288 431 0.07397460937500000000 3
4304 432 0.07739257812500000000 10
4312 433 0.06103515625000000000 9
4320 434 0.07592773437500000000 8
4328 435 0.06176757812500000000 5
4336 436 0.06787109375000000000 3
4344 437 0.06811523437500000000 2
4352 438 0.07446289062500000000 1
4368 439 0.06250000000000000000 6
4376 440 0.07006835937500000000 6
4384 441 0.08178710937500000000 5
4400 442 0.06152343750000000000 6
4408 443 0.07739257812500000000 5
4416 444 0.07299804687500000000 3
4424 445 0.07250976562500000000 5
4432 446 0.07080078125000000000 5
4440 447 0.06518554687500000000 5
4448 448 0.08129882812500000000 2
4456 449 0.07983398437500000000 5
4464 450 0.06860351562500000000 5
4488 451 0.07812500000000000000 6
4496 452 0.07177734375000000000 6
4520 453 0.07373046875000000000 5
4528 454 0.07763671875000000000 5
4536 455 0.06909179687500000000 3
4552 456 0.07641601562500000000 5
4560 457 0.06689453125000000000 5
4568 458 0.05883789062500000000 4
4576 459 0.06982421875000000000 3
4584 460 0.08081054687500000000 6
4592 461 0.07495117187500000000 4
4600 462 0.08276367187500000000 2
4616 463 0.07031250000000000000 4
4624 464 0.07080078125000000000 3
4632 465 0.07739257812500000000 3
4640 466 0.06860351562500000000 1
4648 467 0.06518554687500000000 6
4656 468 0.06713867187500000000 6
4664 469 0.06909179687500000000 5
4672 470 0.07250976562500000000 4
4680 471 0.08178710937500000000 4
4688 472 0.06420898437500000000 3
4696 473 0.06811523437500000000 1
4704 474 0.06689453125000000000 1
4712 475 0.06542968750000000000 7
4720 476 0.07812500000000000000 6
4728 477 0.06933593750000000000 4
4744 478 0.07421875000000000000 2
4752 479 0.06860351562500000000 2
4760 480 0.07397460937500000000 2
4768 481 0.06420898437500000000 2
4776 482 0.07226562500000000000 7
4784 483 0.07128906250000000000 6
4792 484 0.05908203125000000000 5
4808 485 0.07373046875000000000 7
4816 486 0.06909179687500000000 6
4824 487 0.07641601562500000000 6
4840 488 0.07617187500000000000 6
4848 489 0.08325195312500000000 5
4856 490 0.07690429687500000000 4
4872 491 0.06909179687500000000 6
4880 492 0.06616210937500000000 5
4888 493 0.06616210937500000000 5
4896 494 0.07128906250000000000 2
4904 495 0.07568359375000000000 7
4912 496 0.07836914062500000000 6
4928 497 0.06958007812500000000 9
4936 498 0.07324218750000000000 7
4944 499 0.05981445312500000000 5
4952 500 0.07250976562500000000 3
4960 501 0.06445312500000000000 7
4968 502 0.06884765625000000000 6
4976 503 0.07031250000000000000 6
4992 504 0.06860351562500000000 5
5000 505 0.07885742187500000000 5
5008 506 0.07788085937500000000 4
5024 507 0.06933593750000000000 6
5032 508 0.06494140625000000000 5
5040 509 0.07617187500000000000 5
5048 510 0.06054687500000000000 3
5056 511 0.07031250000000000000 7
5064 512 0.07592773437500000000 6
5072 513 0.07568359375000000000 6
5080 514 0.06250000000000000000 2
5088 515 0.07055664062500000000 9
5096 516 0.07666015625000000000 9
5104 517 0.08227539062500000000 7
5120 518 0.07470703125000000000 3
5128 519 0.07104492187500000000 2
5136 520 0.07226562500000000000 1
5144 521 0.07495117187500000000 1
5152 522 0.07666015625000000000 4
5160 523 0.06518554687500000000 3
5168 524 0.06030273437500000000 3
5184 525 0.05590820312500000000 7
5192 526 0.05737304687500000000 5
5200 527 0.06567382812500000000 4
5216 528 0.06762695312500000000 7
5224 529 0.07714843750000000000 6
5248 530 0.06152343750000000000 9
5256 531 0.06079101562500000000 8
5264 532 0.06909179687500000000 8
5280 533 0.07006835937500000000 2
5288 534 0.06567382812500000000 2
5296 535 0.08007812500000000000 2
5312 536 0.07373046875000000000 6
5320 537 0.06933593750000000000 4
5328 538 0.06958007812500000000 2
5344 539 0.07153320312500000000 11
5352 540 0.07299804687500000000 11
5360 541 0.07324218750000000000 9
5376 542 0.08251953125000000000 8
5384 543 0.08129882812500000000 8
5392 544 0.06787109375000000000 6
5400 545 0.06347656250000000000 4
5408 546 0.06420898437500000000 6
5416 547 0.07495117187500000000 5
5424 548 0.05981445312500000000 4
5432 549 0.07739257812500000000 2
5440 550 0.06689453125000000000 6
5448 551 0.06909179687500000000 6
5456 552 0.07177734375000000000 5
5464 553 0.08203125000000000000 2
5472 554 0.06762695312500000000 9
5480 555 0.06640625000000000000 9
5488 556 0.06958007812500000000 7
5504 557 0.06591796875000000000 8
5512 558 0.07495117187500000000 7
5536 559 0.07958984375000000000 6
5544 560 0.05590820312500000000 6
5552 561 0.05908203125000000000 4
5560 562 0.06909179687500000000 2
5568 563 0.06811523437500000000 6
5576 564 0.08105468750000000000 4
5584 565 0.07202148437500000000 4
5600 566 0.06738281250000000000 7
5608 567 0.06298828125000000000 6
5616 568 0.06347656250000000000 5
5632 569 0.07373046875000000000 3
5640 570 0.06591796875000000000 3
5664 571 0.07348632812500000000 4
5672 572 0.07250976562500000000 4
5680 573 0.06640625000000000000 4
5688 574 0.06420898437500000000 2
5696 575 0.06982421875000000000 4
5704 576 0.08520507812500000000 3
5712 577 0.06469726562500000000 2
5728 578 0.06835937500000000000 8
5736 579 0.06909179687500000000 6
5744 580 0.07055664062500000000 4
5752 581 0.07324218750000000000 1
5760 582 0.08007812500000000000 4
5768 583 0.06542968750000000000 4
5776 584 0.06909179687500000000 4
5792 585 0.07690429687500000000 6
5800 586 0.07470703125000000000 6
5808 587 0.07250976562500000000 5
5824 588 0.05810546875000000000 9
5832 589 0.07128906250000000000 9
5856 590 0.07275390625000000000 5
5864 591 0.06713867187500000000 5
5872 592 0.06884765625000000000 5
5888 593 0.07055664062500000000 9
5896 594 0.08422851562500000000 8
5904 595 0.06884765625000000000 6
5912 596 0.07202148437500000000 3
5920 597 0.07641601562500000000 7
5928 598 0.06591796875000000000 6
5936 599 0.06152343750000000000 4
5952 600 0.07324218750000000000 4
5960 601 0.05786132812500000000 4
5968 602 0.07177734375000000000 4
5976 603 0.07666015625000000000 2
5984 604 0.07006835937500000000 3
5992 605 0.06762695312500000000 3
6016 606 0.06567382812500000000 6
6024 607 0.07690429687500000000 6
6048 608 0.06665039062500000000 3
6056 609 0.06054687500000000000 3
6064 610 0.08422851562500000000 3
6080 611 0.08300781250000000000 7
6088 612 0.06787109375000000000 6
6096 613 0.07910156250000000000 5
6112 614 0.07202148437500000000 9
6120 615 0.07446289062500000000 6
6128 616 0.06738281250000000000 6
6136 617 0.07299804687500000000 1
6144 618 0.06640625000000000000 9
6152 619 0.05346679687500000000 6
6176 620 0.07104492187500000000 6
6184 621 0.06127929687500000000 6
6192 622 0.08007812500000000000 6
6208 623 0.06494140625000000000 7
6216 624 0.05761718750000000000 7
6224 625 0.05957031250000000000 5
6232 626 0.06298828125000000000 5
6240 627 0.05419921875000000000 3
6248 628 0.05029296875000000000 2
6256 629 0.05126953125000000000 2
6272 630 0.05541992187500000000 5
6280 631 0.04907226562500000000 4
6304 632 0.05297851562500000000 6
6312 633 0.04565429687500000000 6
6320 634 0.04711914062500000000 5
6336 635 0.03881835937500000000 5
6344 636 0.05102539062500000000 4
6368 637 0.04638671875000000000 9
6376 638 0.04296875000000000000 9
6384 639 0.04272460937500000000 8
6400 640 0.04467773437500000000 6
6408 641 0.03247070312500000000 4
6416 642 0.02514648437500000000 3
6424 643 0.02514648437500000000 2
6432 644 0.02001953125000000000 10
6440 645 0.01049804687500000000 9
