0 1
16384 1
65536 0
81920 1
98304 1
114688 1
0 0
16384 1
32768 1
49152 0
65536 0
81920 1
98304 1
0 0
16384 1
32768 1
49152 0
65536 0
81920 1
98304 1
114688 1
0 0
16384 1
49152 0
65536 0
81920 1
114688 1
0 0
16384 1
32768 1
49152 0
65536 0
81920 1
98304 1
114688 1
0 0
16384 1
49152 0
65536 0
81920 1
98304 1
114688 1
0 0
16384 1
49152 0
65536 0
81920 1
114688 1
0 0
16384 1
49152 0
65536 0
81920 1
114688 1
0 0
16384 1
32768 1
49152 0
65536 0
114688 1
0 0
16384 1
49152 0
65536 0
114688 1
0 0
49152 0
65536 0
81920 1
114688 1
0 0
16384 1
49152 0
65536 0
81920 1
98304 1
114688 1
0 0
49152 0
65536 0
81920 1
98304 1
114688 1
0 0
16384 1
32768 1
49152 0
65536 0
81920 1
114688 1
0 0
16384 1
32768 1
49152 0
65536 0
81920 1
98304 1
114688 1
0 0
16384 1
32768 1
49152 0
65536 0
81920 1
98304 1
114688 1
0 0
16384 1
49152 0
65536 0
81920 1
114688 1
0 0
16384 1
32768 1
49152 0
65536 0
114688 1
0 0
16384 1
32768 1
49152 0
65536 0
81920 1
98304 1
114688 1
0 0
16384 1
49152 0
65536 0
81920 1
114688 1
0 0
16384 1
49152 0
65536 0
81920 1
114688 1
0 0
16384 1
32768 1
49152 0
65536 0
81920 1
98304 1
114688 1
0 0
16384 1
32768 1
49152 0
65536 0
81920 1
98304 1
114688 1
0 0
49152 0
65536 0
81920 1
114688 1
0 0
49152 0
65536 0
81920 1
98304 1
114688 1
0 0
16384 1
32768 1
49152 0
65536 0
81920 1
98304 1
114688 1
0 0
16384 1
49152 0
65536 0
81920 1
114688 1
0 0
16384 1
32768 1
49152 0
65536 0
81920 1
114688 1
0 0
16384 1
49152 0
65536 0
114688 1
0 0
16384 1
49152 0
65536 0
81920 1
114688 1
0 0
16384 1
32768 1
49152 0
65536 0
81920 1
98304 1
114688 1
0 0
16384 1
32768 1
49152 0
65536 0
81920 1
98304 1
114688 1
0 0
16384 1
32768 1
49152 0
65536 0
114688 1
0 0
16384 1
49152 0
65536 0
81920 1
98304 1
114688 1
0 0
16384 1
32768 1
49152 0
65536 0
81920 1
114688 1
0 0
16384 1
49152 0
65536 0
81920 1
98304 1
114688 1
0 0
16384 1
49152 0
65536 0
81920 1
114688 1
0 0
16384 1
49152 0
65536 0
81920 1
114688 1
0 0
16384 1
49152 0
65536 0
114688 1
0 0
16384 1
49152 0
65536 0
114688 1
0 0
16384 1
49152 0
65536 0
81920 1
98304 1
114688 1
0 0
16384 1
49152 0
65536 0
81920 1
114688 1
0 0
16384 1
32768 1
49152 0
65536 0
81920 1
114688 1
0 0
16384 1
49152 0
65536 0
81920 1
98304 1
114688 1
0 0
16384 1
49152 0
65536 0
81920 1
98304 1
114688 1
0 0
16384 1
49152 0
65536 0
81920 1
114688 1
0 0
49152 0
65536 0
114688 1
0 0
49152 0
65536 0
81920 1
98304 1
114688 1
0 0
16384 1
32768 1
49152 0
65536 0
81920 1
114688 1
0 0
16384 1
49152 0
65536 0
81920 1
114688 1
0 0
16384 1
49152 0
65536 0
114688 1
0 0
16384 1
49152 0
65536 0
114688 1
0 0
16384 1
49152 0
65536 0
81920 1
114688 1
0 0
49152 0
65536 0
81920 1
98304 1
114688 1
0 0
49152 0
65536 0
81920 1
114688 1
0 0
16384 1
32768 1
49152 0
65536 0
114688 1
0 0
16384 1
49152 0
65536 0
81920 1
114688 1
0 0
16384 1
49152 0
65536 0
81920 1
114688 1
0 0
16384 1
49152 0
65536 0
81920 1
114688 1
0 0
16384 1
49152 0
65536 0
114688 1
0 0
16384 1
32768 1
49152 0
65536 0
81920 1
98304 1
114688 1
0 0
16384 1
32768 1
49152 0
65536 0
81920 1
98304 1
114688 1
0 0
32768 1
49152 0
65536 0
98304 1
114688 1
1 1
32769 1
49153 1
65537 1
98305 1
114689 1
1 1
16385 1
32769 1
49153 1
65537 1
81921 1
98305 1
114689 1
1 1
16385 1
32769 1
49153 1
98305 1
114689 1
1 1
16385 1
32769 1
49153 1
65537 1
81921 1
98305 1
114689 1
1 1
32769 1
49153 1
65537 1
81921 1
98305 1
114689 1
1 1
32769 1
49153 1
65537 1
98305 1
114689 1
1 1
16385 1
32769 1
49153 1
65537 1
81921 1
98305 1
16385 1
32769 1
81921 1
98305 1
114689 1
16385 1
32769 1
49153 1
65537 1
81921 1
98305 1
114689 1
16385 1
32769 1
49153 1
65537 1
81921 1
98305 1
114689 1
1 1
16385 1
32769 1
49153 1
65537 1
81921 1
98305 1
114689 1
16385 1
32769 1
49153 1
65537 1
81921 1
98305 1
114689 1
16385 1
32769 1
49153 1
81921 1
98305 1
114689 1
16385 1
32769 1
49153 1
65537 1
81921 1
98305 1
1 1
16385 1
32769 1
49153 1
65537 1
81921 1
98305 1
1 1
16385 1
32769 1
65537 1
81921 1
98305 1
114689 1
1 1
16385 1
32769 1
49153 1
65537 1
81921 1
98305 1
1 1
16385 1
32769 1
49153 1
65537 1
81921 1
98305 1
1 1
16385 1
32769 1
65537 1
81921 1
1 1
16385 1
32769 1
65537 1
81921 1
98305 1
1 1
16385 1
32769 1
65537 1
81921 1
98305 1
1 1
16385 1
32769 1
49153 1
65537 1
81921 1
98305 1
114689 1
1 1
16385 1
32769 1
49153 1
65537 1
81921 1
98305 1
1 1
16385 1
65537 1
81921 1
98305 1
114689 1
1 1
16385 1
32769 1
65537 1
81921 1
98305 1
1 1
16385 1
65537 1
81921 1
98305 1
114689 1
1 1
16385 1
32769 1
65537 1
81921 1
98305 1
114689 1
1 1
16385 1
32769 1
65537 1
81921 1
98305 1
1 1
16385 1
65537 1
81921 1
98305 1
1 1
16385 1
32769 1
49153 1
65537 1
81921 1
98305 1
1 1
16385 1
32769 1
49153 1
65537 1
81921 1
1 1
16385 1
65537 1
81921 1
98305 1
1 1
16385 1
32769 1
65537 1
81921 1
98305 1
114689 1
1 1
16385 1
65537 1
81921 1
98305 1
1 1
16385 1
32769 1
49153 1
65537 1
81921 1
98305 1
1 1
16385 1
65537 1
81921 1
98305 1
1 1
16385 1
65537 1
81921 1
98305 1
1 1
16385 1
32769 1
49153 1
65537 1
81921 1
98305 1
1 1
16385 1
65537 1
81921 1
1 1
16385 1
32769 1
49153 1
65537 1
81921 1
98305 1
1 1
16385 1
65537 1
81921 1
98305 1
114689 1
1 1
16385 1
49153 1
65537 1
81921 1
114689 1
1 1
16385 1
49153 1
65537 1
81921 1
98305 1
114689 1
1 1
16385 1
49153 1
65537 1
81921 1
114689 1
1 1
16385 1
49153 1
65537 1
81921 1
98305 1
114689 1
1 1
16385 1
32769 1
49153 1
65537 1
114689 1
1 1
16385 1
49153 1
65537 1
81921 1
98305 1
114689 1
1 1
49153 1
65537 1
81921 1
98305 1
114689 1
1 1
16385 1
32769 1
49153 1
65537 1
81921 1
114689 1
1 1
16385 1
49153 1
65537 1
114689 1
1 1
49153 1
65537 1
81921 1
114689 1
1 1
16385 1
49153 1
65537 1
114689 1
1 1
16385 1
32769 1
49153 1
65537 1
81921 1
114689 1
1 1
16385 1
32769 1
49153 1
65537 1
81921 1
98305 1
114689 1
1 1
16385 1
32769 1
49153 1
65537 1
114689 1
1 1
16385 1
32769 1
49153 1
65537 1
81921 1
98305 1
114689 1
1 1
16385 1
32769 1
49153 1
98305 1
114689 1
32769 1
49153 1
65537 1
98305 1
114689 1
1 1
16385 1
32769 1
49153 1
65537 1
98305 1
114689 1
1 1
32769 1
49153 1
65537 1
81921 1
98305 1
16385 1
32769 1
81921 1
98305 1
114689 1
1 1
16385 1
32769 1
49153 1
65537 1
81921 1
98305 1
114689 1
1 1
16385 1
32769 1
49153 1
65537 1
81921 1
98305 1
114689 1
16386 1
32770 1
49154 1
65538 1
81922 1
98306 1
114690 1
2 1
16386 1
32770 1
49154 1
81922 1
98306 1
16386 1
32770 1
49154 1
65538 1
81922 1
98306 1
2 1
16386 1
32770 1
65538 1
81922 1
98306 1
2 1
16386 1
65538 1
81922 1
2 1
16386 1
32770 1
65538 1
81922 1
2 1
16386 1
32770 1
65538 1
81922 1
98306 1
114690 1
2 1
16386 1
65538 1
81922 1
98306 1
2 1
16386 1
32770 1
65538 1
81922 1
2 1
16386 1
32770 1
65538 1
81922 1
98306 1
2 1
16386 1
32770 1
49154 1
65538 1
81922 1
98306 1
2 1
16386 1
32770 1
65538 1
81922 1
98306 1
114690 1
2 1
16386 1
65538 1
81922 1
98306 1
2 1
16386 1
32770 1
65538 1
81922 1
98306 1
114690 1
2 1
16386 1
32770 1
49154 1
65538 1
81922 1
98306 1
114690 1
2 1
16386 1
32770 1
65538 1
81922 1
2 1
16386 1
32770 1
49154 1
65538 1
81922 1
114690 1
2 1
16386 1
32770 1
49154 1
98306 1
114690 1
2 1
16386 1
32770 1
49154 1
65538 1
81922 1
98306 1
114690 1
2 1
16386 1
32770 1
49154 1
65538 1
98306 1
114690 1
32770 1
49154 1
65538 1
81922 1
98306 1
114690 1
32770 1
49154 1
65538 1
98306 1
114690 1
2 1
32770 1
49154 1
65538 1
81922 1
98306 1
114690 1
2 1
16386 1
32770 1
49154 1
98306 1
114690 1
2 1
32770 1
49154 1
65538 1
81922 1
98306 1
114690 1
2 1
16386 1
32770 1
49154 1
81922 1
98306 1
114690 1
16386 1
32770 1
65538 1
81922 1
98306 1
2 1
16386 1
32770 1
49154 1
65538 1
81922 1
98306 1
114690 1
2 1
16386 1
32770 1
65538 1
81922 1
2 1
16386 1
32770 1
65538 1
81922 1
98306 1
114690 1
2 1
16386 1
32770 1
49154 1
65538 1
81922 1
98306 1
2 1
16386 1
32770 1
49154 1
65538 1
81922 1
2 1
16386 1
65538 1
81922 1
98306 1
114690 1
2 1
16386 1
32770 1
65538 1
81922 1
98306 1
114690 1
2 1
16386 1
32770 1
49154 1
65538 1
81922 1
2 1
16386 1
32770 1
65538 1
81922 1
98306 1
2 1
16386 1
32770 1
49154 1
65538 1
81922 1
98306 1
114690 1
2 1
16386 1
32770 1
65538 1
81922 1
98306 1
114690 1
2 1
16386 1
65538 1
81922 1
98306 1
2 1
16386 1
32770 1
65538 1
81922 1
98306 1
114690 1
2 1
49154 1
65538 1
81922 1
114690 1
2 1
49154 1
65538 1
81922 1
114690 1
2 1
16386 1
32770 1
49154 1
65538 1
81922 1
98306 1
114690 1
2 1
16386 1
49154 1
65538 1
81922 1
98306 1
114690 1
2 1
16386 1
32770 1
49154 1
65538 1
81922 1
98306 1
114690 1
2 1
16386 1
49154 1
65538 1
81922 1
98306 1
114690 1
2 1
32770 1
49154 1
65538 1
81922 1
98306 1
114690 1
2 1
16386 1
32770 1
49154 1
81922 1
98306 1
114690 1
2 1
16386 1
32770 1
81922 1
98306 1
114690 1
16386 1
32770 1
65538 1
81922 1
98306 1
114690 1
2 1
16386 1
65538 1
81922 1
98306 1
2 1
16386 1
32770 1
49154 1
65538 1
81922 1
98306 1
114690 1
2 1
16386 1
32770 1
49154 1
65538 1
81922 1
98306 1
114690 1
2 1
16386 1
32770 1
49154 1
65538 1
81922 1
114690 1
2 1
49154 1
65538 1
81922 1
114690 1
2 1
49154 1
65538 1
81922 1
98306 1
114690 1
2 1
16386 1
49154 1
65538 1
81922 1
98306 1
114690 1
2 1
16386 1
49154 1
65538 1
114690 1
2 1
49154 1
65538 1
114690 1
2 1
49154 1
65538 1
81922 1
114690 1
2 1
16386 1
49154 1
65538 1
81922 1
114690 1
2 1
16386 1
32770 1
49154 1
65538 1
81922 1
114690 1
2 1
16386 1
49154 1
65538 1
81922 1
114690 1
3 0
16387 1
32771 1
49155 0
65539 0
81923 1
114691 0
3 0
16387 1
32771 1
49155 0
65539 0
81923 1
98307 1
114691 0
3 0
16387 1
49155 0
65539 0
81923 1
114691 0
3 0
16387 1
32771 1
49155 0
65539 0
81923 1
114691 0
3 0
16387 1
32771 1
49155 0
65539 0
114691 0
3 0
16387 1
32771 1
49155 0
65539 0
81923 1
98307 1
114691 0
3 0
16387 1
32771 1
49155 0
65539 0
81923 1
114691 0
3 0
16387 1
49155 0
65539 0
81923 1
114691 0
3 0
16387 1
49155 0
65539 0
81923 1
98307 1
114691 0
3 0
49155 0
65539 0
81923 1
114691 0
3 0
16387 1
49155 0
65539 0
81923 1
114691 0
3 0
49155 0
65539 0
81923 1
98307 1
114691 0
3 0
16387 1
49155 0
65539 0
81923 1
114691 0
3 0
16387 1
49155 0
65539 0
81923 1
114691 0
3 0
16387 1
32771 1
49155 0
65539 0
81923 1
98307 1
114691 0
3 0
16387 1
49155 0
65539 0
81923 1
114691 0
3 0
16387 1
32771 1
49155 0
65539 0
114691 0
3 0
49155 0
65539 0
81923 1
114691 0
3 0
49155 0
65539 0
114691 0
3 0
16387 1
49155 0
65539 0
81923 1
98307 1
114691 0
3 0
16387 1
32771 1
49155 0
65539 0
81923 1
98307 1
114691 0
3 0
49155 0
65539 0
114691 0
3 0
16387 1
32771 1
49155 0
65539 0
81923 1
98307 1
114691 0
3 0
16387 1
32771 1
49155 0
65539 0
81923 1
114691 0
3 0
16387 1
32771 1
49155 0
65539 0
81923 1
114691 0
3 0
16387 1
49155 0
65539 0
81923 1
114691 0
3 0
16387 1
49155 0
65539 0
114691 0
3 0
16387 1
32771 1
49155 0
65539 0
81923 1
98307 1
114691 0
3 0
16387 1
32771 1
49155 0
65539 0
114691 0
3 0
16387 1
32771 1
