32772 2393
114691 2852
65539 2917
49155 2980
3 3046
49152 4301
65536 4370
0 4435
49158 2087
114693 2530
98308 2997
81922 3863
114688 4725
16384 4790
12 104
81931 507
81930 779
16392 1551
32775 1934
65543 1989
49159 2042
7 2103
114694 2535
81923 4096
49157 3320
65538 4595
98318 272
114698 1077
32778 1129
16394 1179
9 1628
114695 2588
32784 17
32784 2
32782 573
32784 46
32784 15
32784 5
5 3809
32784 29
32784 5
32784 1
32784 1
98309 3857
32784 54
114705 13
114705 2
65551 514
114705 56
114705 10
114705 1
81924 4407
114705 49
114705 12
114705 1
49156 4502
114705 49
114705 3
114705 1
2 5367
114706 35
114706 4
98322 43
114706 4
98322 6
114705 66
98322 1
114706 1
81921 5842
114706 47
114706 6
98322 59
114706 4
114706 1
98322 7
65537 5927
32781 1354
16401 383
16401 489
16401 506
16401 520
65552 588
65552 605
65552 646
65552 667
65552 713
32776 2845
65552 775
65552 680
65552 645
16401 496
16401 434
49167 1094
16386 5811
49170 260
49170 263
49170 298
49170 262
16402 323
17 328
17 409
17 470
17 529
17 550
81934 1440
114697 2612
98326 1
49166 1451
98326 32
98326 6
65544 3052
98326 50
98326 9
98326 1
49160 3121
98326 45
98326 5
114708 340
98326 45
98326 2
98311 3764
32791 33
32791 7
32791 2
32791 1
98327 63
98327 12
98327 4
98327 1
32791 22
32791 7
32791 1
32791 1
98327 13
98327 3
32791 7
32791 1
98327 3
32791 1
98326 119
98327 1
32791 1
98327 1
98319 1563
98327 40
114712 13
114712 1
32791 59
114712 12
114712 1
6 4682
114712 47
114712 9
114712 1
16389 5124
114712 43
114712 8
114712 2
81932 2704
114712 44
114692 5900
65547 3230
16387 6430
114714 52
114714 14
114714 3
1 7315
114714 51
114714 5
114714 2
114714 1
11 3436
98331 3
114714 46
98331 2
81920 7844
65563 62
65563 14
49161 3559
65563 52
65563 4
65563 1
16395 3608
65554 976
49162 3233
81928 4161
65565 33
65565 7
32774 5478
65565 45
65565 5
114701 3173
65565 18
16385 7841
98333 83
98333 178
98333 165
49181 216
16413 33
32798 6
81945 856
32798 47
32798 6
32798 1
98328 947
65560 958
32798 5
65560 979
32798 1
32792 1026
32798 9
32798 1
65560 1125
32798 21
32786 1479
32798 49
32792 1215
32798 22
32798 2
18 1571
32798 50
49183 2
49183 1
49183 1
32798 16
49183 1
32792 1332
49183 3
49183 1
49183 1
65553 1735
49183 13
49183 6
49183 2
49183 1
98328 1374
65568 13
65568 5
65568 4
65568 1
65568 1
98336 38
98336 18
98336 4
98336 1
65568 28
33 1
32801 1
33 1
32801 1
32801 1
65568 26
33 2
32801 8
33 2
32801 5
32801 3
32801 1
32801 1
32801 1
98336 51
32801 10
32801 5
32801 2
32801 1
32801 1
33 27
32801 5
33 1
33 1
32801 5
32801 1
33 2
33 1
32801 1
49183 194
32801 1
33 17
33 5
33 2
33 1
32801 14
32801 1
33 2
32801 1
32801 1
33 1
32801 1
65560 1612
32801 1
33 4
32792 1619
32792 1601
16406 1787
16406 1836
65553 2460
16406 1944
16406 2011
16406 2026
16 2670
16406 2078
49172 2242
32797 975
16406 2182
16 3091
98313 4824
16393 4880
98312 5318
32804 37
32804 16
32804 3
16413 1215
32804 41
32804 4
16406 2329
16391 5977
32804 19
65573 1
65573 1
16421 5
65573 1
32804 12
65573 2
16421 1
16421 1
32790 2496
16421 46
16421 17
16421 6
16421 2
16421 1
65573 78
16421 17
16421 8
16421 3
16421 1
65573 34
65573 4
65573 1
65573 1
16421 9
16421 3
65573 5
22 2634
16398 4143
114727 45
114727 11
114727 2
98343 67
98343 11
98343 1
114727 18
114727 3
98343 6
114727 1
98343 2
98343 1
39 101
114727 19
114727 3
39 26
114727 7
114727 1
39 12
39 2
114727 4
39 1
98343 49
114727 10
114727 2
114727 1
98343 19
114727 1
98343 3
98343 1
114727 1
39 29
39 7
39 1
114727 12
65576 2
65576 1
32792 2456
65542 6847
98344 46
98344 4
65576 56
98344 12
65576 17
98344 2
65576 1
98344 1
98316 4888
98344 45
98344 10
98344 1
65576 62
98344 3
65576 7
98333 1759
65576 6
98344 10
98344 1
98328 2632
65560 2511
65576 1
16 4086
65576 1
32773 7956
32809 1
41 3
41 1
41 1
65576 56
32809 11
41 14
32809 2
41 7
41 1
32809 4
32809 1
41 2
32809 1
98344 93
41 7
32809 12
32809 5
41 7
41 1
32809 4
41 1
41 1
49173 3443
32809 50
32810 23
32810 4
32810 1
16426 31
32810 1
16426 3
32810 1
32809 44
41 102
32810 12
16426 16
16426 1
32810 4
114700 5501
32810 40
32810 4
16426 53
16426 7
32810 15
98333 1988
32771 9120
32810 16
32810 1
16426 33
32810 1
16426 3
18 4124
16426 1
32810 1
49164 5641
16426 40
32810 49
32810 10
32810 1
16426 15
32783 4993
98347 20
98347 6
98347 1
32811 33
32811 7
32811 1
98347 13
32811 2
32811 1
98347 5
32811 1
98347 2
98347 1
32811 1
32810 78
32811 2
98347 4
32811 1
98347 1
32811 1
16426 89
32811 1
98347 2
98347 1
32811 1
32770 9744
32811 42
32811 10
32811 2
98347 60
32811 14
98347 18
32811 1
98347 3
32786 4384
49181 2294
98347 1
98305 10243
16428 23
16428 15
16428 9
16428 5
32811 82
98347 88
32780 6014
16396 6059
98317 5809
114723 1551
114730 565
114730 725
114730 587
16411 2531
16411 2557
16411 2645
114699 5545
4 9394
16411 3126
65582 329
65578 642
65578 709
65578 768
65578 840
98346 851
65578 860
98346 878
65578 853
65578 826
34 1673
34 1675
114718 2077
114718 2199
32795 2615
32795 2792
65587 14
65587 6
65587 3
65587 1
65587 1
32795 2907
65587 13
65587 5
65587 1
34 1855
65587 1
10 6280
65587 41
65587 20
65545 6839
8 7421
81926 8477
98325 4816
65578 1309
65578 1238
81968 532
53 14
53 1
53 1
98346 1286
53 1
16432 567
53 11
53 2
53 1
47 794
81965 47
65583 197
81963 598
81963 564
81963 595
81971 257
65577 1212
65577 1229
65577 1234
65577 1255
65577 1268
65577 1278
65577 1296
65577 1307
65577 1306
65577 1280
81971 353
56 3
56 1
81971 400
56 11
56 4
56 1
56 1
65569 2102
56 1
65569 2121
56 6
56 2
56 1
65569 2150
56 7
56 3
56 1
56 1
65569 2180
56 4
56 1
65569 2216
56 7
56 4
56 2
56 1
65569 2240
56 1
56 1
65569 2255
56 2
65569 2265
56 1
65569 2249
56 1
65569 2210
49182 2443
56 1
49182 2498
56 5
81971 516
49182 2623
65593 10
56 21
65593 1
98334 2675
65593 26
65593 9
65593 5
65593 2
65593 2
65593 1
65593 1
65593 1
65593 1
49182 2746
65593 3
65593 1
98334 2823
65593 13
49182 2842
49182 2840
16414 2851
81971 700
81971 681
16434 838
49213 3
49213 1
49213 1
81980 54
49213 20
49213 5
49213 1
49178 3733
49213 7
49178 3751
49178 3806
49213 9
49213 2
49213 1
25 4025
49213 34
49213 9
114750 2
114750 2
114750 2
114750 2
114750 2
114750 2
114750 2
114750 2
114750 2
114750 2
114750 2
114750 2
114751 1
81983 1
81983 1
81983 1
114750 6
81983 1
81983 1
81983 1
49182 3192
81983 1
16414 3189
114751 1
81983 2
81983 1
114751 2
81983 1
81983 1
114751 1
81983 1
114751 1
81983 1
81983 1
81983 1
114751 1
81983 1
114751 1
98334 3209
81983 1
114751 1
81983 2
81983 1
81983 1
49182 3169
81983 1
32796 3657
114751 38
114751 7
114751 2
114751 1
81983 60
114751 28
81983 34
49182 3213
49182 3188
65569 2871
81971 1013
81943 4651
16419 3013
32803 3068
114702 6315
49163 6997
81972 1156
20 5563
81956 3144
81956 3167
32820 1250
81956 3258
32777 8201
65605 41
65605 1
81956 3317
65605 15
81956 3301
65605 3
16407 5522
65605 28
65605 5
16407 5496
98310 9819
65605 47
65605 7
81941 6322
65605 43
65605 5
65605 1
65577 2943
49201 2028
65605 26
65605 4
49178 5510
65605 19
65605 3
65605 1
98307 11944
65589 1624
32789 6566
32779 8931
114690 12591
65589 1775
81963 2910
49154 12648
81963 2854
81963 2856
49153 13104
49178 5772
32814 2774
49179 5768
65603 739
81960 2502
81960 2520
81960 3608
81960 3451
81960 3583
65607 326
81990 464
16439 1092
32808 2414
32808 2426
32808 2501
36 3660
65 822
36 3857
36 4073
36 3973
98359 1889
81927 10026
49191 3805
32808 3615
32808 3536
32808 3451
98315 9275
114689 13623
32769 13670
114759 323
64 672
81984 673
114749 810
114749 848
114749 851
114749 862
81978 899
65588 1273
49189 2921
114749 867
114749 889
114749 898
49202 1735
114749 860
65601 821
49189 3648
49189 3653
49189 3649
35 3862
49199 2275
16399 7187
49219 830
65546 8333
49174 6388
49174 6482
114696 9533
49174 6503
49189 4378
49192 4039
95874 31
32844 476
46754 3
95902 16
35 37
32823 2416
32844 2
114759 24
49219 34
63143 36
49192 4360
98379 830
49192 4314
81974 2819
65541 12426
81998 29
81998 1
65614 39
81998 8
65614 10
81998 1
65614 3
32821 2991
81998 28
81998 3
81998 1
65614 35
81998 6
81998 1
32821 3210
65614 8
65614 1
81998 17
81998 2
81998 1
65614 5
81998 1
65614 2
65614 1
81998 1
32821 3215
98306 14081
81998 42
81998 10
65614 60
81998 14
65614 17
65610 1256
46735 3
95874 20
128620 23
30317 35
16405 8600
49192 30
16438 3733
79516 56
95855 125
61 1279
95855 2
61 1333
16430 1718
13977 36
81977 1459
81977 1465
81977 1480
65579 2113
95855 20
81977 1538
81977 1555
81977 1556
32806 3221
81977 1623
81977 1602
81977 1593
98355 2217
61 1614
81947 4965
13977 3
81947 5168
61 1630
98355 2412
16444 1726
79516 18
81947 5332
16444 1
61 1668
61 1663
16410 5494
16410 5557
16410 5615
95855 8
65561 5756
81938 6360
95855 38
16400 7255
98314 9623
16400 8371
79516 9
81947 6543
16400 1035
81935 9176
98355 23
16390 12616
16444 75
81925 13476
81925 18
16388 13931
81935 21
16410 8206
65579 5324
16410 8143
65579 5541
65579 5544
16410 8418
128684 1129
63128 563
46747 260
63104 342
63141 495
46739 600
13952 643
112257 690
30319 705
112257 699
128672 765
79534 811
13994 822
79521 847
63087 921
95912 1144
30364 1189
46748 1193
46759 1174
46739 1
128655 1233
30364 1
63105 721
30364 1
46725 706
79491 674
79491 418
63152 155
30368 260
46701 432
13997 467
63142 501
112289 526
95898 530
95898 571
30368 3
13989 771
30378 840
63126 885
112289 1
46745 909
13954 956
13935 974
128685 860
46745 50
46751 1234
63132 1254
63142 2
63118 1294
30345 1320
128641 779
63081 523
30316 1404
30378 4
30378 1
128616 1420
77 1599
128616 6
30316 18
13999 47
128685 80
46751 453
63107 264
128641 1
19 10125
114760 2894
112300 617
128660 780
46730 826
112232 901
95905 983
13996 1020
128677 1081
95905 1102
128660 1123
95905 227
49230 1293
63138 1474
128670 1490
16418 1528
112276 1531
63138 1
79508 1541
13966 1567
46733 1581
13959 996
112271 996
52 2885
13996 28
112300 44
128670 989
81946 6332
79524 932
49169 7452
112232 18
16418 5402
13959 23
49169 8048
112271 1
13959 6
13966 10
46733 21
63083 1868
32836 2844
128660 41
16418 44
79508 47
16452 2902
79524 2
128677 1
63138 13
128670 1
95905 17
95885 1906
81946 8694
112300 19
13996 22
49230 1890
49169 10347
63123 479
32815 6227
112297 1833
81964 2900
81964 2911
81964 2931
81964 2962
16440 3000
16440 3014
16440 3016
16440 3021
16440 3030
16440 3034
16440 3040
16440 3047
16440 3056
16440 3062
16440 3069
16440 3075
16440 3082
16440 3096
16440 3107
16440 3098
16440 3089
16440 3079
16440 3062
16440 3063
16440 3061
16440 3062
16440 3049
95890 1185
65540 14987
114761 3408
98304 17390
95888 1352
49215 2913
49215 2938
49215 2945
49215 2946
98360 3138
81962 3979
81962 4018
81962 4056
81962 4377
81962 4377
98360 3307
81954 5410
98360 3372
98360 3356
98360 3353
98360 3354
98360 3357
98360 3359
81950 5856
81950 5900
81950 6087
81950 6157
95888 1181
81950 6201
114717 6319
114717 6426
114717 6446
114717 6486
114717 6299
114738 4254
81950 6532
49215 3389
49215 3391
49215 3387
81950 6597
49215 3388
49215 3389
81954 6225
81954 6362
81929 11684
81936 10181
81936 1
128621 2766
81962 6858
65556 11179
46703 2118
46703 469
30344 48
46760 1550
30366 2046
112266 2108
13984 2421
46760 944
46760 947
13984 445
30344 2605
79490 2654
13984 11
30366 1463
79490 1338
46760 895
16455 4120
46760 62
95924 896
128619 382
13953 1066
128688 1170
30367 1741
63119 1843
46753 1985
30367 1261
13986 2126
46761 2131
128668 1072
13986 1324
128668 2216
13963 2265
128619 2288
63119 1429
30367 1117
30367 1124
63119 2671
63119 1
13986 1103
46761 541
128668 665
128688 726
128688 379
79471 3015
79471 1846
112236 477
30386 691
46741 828
14000 1168
13995 1563
112303 1575
30383 1577
63145 1649
112303 1189
112282 1808
95914 1248
112258 1952
13932 1982
63145 9
13980 1064
112299 2137
112303 1
13987 1318
63145 5
95914 2173
95914 2
13982 2287
112293 2302
128676 2317
128654 169
95917 2348
13987 2386
128654 2438
13957 2458
128642 2486
112293 356
112236 2539
128676 1565
95913 2759
128654 3
13980 2814
95901 2855
128667 2875
128663 2892
13967 2910
46741 2928
128675 1402
13932 804
63113 3027
63145 5
112282 925
13982 1778
112258 2507
128675 492
112236 838
128640 3127
95917 5
95901 993
112303 1
13995 1052
112303 5
63113 345
95873 3251
13995 726
128640 3296
13995 1
112299 2500
95913 1937
95913 755
30383 1955
95901 547
128663 2091
13932 1
14000 335
32843 4241
112258 1404
13957 1
128642 1970
63112 83
46722 655
128643 1086
112234 1123
79529 1204
95906 1233
46738 1439
128643 1497
95851 1535
30382 1579
79537 1190
128665 1813
79529 1051
128665 1306
112292 2211
95878 72
95906 2429
128643 105
63122 2534
46738 2542
112270 2559
79537 311
128650 2608
112270 354
112292 1740
46738 389
128674 2985
79519 3027
112270 214
95894 3113
30350 3160
79502 3177
46738 8
112270 12
30350 14
95878 3198
112262 3227
13973 3224
63112 3320
46738 1
30350 9
95906 2005
46738 3
95894 2072
95906 783
79537 282
128665 1040
63122 1043
46722 3544
79502 8
112270 10
30382 1016
95895 2857
128665 9
128643 317
14002 1087
95894 1
112234 3723
128674 1795
13973 1875
79529 1124
112262 1022
79519 2724
112292 917
46722 2279
112234 2291
95851 1735
112304 216
112304 906
112294 1236
112298 1640
112298 1351
112298 174
95909 2471
112274 2639
95919 1695
112274 2086
112294 2055
81989 3954
81989 4017
95909 1359
95919 1362
112298 444
95909 457
95919 454
128622 3621
112274 7
98342 6217
112274 30
65567 7103
112294 12
65567 7123
112294 1
65567 7133
65567 7150
65567 7161
65567 7166
65567 7176
98342 3106
81948 8016
112304 646
128673 3203
81989 4674
65567 7902
65567 7903
65567 7881
81989 4742
128622 709
81989 5017
81989 4992
81989 4977
81989 4989
49165 12585
112274 26
81989 5175
81989 5494
32768 19293
128656 3543
112265 3669
112265 1719
81979 4982
114753 5041
112265 23
128656 1270
16429 4698
30390 63
128661 1905
30390 258
30390 393
30390 507
30390 215
128661 3093
14015 197
46724 2290
46734 2459
46734 692
46724 540
14009 474
13983 3622
46743 3671
114757 4297
114757 4321
112308 1758
46734 626
13983 1903
46724 927
46743 1757
112308 1763
112308 1690
114757 5061
46743 22
114757 5089
13983 336
79465 4471
114757 5388
114757 5575
114757 5852
114757 5801
114762 5488
30362 294
46765 1215
46731 1417
30362 1798
46765 193
128645 2367
46731 760
46765 434
46765 598
46765 442
128645 730
46731 573
30362 2382
46731 822
114766 3491
114766 3536
114766 3542
13974 3756
30362 904
46731 122
112261 128
112261 3976
46765 170
128645 778
112309 2140
13974 685
112317 467
112309 1983
81997 4855
46700 4761
112309 1
30362 662
112309 3
114764 5224
46700 632
114766 4685
114766 4753
114766 4691
114766 4679
128692 2679
63147 1226
30339 1064
63086 1494
63086 1542
63147 1116
95920 1120
63147 1223
95886 2172
13978 2462
112306 390
63086 3534
112288 3816
79520 3848
95883 79
95883 4076
14018 8
63130 3963
95883 3
63130 1929
112288 2919
30351 3981
95883 16
63086 2518
63147 2534
79520 887
63130 2
30339 4049
63086 1647
30351 607
13978 1303
112288 3103
63147 1
95920 2842
95920 1
13978 1337
46727 5105
63147 23
30351 254
128691 2943
63086 2
30339 9
95886 3898
112318 718
30339 3
95883 1
95893 3926
49224 6608
14005 213
95879 462
128623 889
95879 1048
95879 1427
95897 255
128623 809
95897 3248
95879 1090
112239 3630
95879 1217
128623 2453
95879 481
79493 4883
95897 1511
14005 1282
112239 3454
95923 3464
79493 1
128623 2621
112239 1986
71 6675
112286 2786
63117 3351
112286 2998
79496 4806
79496 3
112286 2651
63117 606
79552 346
114737 7859
114737 1748
30377 1693
30352 3370
63127 4342
30377 995
30352 536
30352 215
30377 4635
63127 4364
112324 37
46720 5468
112324 153
13929 5668
32837 6569
81993 7005
13993 742
128659 1001
79515 1349
112281 1358
46764 1634
79515 1794
128659 2145
79499 2333
128659 435
13993 470
13993 2605
46764 2633
13993 496
79515 1865
13993 546
79499 3831
79499 1604
14011 1249
128659 1494
112281 3518
98375 5389
13993 2242
112281 2031
46764 3190
13993 372
14011 902
128659 2126
14011 1898
14011 1911
79515 1878
46764 2264
128706 669
30403 902
65609 7300
112281 1
30403 43
49227 6974
14011 14
79515 41
128706 53
112281 60
98376 7596
128706 13
46764 38
128659 54
79499 2832
95927 59
114767 1156
79511 1012
128681 71
128681 1472
128681 451
128669 2530
95911 2774
128679 2775
128666 2038
128666 2946
112327 198
95911 2003
95911 3313
16462 4559
112284 4916
63136 4979
128681 2356
128681 1700
128679 4351
95911 2659
128669 4533
46792 383
46792 1
79511 3820
128681 8
63136 3360
128666 3608
112327 448
79511 3737
63136 2296
128679 878
128669 2328
95911 1407
79511 2027
128666 2713
112284 1987
16462 6433
16462 6371
128698 2778
128698 2
128666 6
79511 1073
16462 6388
63178 408
114767 2396
95927 3691
79548 336
128695 348
128695 804
79548 1986
79548 82
79548 93
79538 3892
128695 2172
46776 281
46776 392
46776 682
46776 2505
76 7126
95875 1502
13969 173
95875 4148
46785 740
13969 5379
