0.000000	0	0	16	0
0.003814	0	32	88	0
0.024794	0	128	80	0
0.043866	0	216	24	0
0.049587	0	248	88	0
0.070566	0	344	24	0
0.076288	0	368	32	0
0.083917	0	408	24	0
0.089638	0	440	24	0
0.095360	0	472	24	0
0.101082	0	504	48	0
0.112525	0	568	24	0
0.118246	0	600	16	0
0.122061	0	632	16	0
0.125875	0	664	24	0
0.131597	0	696	24	0
0.137318	0	728	48	0
0.148762	0	792	64	0
0.164019	0	856	24	0
0.169741	0	888	128	0
0.200256	0	1016	24	0
0.205978	0	1048	24	0
0.211699	0	1080	48	0
0.223142	0	1144	40	0
0.232678	0	1184	48	0
0.244122	0	1240	24	0
0.249843	0	1272	24	0
0.255565	0	1304	24	0
0.261286	0	1336	128	0
0.291802	0	1464	16	0
0.295616	0	1496	24	0
0.301338	0	1528	16	0
0.305152	0	1560	120	0
0.333760	0	1688	24	0
0.339482	0	1720	56	0
0.352832	0	1784	24	0
0.358554	0	1816	16	0
0.362368	0	1848	24	0
0.368090	0	1880	24	0
0.373811	0	1912	128	0
0.404326	0	2040	48	0
0.415770	0	2104	24	0
0.421491	0	2136	88	0
0.442470	0	2232	24	0
0.448192	0	2264	56	0
0.461542	0	2328	24	0
0.467264	0	2360	24	0
0.472986	0	2392	24	0
0.478707	0	2424	24	0
0.484429	0	2456	16	0
0.488243	0	2488	24	0
0.493965	0	2520	16	0
0.497779	0	2552	24	0
0.503501	0	2584	56	0
0.516851	0	2648	24	0
0.522573	0	2680	16	0
0.526387	0	2696	40	0
0.535923	0	2744	24	0
0.541645	0	2776	56	0
0.554995	0	2840	56	0
0.568346	0	2904	24	0
0.574067	0	2936	16	0
0.577882	0	2968	16	0
0.581696	0	3000	16	0
0.585510	0	3032	88	0
0.606490	0	3128	24	0
0.612211	0	3160	8	0
0.614118	0	3168	16	0
0.617933	0	3192	24	0
0.623654	0	3224	16	0
0.627469	0	3256	24	0
0.633190	0	3288	16	0
0.637005	0	3320	24	0
0.642726	0	3352	24	0
0.648448	0	3384	16	0
0.652262	0	3416	48	0
0.663706	0	3480	16	0
0.667520	0	3496	8	0
0.669427	0	3512	48	0
0.680870	0	3576	24	0
0.686592	0	3608	24	0
0.692314	0	3640	24	0
0.698035	0	3672	24	0
0.703757	0	3704	24	0
0.709478	0	3736	24	0
0.715200	0	3768	24	0
0.720922	0	3800	16	0
0.724736	0	3832	128	0
0.755251	0	3960	16	0
0.759066	0	3984	8	0
0.760973	0	3992	16	0
0.764787	0	4016	24	0
0.770509	0	4048	24	0
0.776230	0	4080	112	0
0.802931	0	4208	88	0
0.823910	0	4304	56	0
0.837261	0	4368	24	0
0.842982	0	4400	72	0
0.860147	0	4488	16	0
0.863962	0	4520	24	0
0.869683	0	4552	56	0
0.883034	0	4616	120	0
0.911642	0	4744	56	0
0.924992	0	4808	24	0
0.930714	0	4840	24	0
0.936435	0	4872	48	0
0.947878	0	4928	56	0
0.961229	0	4992	24	0
0.966950	0	5024	88	0
0.987930	0	5120	56	0
1.001280	0	5184	24	0
1.007002	0	5216	16	0
1.010816	0	5248	24	0
1.016538	0	5280	24	0
1.022259	0	5312	24	0
1.027981	0	5344	24	0
1.033702	0	5376	24	0
1.039424	0	5400	96	0
1.062310	0	5504	16	0
1.066125	0	5536	56	0
1.079475	0	5600	24	0
1.085197	0	5632	16	0
1.089011	0	5664	56	0
1.102362	0	5728	56	0
1.115712	0	5792	24	0
1.121434	0	5824	16	0
1.125248	0	5856	24	0
1.130970	0	5888	56	0
1.144320	0	5952	48	0
1.155763	0	6016	16	0
1.159578	0	6048	24	0
1.165299	0	6080	24	0
1.171021	0	6112	48	0
1.182464	0	6176	24	0
1.188186	0	6208	56	0
1.201536	0	6272	16	0
1.205350	0	6304	24	0
1.211072	0	6336	16	0
1.214886	0	6368	24	0
1.220608	0	6400	56	0
1.233958	0	6464	16	0
1.237773	0	6496	16	0
1.241587	0	6528	40	0
1.251123	0	6568	16	0
1.254938	0	6592	16	0
1.258752	0	6624	48	0
1.270195	0	6680	24	0
1.275917	0	6712	24	0
1.281638	0	6744	56	0
1.294989	0	6808	24	0
1.300710	0	6840	24	0
1.306432	0	6872	80	0
1.325504	0	6968	24	0
1.331226	0	7000	48	0
1.342669	0	7064	88	0
1.363648	0	7160	24	0
1.369370	0	7192	16	0
1.373184	0	7224	16	0
1.376998	0	7256	24	0
1.382720	0	7288	24	0
1.388442	0	7320	16	0
1.392256	0	7352	56	0
1.405606	0	7416	112	0
1.432307	0	7544	104	0
1.457101	0	7664	16	0
1.460915	0	7696	24	0
1.466637	0	7728	56	0
1.479987	0	7792	24	0
1.485709	0	7824	40	0
1.495245	0	7880	16	0
1.499059	0	7912	128	0
1.529574	0	8040	24	0
1.535296	0	8072	40	0
1.544832	0	8112	48	0
1.556275	0	8168	16	0
1.560090	0	8200	48	0
1.571533	0	8256	24	0
1.577254	0	8288	24	0
1.582976	0	8320	16	0
1.586790	0	8352	16	0
1.590605	0	8384	24	0
1.596326	0	8416	16	0
1.600141	0	8448	24	0
1.605862	0	8480	32	0
1.613491	0	8512	16	0
1.617306	0	8544	24	0
1.623027	0	8576	24	0
1.628749	0	8608	16	0
1.632563	0	8640	24	0
1.638285	0	8672	24	0
1.644006	0	8704	56	0
1.657357	0	8768	24	0
1.663078	0	8800	48	0
1.674522	0	8864	24	0
1.680243	0	8896	24	0
1.685965	0	8928	96	0
1.708851	0	9024	24	0
1.714573	0	9056	16	0
1.718387	0	9088	48	0
1.729830	0	9144	40	0
1.739366	0	9200	120	0
1.767974	0	9328	16	0
1.771789	0	9360	48	0
1.783232	0	9424	24	0
1.788954	0	9456	24	0
1.794675	0	9488	80	0
1.813747	0	9584	24	0
1.819469	0	9616	80	0
1.838541	0	9704	24	0
1.844262	0	9736	16	0
1.848077	0	9760	24	0
1.853798	0	9792	64	0
1.869056	0	9856	24	0
1.874778	0	9888	16	0
1.878592	0	9920	24	0
1.884314	0	9952	88	0
1.905293	0	10048	48	0
1.916736	0	10112	16	0
1.920550	0	10144	56	0
1.933901	0	10208	80	0
1.952973	0	10304	24	0
1.958694	0	10336	24	0
1.964416	0	10368	88	0
1.985395	0	10464	48	0
1.996838	0	10528	24	0
2.002560	0	10560	24	0
2.008282	0	10592	40	0
2.017818	0	10648	24	0
2.023539	0	10680	16	0
2.027354	0	10712	24	0
2.033075	0	10744	88	0
2.054054	0	10840	96	0
2.076941	0	10936	24	0
2.082662	0	10968	48	0
2.094106	0	11024	80	0
2.113178	0	11112	48	0
2.124621	0	11176	24	0
2.130342	0	11208	16	0
2.134157	0	11232	48	0
2.145600	0	11296	24	0
2.151322	0	11328	128	0
2.181837	0	11456	48	0
2.193280	0	11512	16	0
2.197094	0	11544	24	0
2.202816	0	11576	16	0
2.206630	0	11608	56	0
2.219981	0	11672	56	0
2.233331	0	11736	16	0
2.237146	0	11768	16	0
2.240960	0	11800	16	0
2.244774	0	11832	16	0
2.248589	0	11864	24	0
2.254310	0	11896	24	0
2.260032	0	11928	24	0
2.265754	0	11960	56	0
2.279104	0	12024	24	0
2.284826	0	12056	24	0
2.290547	0	12088	56	0
2.303898	0	12152	88	0
2.324877	0	12248	24	0
2.330598	0	12280	56	0
2.343949	0	12344	48	0
2.355392	0	12408	120	0
2.384000	0	12536	24	0
2.389722	0	12568	24	0
2.395443	0	12600	24	0
2.401165	0	12632	48	0
2.412608	0	12696	24	0
2.418330	0	12728	24	0
2.424051	0	12760	24	0
2.429773	0	12792	16	0
2.433587	0	12824	56	0
2.446938	0	12888	24	0
2.452659	0	12920	24	0
2.458381	0	12952	24	0
2.464102	0	12984	88	0
2.485082	0	13080	24	0
2.490803	0	13112	48	0
2.502246	0	13176	16	0
2.506061	0	13208	24	0
2.511782	0	13240	16	0
2.515597	0	13272	16	0
2.519411	0	13304	24	0
2.525133	0	13336	112	0
2.551834	0	13464	16	0
2.555648	0	13496	120	0
2.584256	0	13624	56	0
2.597606	0	13688	24	0
2.603328	0	13720	24	0
2.609050	0	13752	24	0
2.614771	0	13784	16	0
2.618586	0	13816	112	0
2.645286	0	13944	24	0
2.651008	0	13968	64	0
2.666266	0	14040	24	0
2.671987	0	14072	16	0
2.675802	0	14104	88	0
2.696781	0	14200	56	0
2.710131	0	14264	24	0
2.715853	0	14296	16	0
2.719667	0	14328	24	0
2.725389	0	14360	24	0
2.731110	0	14392	56	0
2.744461	0	14456	120	0
2.773069	0	14584	56	0
2.786419	0	14648	16	0
2.790234	0	14680	16	0
2.794048	0	14712	16	0
2.797862	0	14744	16	0
2.801677	0	14776	24	0
2.807398	0	14808	16	0
2.811213	0	14840	48	0
2.822656	0	14904	16	0
2.826470	0	14936	16	0
2.830285	0	14968	8	0
2.832192	0	14976	80	0
2.851264	0	15064	56	0
2.864614	0	15128	16	0
2.868429	0	15160	56	0
2.881779	0	15224	88	0
2.902758	0	15320	24	0
2.908480	0	15352	56	0
2.921830	0	15416	48	0
2.933274	0	15480	24	0
2.938995	0	15512	16	0
2.942810	0	15544	24	0
2.948531	0	15576	128	0
2.979046	0	15704	24	0
2.984768	0	15736	24	0
2.990490	0	15768	24	0
2.996211	0	15800	88	0
3.017190	0	15896	24	0
3.022912	0	15928	48	0
3.034355	0	15984	16	0
3.038170	0	16016	80	0
3.057242	0	16112	16	0
3.061056	0	16144	24	0
3.066778	0	16176	24	0
3.072499	0	16208	24	0
3.078221	0	16240	24	0
3.083942	0	16272	16	0
3.087757	0	16304	24	0
3.093478	0	16336	48	0
3.104922	0	16400	24	0
3.110643	0	16432	56	0
3.123994	0	16496	24	0
3.129715	0	16528	16	0
3.133530	0	16560	104	0
3.158323	0	16680	24	0
3.164045	0	16712	24	0
3.169766	0	16744	48	0
3.181210	0	16808	24	0
3.186931	0	16840	24	0
3.192653	0	16872	48	0
3.204096	0	16936	24	0
3.209818	0	16968	16	0
3.213632	0	17000	48	0
3.225075	0	17064	112	0
3.251776	0	17192	16	0
3.255590	0	17224	24	0
3.261312	0	17256	24	0
3.267034	0	17288	56	0
3.280384	0	17352	88	0
3.301363	0	17448	24	0
3.307085	0	17480	128	0
3.337600	0	17608	16	0
3.341414	0	17640	88	0
3.362394	0	17736	16	0
3.366208	0	17768	56	0
3.379558	0	17832	88	0
3.400538	0	17928	48	0
3.411981	0	17992	24	0
3.417702	0	18024	56	0
3.431053	0	18088	24	0
3.436774	0	18120	88	0
3.457754	0	18216	48	0
3.469197	0	18280	24	0
3.474918	0	18312	24	0
3.480640	0	18344	16	0
3.484454	0	18376	48	0
3.495898	0	18440	24	0
3.501619	0	18472	24	0
3.507341	0	18504	48	0
3.518784	0	18568	24	0
3.524506	0	18600	24	0
3.530227	0	18632	56	0
3.543578	0	18696	56	0
3.556928	0	18760	48	0
3.568371	0	18824	48	0
3.579814	0	18872	24	0
3.585536	0	18912	16	0
3.589350	0	18944	128	0
3.619866	0	19072	128	0
3.650381	0	19200	128	0
3.680896	0	19344	24	0
3.686618	0	19376	80	0
3.705690	0	19472	88	0
3.726669	0	19568	128	0
3.757184	0	19696	56	0
3.770534	0	19760	88	0
3.791514	0	19856	16	0
3.795328	0	19888	16	0
3.799142	0	19920	56	0
3.812493	0	19984	24	0
3.818214	0	20016	56	0
3.831565	0	20080	16	0
3.835379	0	20112	24	0
3.841101	0	20144	16	0
3.844915	0	20176	88	0
3.865894	0	20272	24	0
3.871616	0	20304	24	0
3.877338	0	20336	24	0
3.883059	0	20368	16	0
3.886874	0	20400	16	0
3.890688	0	20432	88	0
3.911667	0	20528	88	0
3.932646	0	20624	24	0
3.938368	0	20656	16	0
3.942182	0	20688	24	0
3.947904	0	20720	16	0
3.951718	0	20752	16	0
3.955533	0	20768	32	0
3.963162	0	20816	16	0
3.966976	0	20848	24	0
3.972698	0	20880	24	0
3.978419	0	20912	24	0
3.984141	0	20944	16	0
3.987955	0	20976	56	0
4.001306	0	21040	16	0
4.005120	0	21072	24	0
4.010842	0	21104	24	0
4.016563	0	21136	24	0
4.022285	0	21168	24	0
4.028006	0	21200	112	0
4.054707	0	21320	56	0
4.068058	0	21384	24	0
4.073779	0	21416	24	0
4.079501	0	21448	16	0
4.083315	0	21480	48	0
4.094758	0	21544	24	0
4.100480	0	21576	24	0
4.106202	0	21608	16	0
4.110016	0	21640	56	0
4.123366	0	21704	24	0
4.129088	0	21736	16	0
4.132902	0	21768	88	0
4.153882	0	21864	24	0
4.159603	0	21896	16	0
4.163418	0	21928	16	0
4.167232	0	21960	16	0
4.171046	0	21992	24	0
4.176768	0	22024	16	0
4.180582	0	22056	16	0
4.184397	0	22088	16	0
4.188211	0	22120	24	0
4.193933	0	22152	56	0
4.207283	0	22216	24	0
4.213005	0	22248	16	0
4.216819	0	22280	16	0
4.220634	0	22312	16	0
4.224448	0	22344	24	0
4.230170	0	22376	24	0
4.235891	0	22408	88	0
4.256870	0	22504	24	0
4.262592	0	22536	16	0
4.266406	0	22568	120	0
4.295014	0	22696	16	0
4.298829	0	22728	80	0
4.317901	0	22824	128	0
4.348416	0	22952	16	0
4.352230	0	22984	16	0
4.356045	0	23016	24	0
4.361766	0	23048	16	0
4.365581	0	23080	24	0
4.371302	0	23112	56	0
4.384653	0	23176	80	0
4.403725	0	23272	16	0
4.407539	0	23304	80	0
4.426611	0	23400	24	0
4.432333	0	23432	24	0
4.438054	0	23464	24	0
4.443776	0	23496	40	0
4.453312	0	23544	56	0
4.466662	0	23608	128	0
4.497178	0	23736	24	0
4.502899	0	23768	48	0
4.514342	0	23832	56	0
4.527693	0	23896	16	0
4.531507	0	23928	24	0
4.537229	0	23960	24	0
4.542950	0	23992	24	0
4.548672	0	24024	56	0
4.562022	0	24088	24	0
4.567744	0	24120	16	0
4.571558	0	24152	120	0
4.600166	0	24280	80	0
4.619238	0	24376	24	0
4.624960	0	24408	56	0
4.638310	0	24472	16	0
4.642125	0	24504	24	0
4.647846	0	24536	48	0
4.659290	0	24592	56	0
4.672640	0	24656	56	0
4.685990	0	24720	48	0
4.697434	0	24784	24	0
4.703155	0	24816	56	0
4.716506	0	24880	48	0
4.727949	0	24944	24	0
4.733670	0	24976	24	0
4.739392	0	25008	24	0
4.745114	0	25040	16	0
4.748928	0	25072	16	0
4.752742	0	25104	24	0
4.758464	0	25136	16	0
4.762278	0	25168	24	0
4.768000	0	25200	24	0
4.773722	0	25232	48	0
4.785165	0	25296	24	0
4.790886	0	25328	120	0
4.819494	0	25456	24	0
4.825216	0	25488	16	0
4.829030	0	25520	16	0
4.832845	0	25552	16	0
4.836659	0	25584	128	0
4.867174	0	25712	56	0
4.880525	0	25776	24	0
4.886246	0	25808	24	0
4.891968	0	25840	56	0
4.905318	0	25904	56	0
4.918669	0	25968	88	0
4.939648	0	26064	72	0
4.956813	0	26152	16	0
4.960627	0	26184	24	0
4.966349	0	26216	24	0
4.972070	0	26248	16	0
4.975885	0	26280	24	0
4.981606	0	26312	56	0
4.994957	0	26376	24	0
5.000678	0	26408	16	0
5.004493	0	26440	24	0
5.010214	0	26472	24	0
5.015936	0	26504	24	0
5.021658	0	26536	56	0
5.035008	0	26600	56	0
5.048358	0	26664	16	0
5.052173	0	26696	16	0
5.055987	0	26728	24	0
5.061709	0	26760	112	0
5.088410	0	26888	24	0
5.094131	0	26920	48	0
5.105574	0	26976	24	0
5.111296	0	27008	16	0
5.115110	0	27032	24	0
5.120832	0	27064	24	0
5.126554	0	27096	48	0
5.137997	0	27160	48	0
5.149440	0	27224	16	0
5.153254	0	27256	56	0
5.166605	0	27320	16	0
5.170419	0	27352	16	0
5.174234	0	27384	24	0
5.179955	0	27416	56	0
5.193306	0	27480	48	0
5.204749	0	27544	24	0
5.210470	0	27576	56	0
5.223821	0	27640	48	0
5.235264	0	27704	88	0
5.256243	0	27800	16	0
5.260058	0	27832	48	0
5.271501	0	27896	16	0
5.275315	0	27928	112	0
5.302016	0	28056	24	0
5.307738	0	28088	24	0
5.313459	0	28120	16	0
5.317274	0	28152	16	0
5.321088	0	28184	24	0
5.326810	0	28216	16	0
5.330624	0	28248	96	0
5.353510	0	28360	16	0
5.357325	0	28392	72	0
5.374490	0	28480	48	0
5.385933	0	28544	16	0
5.389747	0	28576	16	0
5.393562	0	28608	48	0
5.405005	0	28672	80	0
5.424077	0	28768	24	0
5.429798	0	28800	112	0
5.456499	0	28928	16	0
5.460314	0	28952	16	0
5.464128	0	28976	24	0
5.469850	0	29008	56	0
5.483200	0	29072	24	0
5.488922	0	29104	24	0
5.494643	0	29136	48	0
5.506086	0	29200	16	0
5.509901	0	29232	24	0
5.515622	0	29264	24	0
5.521344	0	29296	16	0
5.525158	0	29328	88	0
5.546138	0	29424	16	0
5.549952	0	29456	16	0
5.553766	0	29488	16	0
5.557581	0	29520	16	0
5.561395	0	29552	24	0
5.567117	0	29584	120	0
5.595725	0	29712	24	0
5.601446	0	29744	16	0
5.605261	0	29776	24	0
5.610982	0	29808	120	0
5.639590	0	29936	16	0
5.643405	0	29968	56	0
5.656755	0	30032	48	0
5.668198	0	30096	56	0
5.681549	0	30160	16	0
5.685363	0	30192	24	0
5.691085	0	30224	56	0
5.704435	0	30288	24	0
5.710157	0	30320	24	0
5.715878	0	30352	24	0
5.721600	0	30384	24	0
5.727322	0	30416	24	0
5.733043	0	30448	56	0
5.746394	0	30512	24	0
5.752115	0	30544	24	0
5.757837	0	30576	24	0
5.763558	0	30608	24	0
5.769280	0	30640	24	0
5.775002	0	30672	16	0
5.778816	0	30704	24	0
5.784538	0	30736	120	0
5.813146	0	30864	16	0
5.816960	0	30896	112	0
5.843661	0	31024	24	0
5.849382	0	31056	24	0
5.855104	0	31088	16	0
5.858918	0	31120	24	0
5.864640	0	31152	24	0
5.870362	0	31184	24	0
5.876083	0	31216	80	0
5.895155	0	31312	24	0
5.900877	0	31344	56	0
5.914227	0	31408	56	0
5.927578	0	31472	16	0
5.931392	0	31504	24	0
5.937114	0	31536	16	0
5.940928	0	31568	24	0
5.946650	0	31600	24	0
5.952371	0	31632	24	0
5.958093	0	31664	24	0
5.963814	0	31696	48	0
5.975258	0	31760	24	0
5.980979	0	31792	16	0
5.984794	0	31824	24	0
5.990515	0	31856	80	0
6.009587	0	31952	16	0
6.013402	0	31984	24	0
6.019123	0	32016	56	0
6.032474	0	32080	16	0
6.036288	0	32112	24	0
6.042010	0	32144	16	0
6.045824	0	32176	16	0
6.049638	0	32208	24	0
6.055360	0	32240	24	0
6.061082	0	32272	72	0
6.078246	0	32360	48	0
6.089690	0	32424	24	0
6.095411	0	32456	80	0
6.114483	0	32544	16	0
6.118298	0	32576	24	0
6.124019	0	32608	48	0
6.135462	0	32672	24	0
6.141184	0	32704	16	0
6.144998	0	32736	24	0
6.150720	0	32768	24	0
6.156442	0	32800	24	0
6.162163	0	32832	128	0
6.192678	0	32960	48	0
6.204122	0	33016	24	0
6.209843	0	33048	56	0
6.223194	0	33112	24	0
6.228915	0	33144	24	0
6.234637	0	33176	24	0
6.240358	0	33208	24	0
6.246080	0	33240	16	0
6.249894	0	33272	88	0
6.270874	0	33368	24	0
6.276595	0	33400	24	0
6.282317	0	33432	16	0
6.286131	0	33464	24	0
6.291853	0	33496	24	0
6.297574	0	33528	16	0
6.301389	0	33560	56	0
6.314739	0	33624	24	0
6.320461	0	33656	24	0
6.326182	0	33688	24	0
6.331904	0	33720	24	0
6.337626	0	33752	16	0
6.341440	0	33784	16	0
6.345254	0	33816	16	0
6.349069	0	33848	24	0
6.354790	0	33880	16	0
6.358605	0	33912	24	0
6.364326	0	33944	16	0
6.368141	0	33976	56	0
6.381491	0	34040	24	0
6.387213	0	34072	24	0
6.392934	0	34104	24	0
6.398656	0	34136	16	0
6.402470	0	34168	24	0
6.408192	0	34200	16	0
6.412006	0	34224	24	0
6.417728	0	34256	24	0
6.423450	0	34288	24	0
6.429171	0	34320	88	0
6.450150	0	34416	48	0
6.461594	0	34472	16	0
6.465408	0	34504	16	0
6.469222	0	34536	16	0
6.473037	0	34568	16	0
6.476851	0	34600	24	0
6.482573	0	34632	48	0
6.494016	0	34696	24	0
6.499738	0	34728	56	0
6.513088	0	34792	56	0
6.526438	0	34856	120	0
6.555046	0	34984	16	0
6.558861	0	35016	56	0
6.572211	0	35080	16	0
6.576026	0	35112	24	0
6.581747	0	35144	24	0
6.587469	0	35176	24	0
6.593190	0	35208	48	0
6.604634	0	35264	56	0
6.617984	0	35328	16	0
6.621798	0	35360	24	0
6.627520	0	35392	24	0
6.633242	0	35424	16	0
6.637056	0	35456	24	0
6.642778	0	35488	56	0
6.656128	0	35552	24	0
6.661850	0	35584	24	0
6.667571	0	35616	80	0
6.686643	0	35704	24	0
6.692365	0	35728	56	0
6.705715	0	35800	16	0
6.709530	0	35832	48	0
6.720973	0	35888	112	0
6.747674	0	36016	16	0
6.751488	0	36048	56	0
6.764838	0	36112	24	0
6.770560	0	36144	16	0
6.774374	0	36176	88	0
6.795354	0	36272	48	0
6.806797	0	36336	56	0
6.820147	0	36400	48	0
6.831590	0	36464	16	0
6.835405	0	36496	80	0
6.854477	0	36592	24	0
6.860198	0	36624	16	0
6.864013	0	36656	48	0
6.875456	0	36704	8	0
6.877363	0	36720	56	0
6.890714	0	36784	16	0
6.894528	0	36808	24	0
6.900250	0	36840	24	0
6.905971	0	36872	24	0
6.911693	0	36904	56	0
6.925043	0	36968	24	0
6.930765	0	37000	16	0
6.934579	0	37032	24	0
6.940301	0	37064	24	0
6.946022	0	37096	16	0
6.949837	0	37128	16	0
6.953651	0	37160	24	0
6.959373	0	37192	24	0
6.965094	0	37224	24	0
6.970816	0	37256	40	0
6.980352	0	37312	24	0
6.986074	0	37344	56	0
6.999424	0	37408	112	0
7.026125	0	37536	16	0
7.029939	0	37568	56	0
7.043290	0	37632	56	0
7.056640	0	37696	56	0
7.069990	0	37760	16	0
7.073805	0	37792	24	0
7.079526	0	37824	88	0
7.100506	0	37920	24	0
7.106227	0	37952	24	0
7.111949	0	37984	80	0
7.131021	0	38080	128	0
7.161536	0	38208	24	0
7.167258	0	38240	24	0
7.172979	0	38272	40	0
7.182515	0	38328	24	0
7.188237	0	38360	24	0
7.193958	0	38392	24	0
7.199680	0	38424	24	0
7.205402	0	38456	24	0
7.211123	0	38488	24	0
7.216845	0	38520	16	0
7.220659	0	38552	24	0
7.226381	0	38584	56	0
7.239731	0	38648	48	0
7.251174	0	38712	24	0
7.256896	0	38744	56	0
7.270246	0	38808	56	0
7.283597	0	38872	48	0
7.295040	0	38936	24	0
7.300762	0	38968	24	0
7.306483	0	39000	24	0
7.312205	0	39032	16	0
7.316019	0	39064	16	0
7.319834	0	39096	24	0
7.325555	0	39128	24	0
7.331277	0	39160	16	0
7.335091	0	39192	48	0
7.346534	0	39248	56	0
7.359885	0	39312	24	0
7.365606	0	39344	24	0
7.371328	0	39376	56	0
7.384678	0	39440	48	0
7.396122	0	39504	80	0
7.415194	0	39600	24	0
7.420915	0	39632	16	0
7.424730	0	39664	24	0
7.430451	0	39696	24	0
7.436173	0	39728	16	0
7.439987	0	39760	24	0
7.445709	0	39792	24	0
7.451430	0	39824	16	0
7.455245	0	39856	88	0
7.476224	0	39952	16	0
7.480038	0	39984	24	0
7.485760	0	40016	24	0
7.491482	0	40048	48	0
7.502925	0	40112	24	0
7.508646	0	40144	24	0
7.514368	0	40176	80	0
7.533440	0	40264	16	0
7.537254	0	40296	24	0
7.542976	0	40328	16	0
7.546790	0	40360	128	0
7.577306	0	40488	48	0
7.588749	0	40544	32	0
7.596378	0	40576	24	0
7.602099	0	40608	16	0
7.605914	0	40640	24	0
7.611635	0	40672	24	0
7.617357	0	40704	24	0
7.623078	0	40736	56	0
27.102429	0	40800	24	0
27.108150	0	40832	56	0
27.121501	0	40888	32	0
27.129130	0	40928	24	0
27.134851	0	40960	24	0
27.140573	0	40992	16	0
27.144387	0	41016	56	0
27.157738	0	41080	24	0
27.163459	0	41112	16	0
27.167274	0	41144	24	0
27.172995	0	41176	24	0
27.178717	0	41208	24	0
27.184438	0	41240	48	0
27.195882	0	41288	8	0
27.197789	0	41304	56	0
27.211139	0	41368	16	0
27.214954	0	41400	56	0
27.228304	0	41464	88	0
27.249283	0	41560	56	0
27.262634	0	41624	40	0
27.272170	0	41664	48	0
27.283613	0	41720	48	0
27.295056	0	41784	24	0
27.300778	0	41816	24	0
27.306499	0	41848	24	0
27.312221	0	41880	24	0
27.317942	0	41912	56	0
27.331293	0	41976	16	0
27.335107	0	42008	24	0
27.340829	0	42040	24	0
27.346550	0	42072	24	0
27.352272	0	42104	24	0
27.357994	0	42136	24	0
27.363715	0	42168	24	0
27.369437	0	42200	24	0
27.375158	0	42232	16	0
27.378973	0	42264	128	0
27.409488	0	42392	40	0
27.419024	0	42448	56	0
27.432374	0	42512	48	0
27.443818	0	42568	24	0
27.449539	0	42600	16	0
27.453354	0	42632	16	0
27.457168	0	42664	24	0
27.462890	0	42696	88	0
27.483869	0	42792	16	0
27.487683	0	42824	16	0
27.491498	0	42856	24	0
27.497219	0	42888	16	0
27.501034	0	42920	16	0
27.504848	0	42952	56	0
27.518198	0	43016	56	0
27.531549	0	43080	16	0
27.535363	0	43112	24	0
27.541085	0	43144	24	0
27.546806	0	43176	56	0
27.560157	0	43240	16	0
27.563971	0	43272	24	0
27.569693	0	43304	16	0
27.573507	0	43336	48	0
27.584950	0	43400	24	0
27.590672	0	43432	24	0
27.596394	0	43464	48	0
27.607837	0	43528	48	0
27.619280	0	43592	24	0
27.625002	0	43624	24	0
27.630723	0	43656	48	0
27.642166	0	43720	24	0
27.647888	0	43752	88	0
27.668867	0	43848	16	0
27.672682	0	43880	56	0
27.686032	0	43944	56	0
27.699382	0	44008	24	0
27.705104	0	44040	24	0
27.710826	0	44072	56	0
27.724176	0	44136	112	0
27.750877	0	44256	16	0
27.754691	0	44288	24	0
27.760413	0	44320	24	0
27.766134	0	44352	24	0
27.771856	0	44384	120	0
27.800464	0	44512	24	0
27.806186	0	44544	24	0
27.811907	0	44576	56	0
27.825258	0	44640	24	0
27.830979	0	44672	16	0
27.834794	0	44704	16	0
27.838608	0	44736	16	0
27.842422	0	44768	16	0
27.846237	0	44800	56	0
27.859587	0	44864	24	0
27.865309	0	44896	48	0
27.876752	0	44960	56	0
27.890102	0	45024	16	0
27.893917	0	45056	24	0
27.899638	0	45088	16	0
27.903453	0	45120	24	0
27.909174	0	45152	24	0
27.914896	0	45184	16	0
27.918710	0	45216	24	0
27.924432	0	45248	24	0
27.930154	0	45280	56	0
27.943504	0	45344	24	0
27.949226	0	45376	16	0
27.953040	0	45408	80	0
27.972112	0	45504	56	0
27.985462	0	45568	24	0
27.991184	0	45600	16	0
27.994998	0	45632	24	0
28.000720	0	45664	48	0
28.012163	0	45728	48	0
28.023606	0	45784	24	0
28.029328	0	45816	24	0
28.035050	0	45848	16	0
28.038864	0	45872	56	0
28.052214	0	45936	16	0
28.056029	0	45968	48	0
47.533472	0	46032	128	0
47.563987	0	46160	48	0
47.575430	0	46224	56	0
47.588781	0	46288	56	0
47.602131	0	46352	24	0
47.607853	0	46384	24	0
47.613574	0	46416	48	0
47.625018	0	46472	24	0
47.630739	0	46504	48	0
47.642182	0	46568	24	0
47.647904	0	46600	56	0
47.661254	0	46664	24	0
47.666976	0	46696	24	0
47.672698	0	46728	24	0
47.678419	0	46760	56	0
47.691770	0	46824	16	0
47.695584	0	46856	24	0
47.701306	0	46888	24	0
47.707027	0	46920	56	0
47.720378	0	46984	24	0
47.726099	0	47016	16	0
47.729914	0	47048	48	0
47.741357	0	47112	16	0
47.745171	0	47144	16	0
47.748986	0	47160	32	0
47.756614	0	47208	24	0
47.762336	0	47240	24	0
47.768058	0	47272	128	0
47.798573	0	47400	24	0
47.804294	0	47432	24	0
47.810016	0	47464	48	0
47.821459	0	47528	128	0
47.851974	0	47656	8	0
47.853882	0	47680	112	0
47.880582	0	47800	16	0
47.884397	0	47832	24	0
47.890118	0	47864	16	0
47.893933	0	47896	16	0
47.897747	0	47928	24	0
47.903469	0	47960	16	0
47.907283	0	47992	48	0
47.918726	0	48056	24	0
47.924448	0	48088	56	0
47.937798	0	48152	24	0
47.943520	0	48184	16	0
47.947334	0	48216	24	0
47.953056	0	48248	24	0
47.958778	0	48280	24	0
47.964499	0	48312	16	0
47.968314	0	48344	80	0
47.987386	0	48440	16	0
47.991200	0	48472	16	0
47.995014	0	48504	88	0
48.015994	0	48600	88	0
48.036973	0	48696	24	0
48.042694	0	48728	16	0
48.046509	0	48760	24	0
48.052230	0	48792	24	0
48.057952	0	48824	24	0
48.063674	0	48856	56	0
48.077024	0	48912	64	0
48.092282	0	48984	48	0
48.103725	0	49048	24	0
48.109446	0	49080	24	0
48.115168	0	49112	56	0
48.128518	0	49176	16	0
48.132333	0	49208	16	0
48.136147	0	49224	8	0
48.138054	0	49240	16	0
48.141869	0	49272	24	0
48.147590	0	49304	128	0
48.178106	0	49432	24	0
48.183827	0	49464	24	0
48.189549	0	49496	56	0
48.202899	0	49560	48	0
48.214342	0	49616	24	0
48.220064	0	49648	24	0
48.225786	0	49680	56	0
48.239136	0	49744	48	0
48.250579	0	49808	24	0
48.256301	0	49840	120	0
48.284909	0	49968	24	0
48.290630	0	50000	24	0
48.296352	0	50032	24	0
48.302074	0	50064	120	0
48.330682	0	50192	16	0
48.334496	0	50224	56	0
48.347846	0	50288	56	0
48.361197	0	50352	80	0
48.380269	0	50448	24	0
48.385990	0	50480	88	0
48.406970	0	50576	24	0
48.412691	0	50608	56	0
48.426042	0	50672	16	0
48.429856	0	50704	16	0
48.433670	0	50736	24	0
48.439392	0	50768	24	0
48.445114	0	50800	24	0
48.450835	0	50832	72	0
48.468000	0	50912	16	0
48.471814	0	50944	120	0
67.966422	0	51072	120	0
67.995030	0	51200	16	0
67.998845	0	51232	24	0
68.004566	0	51264	88	0
68.025546	0	51360	24	0
68.031267	0	51392	24	0
68.036989	0	51424	80	0
68.056061	0	51520	56	0
68.069411	0	51584	24	0
68.075133	0	51616	48	0
68.086576	0	51680	56	0
68.099926	0	51744	80	0
68.118998	0	51840	24	0
68.124720	0	51872	16	0
68.128534	0	51904	16	0
68.132349	0	51936	24	0
68.138070	0	51968	16	0
68.141885	0	52000	16	0
68.145699	0	52032	24	0
68.151421	0	52064	16	0
68.155235	0	52080	8	0
68.157142	0	52096	24	0
68.162864	0	52128	24	0
68.168586	0	52160	24	0
68.174307	0	52192	24	0
68.180029	0	52224	16	0
68.183843	0	52256	24	0
68.189565	0	52288	16	0
68.193379	0	52320	48	0
68.204822	0	52384	24	0
68.210544	0	52416	24	0
68.216266	0	52448	48	0
68.227709	0	52512	16	0
68.231523	0	52544	56	0
68.244874	0	52608	16	0
68.248688	0	52640	24	0
68.254410	0	52672	24	0
68.260131	0	52704	24	0
68.265853	0	52736	24	0
68.271574	0	52768	24	0
68.277296	0	52800	128	0
68.307811	0	52928	24	0
68.313533	0	52960	24	0
68.319254	0	52992	48	0
68.330698	0	53056	16	0
68.334512	0	53088	24	0
68.340234	0	53120	88	0
68.361213	0	53216	24	0
68.366934	0	53248	24	0
68.372656	0	53280	16	0
68.376470	0	53312	16	0
68.380285	0	53344	24	0
68.386006	0	53376	16	0
68.389821	0	53408	80	0
68.408893	0	53504	16	0
68.412707	0	53536	16	0
68.416522	0	53568	24	0
68.422243	0	53600	24	0
68.427965	0	53632	24	0
68.433686	0	53664	16	0
68.437501	0	53696	88	0
68.458480	0	53792	24	0
68.464202	0	53824	88	0
68.485181	0	53920	48	0
68.496624	0	53984	24	0
68.502346	0	54016	24	0
68.508067	0	54048	16	0
68.511882	0	54080	24	0
68.517603	0	54112	24	0
68.523325	0	54144	24	0
68.529046	0	54176	24	0
68.534768	0	54208	24	0
68.540490	0	54240	56	0
68.553840	0	54304	80	0
68.572912	0	54400	24	0
68.578634	0	54432	80	0
68.597706	0	54528	56	0
68.611056	0	54592	80	0
68.630128	0	54688	120	0
68.658736	0	54816	24	0
68.664458	0	54848	80	0
68.683530	0	54944	16	0
68.687344	0	54976	24	0
68.693066	0	55008	56	0
68.706416	0	55072	128	0
68.736931	0	55200	88	0
68.757910	0	55296	24	0
68.763632	0	55328	24	0
68.769354	0	55360	24	0
68.775075	0	55392	24	0
68.780797	0	55424	24	0
68.786518	0	55456	16	0
68.790333	0	55488	112	0
68.817034	0	55616	48	0
68.828477	0	55680	24	0
68.834198	0	55712	88	0
68.855178	0	55808	32	0
68.862806	0	55840	16	0
68.866621	0	55872	24	0
68.872342	0	55904	16	0
68.876157	0	55936	56	0
68.889507	0	56000	24	0
68.895229	0	56032	24	0
68.900950	0	56064	24	0
68.906672	0	56096	24	0
107.844394	0	56128	24	0
107.850115	0	56160	24	0
107.855837	0	56192	24	0
107.861558	0	56224	16	0
107.865373	0	56256	88	0
107.886352	0	56352	24	0
107.892074	0	56384	16	0
107.895888	0	56416	16	0
107.899702	0	56448	24	0
107.905424	0	56472	64	0
107.920682	0	56544	56	0
107.934032	0	56608	24	0
107.939754	0	56640	56	0
107.953104	0	56704	24	0
107.958826	0	56736	16	0
107.962640	0	56768	24	0
107.968362	0	56800	128	0
107.998877	0	56928	48	0
108.010320	0	56992	16	0
108.014134	0	57024	48	0
108.025578	0	57088	56	0
108.038928	0	57152	24	0
108.044650	0	57184	48	0
108.056093	0	57248	48	0
108.067536	0	57312	56	0
108.080886	0	57376	24	0
108.086608	0	57408	24	0
108.092330	0	57440	56	0
108.105680	0	57504	24	0
108.111402	0	57536	24	0
108.117123	0	57568	88	0
108.138102	0	57664	16	0
108.141917	0	57696	24	0
108.147638	0	57728	24	0
108.153360	0	57760	56	0
108.166710	0	57824	24	0
108.172432	0	57856	80	0
108.191504	0	57952	56	0
108.204854	0	58016	24	0
108.210576	0	58048	48	0
108.222019	0	58112	16	0
108.225834	0	58144	16	0
108.229648	0	58176	88	0
108.250627	0	58272	24	0
108.256349	0	58304	56	0
108.269699	0	58368	24	0
108.275421	0	58400	24	0
108.281142	0	58432	48	0
108.292586	0	58496	56	0
108.305936	0	58560	48	0
108.317379	0	58624	48	0
108.328822	0	58688	16	0
108.332637	0	58720	24	0
108.338358	0	58752	88	0
108.359338	0	58848	24	0
108.365059	0	58880	24	0
108.370781	0	58912	56	0
108.384131	0	58976	16	0
108.387946	0	59008	80	0
108.407018	0	59104	48	0
108.418461	0	59168	24	0
108.424182	0	59200	48	0
108.435626	0	59264	56	0
108.448976	0	59328	24	0
108.454698	0	59360	24	0
108.460419	0	59392	24	0
108.466141	0	59424	24	0
108.471862	0	59456	48	0
108.483306	0	59512	16	0
108.487120	0	59544	88	0
108.508099	0	59640	24	0
108.513821	0	59672	56	0
108.527171	0	59736	24	0
108.532893	0	59768	48	0
108.544336	0	59832	16	0
108.548150	0	59864	24	0
108.553872	0	59896	24	0
108.559594	0	59928	72	0
108.576758	0	60016	56	0
108.590109	0	60080	16	0
108.593923	0	60112	16	0
108.597738	0	60144	24	0
108.603459	0	60176	56	0
108.616810	0	60240	48	0
108.628253	0	60304	16	0
108.632067	0	60336	16	0
108.635882	0	60368	24	0
108.641603	0	60400	24	0
108.647325	0	60432	16	0
108.651139	0	60464	24	0
108.656861	0	60496	56	0
108.670211	0	60560	56	0
108.683562	0	60624	24	0
108.689283	0	60656	24	0
108.695005	0	60688	16	0
108.698819	0	60720	24	0
108.704541	0	60752	88	0
108.725520	0	60848	56	0
108.738870	0	60912	56	0
108.752221	0	60976	56	0
108.765571	0	61040	40	0
108.775107	0	61096	16	0
108.778922	0	61128	56	0
108.792272	0	61192	24	0
108.797994	0	61224	16	0
108.801808	0	61248	128	0
128.298323	0	61376	24	0
128.304045	0	61408	24	0
128.309766	0	61440	56	0
128.323117	0	61504	16	0
128.326931	0	61536	128	0
128.357446	0	61664	16	0
128.361261	0	61688	24	0
128.366982	0	61720	56	0
128.380333	0	61784	80	0
128.399405	0	61880	24	0
128.405126	0	61912	80	0
128.424198	0	62008	24	0
128.429920	0	62040	88	0
128.450899	0	62136	16	0
128.454714	0	62168	16	0
128.458528	0	62200	24	0
128.464250	0	62232	48	0
128.475693	0	62296	80	0
128.494765	0	62392	24	0
128.500486	0	62424	16	0
128.504301	0	62456	24	0
128.510022	0	62488	16	0
128.513837	0	62520	56	0
128.527187	0	62584	48	0
128.538630	0	62648	112	0
128.565331	0	62768	16	0
128.569146	0	62800	16	0
128.572960	0	62832	120	0
128.601568	0	62960	24	0
128.607290	0	62992	16	0
128.611104	0	63024	120	0
128.639712	0	63152	24	0
128.645434	0	63184	128	0
128.675949	0	63312	72	0
128.693114	0	63392	56	0
128.706464	0	63456	80	0
128.725536	0	63544	16	0
128.729350	0	63576	56	0
128.742701	0	63640	24	0
128.748422	0	63672	16	0
128.752237	0	63704	24	0
128.757958	0	63736	80	0
128.777030	0	63832	16	0
128.780845	0	63864	16	0
128.784659	0	63896	56	0
128.798010	0	63960	24	0
128.803731	0	63992	24	0
128.809453	0	64024	16	0
128.813267	0	64056	16	0
128.817082	0	64088	56	0
128.830432	0	64152	16	0
128.834246	0	64184	48	0
128.845690	0	64248	24	0
128.851411	0	64280	24	0
128.857133	0	64312	56	0
128.870483	0	64376	80	0
128.889555	0	64472	24	0
128.895277	0	64536	24	0
128.900998	0	64568	24	0
128.906720	0	64600	24	0
128.912442	0	64632	112	0
128.939142	0	64760	88	0
128.960122	0	64856	48	0
128.971565	0	64912	16	0
128.975379	0	64944	24	0
128.981101	0	64976	16	0
128.984915	0	65008	24	0
128.990637	0	65040	80	0
129.009709	0	65136	16	0
129.013523	0	65168	56	0
129.026874	0	65232	24	0
129.032595	0	65264	24	0
129.038317	0	65296	24	0
129.044038	0	65328	16	0
129.047853	0	65360	16	0
129.051667	0	65392	48	0
129.063110	0	65456	16	0
129.066925	0	65488	24	0
129.072646	0	65520	16	0
129.076461	0	65552	16	0
129.080275	0	65584	24	0
129.085997	0	65616	48	0
129.097440	0	65680	16	0
129.101254	0	65712	88	0
129.122234	0	65808	24	0
129.127955	0	65840	56	0
129.141306	0	65904	128	0
129.171821	0	66032	24	0
129.177542	0	66064	24	0
129.183264	0	66096	16	0
129.187078	0	66128	24	0
129.192800	0	66160	16	0
129.196614	0	66192	24	0
129.202336	0	66224	16	0
129.206150	0	66256	16	0
129.209965	0	66288	56	0
129.223315	0	66352	24	0
129.229037	0	66384	56	0
148.708387	0	66448	16	0
148.712202	0	66480	24	0
148.717923	0	66512	128	0
148.748438	0	66640	24	0
148.754160	0	66672	80	0
148.773232	0	66768	24	0
148.778954	0	66800	56	0
148.792304	0	66864	24	0
148.798026	0	66896	16	0
148.801840	0	66928	24	0
148.807562	0	66960	96	0
148.830448	0	67056	24	0
148.836170	0	67088	24	0
148.841891	0	67120	88	0
148.862870	0	67216	16	0
148.866685	0	67248	16	0
148.870499	0	67280	88	0
148.891478	0	67376	16	0
148.895293	0	67408	24	0
148.901014	0	67440	80	0
148.920086	0	67536	120	0
148.948694	0	67664	48	0
148.960138	0	67728	56	0
148.973488	0	67792	56	0
148.986838	0	67856	24	0
148.992560	0	67888	48	0
149.004003	0	67952	16	0
149.007818	0	67984	24	0
149.013539	0	68016	16	0
149.017354	0	68048	24	0
149.023075	0	68080	48	0
149.034518	0	68144	88	0
149.055498	0	68240	80	0
149.074570	0	68336	16	0
149.078384	0	68368	16	0
149.082198	0	68400	24	0
149.087920	0	68432	48	0
149.099363	0	68488	24	0
149.105085	0	68520	32	0
149.112714	0	68568	16	0
149.116528	0	68600	32	0
149.124157	0	68632	56	0
149.137507	0	68696	56	0
149.150858	0	68760	80	0
149.169930	0	68856	24	0
149.175651	0	68888	48	0
149.187094	0	68952	24	0
149.192816	0	68984	48	0
149.204259	0	69040	24	0
149.209981	0	69072	16	0
149.213795	0	69104	24	0
149.219517	0	69136	48	0
149.230960	0	69200	128	0
149.261475	0	69328	80	0
149.280547	0	69416	16	0
149.284362	0	69448	56	0
149.297712	0	69512	56	0
149.311062	0	69576	48	0
149.322506	0	69640	24	0
149.328227	0	69672	24	0
149.333949	0	69704	24	0
149.339670	0	69736	120	0
149.368278	0	69864	24	0
149.374000	0	69896	88	0
149.394979	0	69992	24	0
149.400701	0	70024	24	0
149.406422	0	70056	24	0
149.412144	0	70088	24	0
149.417866	0	70120	56	0
149.431216	0	70184	48	0
149.442659	0	70248	48	0
149.454102	0	70312	56	0
149.467453	0	70376	128	0
149.497968	0	70504	24	0
149.503690	0	70536	88	0
149.524669	0	70632	16	0
149.528483	0	70664	16	0
149.532298	0	70696	24	0
149.538019	0	70728	24	0
149.543741	0	70760	48	0
149.555184	0	70824	24	0
149.560906	0	70856	56	0
149.574256	0	70920	88	0
149.595235	0	71016	24	0
149.600957	0	71048	16	0
149.604771	0	71080	56	0
149.618122	0	71144	24	0
149.623843	0	71176	24	0
149.629565	0	71208	16	0
149.633379	0	71240	56	0
149.646730	0	71304	80	0
169.131802	0	71400	24	0
169.137523	0	71432	88	0
169.158502	0	71528	88	0
169.179482	0	71624	48	0
169.190925	0	71680	24	0
169.196646	0	71712	24	0
169.202368	0	71744	24	0
169.208090	0	71776	56	0
169.221440	0	71840	24	0
169.227162	0	71872	24	0
169.232883	0	71904	16	0
169.236698	0	71936	24	0
169.242419	0	71968	24	0
169.248141	0	72000	24	0
169.253862	0	72032	56	0
169.267213	0	72096	56	0
169.280563	0	72160	24	0
169.286285	0	72192	56	0
169.299635	0	72256	88	0
169.320614	0	72352	56	0
169.333965	0	72416	16	0
169.337779	0	72448	24	0
169.343501	0	72480	56	0
169.356851	0	72544	24	0
169.362573	0	72576	24	0
169.368294	0	72608	16	0
169.372109	0	72640	24	0
169.377830	0	72672	40	0
169.387366	0	72712	8	0
169.389274	0	72728	24	0
169.394995	0	72760	16	0
169.398810	0	72792	40	0
169.408346	0	72848	24	0
169.414067	0	72880	16	0
169.417882	0	72912	56	0
169.431232	0	72976	120	0
169.459840	0	73104	120	0
169.488448	0	73232	24	0
169.494170	0	73264	24	0
169.499891	0	73296	24	0
169.505613	0	73328	120	0
169.534221	0	73456	48	0
169.545664	0	73520	16	0
169.549478	0	73552	16	0
169.553293	0	73584	24	0
169.559014	0	73616	80	0
169.578086	0	73712	16	0
169.581901	0	73744	80	0
169.600973	0	73840	88	0
169.621952	0	73936	16	0
169.625766	0	73968	48	0
169.637210	0	74032	24	0
169.642931	0	74064	24	0
169.648653	0	74096	24	0
169.654374	0	74128	48	0
169.665818	0	74184	16	0
169.669632	0	74216	88	0
169.690611	0	74312	24	0
169.696333	0	74344	24	0
169.702054	0	74376	16	0
169.705869	0	74408	24	0
169.711590	0	74440	24	0
169.717312	0	74472	24	0
169.723034	0	74504	24	0
169.728755	0	74536	16	0
169.732570	0	74568	24	0
169.738291	0	74600	56	0
169.751642	0	74664	56	0
169.764992	0	74728	56	0
169.778342	0	74792	56	0
169.791693	0	74856	24	0
169.797414	0	74888	48	0
169.808858	0	74944	24	0
169.814579	0	74976	16	0
169.818394	0	75008	56	0
169.831744	0	75072	16	0
169.835558	0	75104	24	0
169.841280	0	75136	56	0
169.854630	0	75200	24	0
169.860352	0	75232	48	0
169.871795	0	75296	80	0
169.890867	0	75392	24	0
169.896589	0	75424	24	0
169.902310	0	75456	48	0
169.913754	0	75520	48	0
169.925197	0	75584	24	0
169.930918	0	75616	56	0
169.944269	0	75680	56	0
169.957619	0	75744	56	0
169.970970	0	75808	24	0
169.976691	0	75840	16	0
169.980506	0	75872	48	0
169.991949	0	75936	16	0
169.995763	0	75960	48	0
170.007206	0	76024	24	0
170.012928	0	76056	24	0
170.018650	0	76088	16	0
170.022464	0	76120	56	0
170.035814	0	76184	48	0
170.047258	0	76248	16	0
170.051072	0	76280	16	0
170.054886	0	76312	24	0
170.060608	0	76344	24	0
170.066330	0	76376	48	0
170.077773	0	76432	24	0
170.083494	0	76464	48	0
189.560938	0	76528	24	0
189.566659	0	76560	16	0
189.570474	0	76592	24	0
189.576195	0	76624	24	0
189.581917	0	76656	112	0
189.608618	0	76784	16	0
189.612432	0	76816	16	0
189.616246	0	76848	16	0
189.620061	0	76880	16	0
189.623875	0	76912	24	0
189.629597	0	76944	24	0
189.635318	0	76976	16	0
189.639133	0	77008	24	0
189.644854	0	77040	16	0
189.648669	0	77072	24	0
189.654390	0	77104	24	0
189.660112	0	77136	128	0
189.690627	0	77264	88	0
189.711606	0	77360	56	0
189.724957	0	77424	16	0
189.728771	0	77456	16	0
189.732586	0	77488	56	0
189.745936	0	77552	24	0
189.751658	0	77584	24	0
189.757379	0	77616	24	0
189.763101	0	77648	16	0
189.766915	0	77680	24	0
189.772637	0	77712	40	0
189.782173	0	77768	24	0
189.787894	0	77800	24	0
189.793616	0	77832	24	0
189.799338	0	77864	56	0
189.812688	0	77928	16	0
189.816502	0	77960	16	0
189.820317	0	77992	16	0
189.824131	0	78024	24	0
189.829853	0	78056	24	0
189.835574	0	78088	24	0
189.841296	0	78120	48	0
189.852739	0	78184	24	0
189.858461	0	78216	48	0
189.869904	0	78280	24	0
189.875626	0	78312	24	0
189.881347	0	78344	24	0
189.887069	0	78376	24	0
189.892790	0	78408	24	0
189.898512	0	78432	32	0
189.906141	0	78472	24	0
189.911862	0	78504	16	0
189.915677	0	78536	128	0
189.946192	0	78664	16	0
189.950006	0	78680	8	0
189.951914	0	78696	24	0
189.957635	0	78728	24	0
189.963357	0	78760	24	0
189.969078	0	78792	24	0
189.974800	0	78824	88	0
189.995779	0	78920	112	0
190.022480	0	79048	56	0
190.035830	0	79112	24	0
190.041552	0	79144	16	0
190.045366	0	79176	16	0
190.049181	0	79208	72	0
190.066346	0	79296	24	0
190.072067	0	79328	24	0
190.077789	0	79360	48	0
190.089232	0	79424	24	0
190.094954	0	79456	56	0
190.108304	0	79520	24	0
190.114026	0	79552	40	0
190.123562	0	79600	72	0
190.140726	0	79688	56	0
190.154077	0	79752	24	0
190.159798	0	79784	48	0
190.171242	0	79848	24	0
190.176963	0	79880	24	0
190.182685	0	79912	88	0
190.203664	0	80008	16	0
190.207478	0	80040	48	0
190.218922	0	80104	24	0
190.224643	0	80136	16	0
190.228458	0	80168	24	0
190.234179	0	80200	56	0
190.247530	0	80264	24	0
190.253251	0	80296	24	0
190.258973	0	80328	24	0
190.264694	0	80360	48	0
190.276138	0	80424	88	0
190.297117	0	80520	48	0
190.308560	0	80584	16	0
190.312374	0	80616	24	0
190.318096	0	80648	16	0
190.321910	0	80680	24	0
190.327632	0	80712	16	0
190.331446	0	80744	24	0
190.337168	0	80776	128	0
190.367683	0	80904	24	0
190.373405	0	80936	56	0
190.386755	0	81000	16	0
190.390570	0	81032	16	0
190.394384	0	81064	24	0
190.400106	0	81096	56	0
190.413456	0	81160	48	0
190.424899	0	81224	16	0
190.428714	0	81256	16	0
190.432528	0	81288	24	0
190.438250	0	81320	16	0
190.442064	0	81352	16	0
190.445878	0	81384	56	0
190.459229	0	81448	24	0
190.464950	0	81480	24	0
190.470672	0	81512	24	0
190.476394	0	81544	24	0
190.482115	0	81576	128	0
190.512630	0	81704	56	0
209.991981	0	81768	56	0
210.005331	0	81832	48	0
210.016774	0	81896	120	0
210.045382	0	82024	16	0
210.049197	0	82048	88	0
210.070176	0	82144	24	0
210.075898	0	82176	24	0
210.081619	0	82208	88	0
210.102598	0	82304	24	0
210.108320	0	82336	56	0
210.121670	0	82400	88	0
210.142650	0	82496	24	0
210.148371	0	82528	48	0
210.159814	0	82584	16	0
210.163629	0	82616	128	0
210.194144	0	82744	56	0
210.207494	0	82808	56	0
210.220845	0	82872	16	0
210.224659	0	82904	112	0
210.251360	0	83024	16	0
210.255174	0	83056	16	0
210.258989	0	83080	24	0
210.264710	0	83112	16	0
210.268525	0	83144	8	0
210.270432	0	83152	8	0
210.272339	0	83176	24	0
210.278061	0	83208	24	0
210.283782	0	83240	120	0
210.312390	0	83368	56	0
210.325741	0	83432	112	0
210.352442	0	83560	128	0
210.382957	0	83688	56	0
210.396307	0	83752	48	0
210.407750	0	83816	24	0
210.413472	0	83848	16	0
210.417286	0	83880	24	0
210.423008	0	83912	48	0
210.434451	0	83976	16	0
210.438266	0	84008	24	0
210.443987	0	84040	24	0
210.449709	0	84072	56	0
210.463059	0	84136	24	0
210.468781	0	84168	16	0
210.472595	0	84200	88	0
210.493574	0	84296	24	0
210.499296	0	84328	56	0
210.512646	0	84392	56	0
210.525997	0	84456	80	0
210.545069	0	84552	24	0
210.550790	0	84584	24	0
210.556512	0	84616	16	0
210.560326	0	84648	16	0
210.564141	0	84680	72	0
210.581306	0	84768	24	0
210.587027	0	84800	24	0
210.592749	0	84832	56	0
210.606099	0	84896	24	0
210.611821	0	84928	16	0
210.615635	0	84960	24	0
210.621357	0	84992	16	0
210.625171	0	85024	16	0
210.628986	0	85056	24	0
210.634707	0	85088	24	0
210.640429	0	85120	72	0
210.657594	0	85208	24	0
210.663315	0	85240	24	0
210.669037	0	85272	56	0
210.682387	0	85336	16	0
210.686202	0	85368	88	0
210.707181	0	85464	24	0
210.712902	0	85496	56	0
210.726253	0	85560	24	0
210.731974	0	85592	88	0
210.752954	0	85688	48	0
210.764397	0	85752	88	0
210.785376	0	85848	24	0
210.791098	0	85880	24	0
210.796819	0	85912	16	0
210.800634	0	85944	56	0
210.813984	0	86008	24	0
210.819706	0	86040	88	0
210.840685	0	86136	24	0
210.846406	0	86168	24	0
210.852128	0	86200	48	0
210.863571	0	86264	16	0
210.867386	0	86296	88	0
210.888365	0	86392	80	0
210.907437	0	86488	24	0
210.913158	0	86520	88	0
210.934138	0	86616	24	0
210.939859	0	86648	24	0
230.411581	0	86680	56	0
230.424931	0	86744	24	0
230.430653	0	86776	24	0
230.436374	0	86808	24	0
230.442096	0	86840	24	0
230.447818	0	86872	56	0
230.461168	0	86936	16	0
230.464982	0	86968	16	0
230.468797	0	87000	88	0
230.489776	0	87096	56	0
230.503126	0	87160	24	0
230.508848	0	87192	72	0
230.526013	0	87280	24	0
230.531734	0	87312	16	0
230.535549	0	87344	56	0
230.548899	0	87408	56	0
230.562250	0	87472	24	0
230.567971	0	87504	24	0
230.573693	0	87536	24	0
230.579414	0	87568	48	0
230.590858	0	87632	24	0
230.596579	0	87664	24	0
230.602301	0	87696	24	0
230.608022	0	87728	16	0
230.611837	0	87760	56	0
230.625187	0	87824	16	0
230.629002	0	87856	128	0
230.659517	0	87984	48	0
230.670960	0	88048	24	0
230.676682	0	88080	16	0
230.680496	0	88112	24	0
230.686218	0	88144	24	0
230.691939	0	88176	24	0
230.697661	0	88208	24	0
230.703382	0	88240	24	0
230.709104	0	88272	48	0
230.720547	0	88336	56	0
230.733898	0	88400	112	0
230.760598	0	88528	56	0
230.773949	0	88592	56	0
230.787299	0	88656	24	0
230.793021	0	88688	24	0
230.798742	0	88720	24	0
230.804464	0	88752	128	0
230.834979	0	88880	24	0
230.840701	0	88912	48	0
230.852144	0	88976	88	0
230.873123	0	89072	16	0
230.876938	0	89104	80	0
230.896010	0	89200	56	0
230.909360	0	89264	24	0
230.915082	0	89296	16	0
230.918896	0	89328	56	0
230.932246	0	89392	24	0
230.937968	0	89424	56	0
230.951318	0	89488	120	0
230.979926	0	89616	24	0
230.985648	0	89648	80	0
231.004720	0	89744	16	0
231.008534	0	89776	16	0
231.012349	0	89808	120	0
231.040957	0	89936	16	0
231.044771	0	89960	24	0
231.050493	0	89992	88	0
231.071472	0	90088	16	0
231.075286	0	90120	24	0
231.081008	0	90144	32	0
231.088637	0	90184	48	0
231.100080	0	90248	56	0
231.113430	0	90312	16	0
231.117245	0	90344	88	0
231.138224	0	90440	16	0
231.142038	0	90472	56	0
231.155389	0	90536	16	0
231.159203	0	90568	16	0
231.163018	0	90592	24	0
231.168739	0	90624	24	0
231.174461	0	90656	24	0
231.180182	0	90688	80	0
231.199254	0	90784	24	0
231.204976	0	90816	120	0
231.233584	0	90944	88	0
231.254563	0	91040	24	0
231.260285	0	91072	16	0
231.264099	0	91104	112	0
231.290800	0	91232	24	0
231.296522	0	91264	16	0
231.300336	0	91296	16	0
231.304150	0	91328	96	0
231.327037	0	91424	56	0
231.340387	0	91488	16	0
231.344202	0	91520	16	0
231.348016	0	91552	56	0
231.361366	0	91616	24	0
231.367088	0	91648	24	0
250.838810	0	91680	16	0
250.842624	0	91712	24	0
250.848346	0	91744	16	0
250.852160	0	91776	24	0
250.857882	0	91808	48	0
250.869325	0	91872	16	0
250.873139	0	91904	24	0
250.878861	0	91936	16	0
250.882675	0	91968	24	0
250.888397	0	92000	24	0
250.894118	0	92032	16	0
250.897933	0	92064	48	0
250.909376	0	92120	48	0
250.920819	0	92184	24	0
250.926541	0	92216	16	0
250.930355	0	92248	24	0
250.936077	0	92280	24	0
250.941798	0	92312	24	0
250.947520	0	92344	16	0
250.951334	0	92376	24	0
250.957056	0	92408	48	0
250.968499	0	92472	16	0
250.972314	0	92504	24	0
250.978035	0	92536	24	0
250.983757	0	92568	88	0
251.004736	0	92664	88	0
251.025715	0	92760	24	0
251.031437	0	92792	16	0
251.035251	0	92824	56	0
251.048602	0	92888	24	0
251.054323	0	92920	24	0
251.060045	0	92952	56	0
251.073395	0	93016	24	0
251.079117	0	93048	16	0
251.082931	0	93080	16	0
251.086746	0	93112	24	0
251.092467	0	93144	48	0
251.103910	0	93208	24	0
251.109632	0	93240	24	0
251.115354	0	93272	24	0
251.121075	0	93304	16	0
251.124890	0	93336	16	0
251.128704	0	93368	104	0
251.153498	0	93472	16	0
251.157312	0	93496	112	0
251.184013	0	93624	56	0
251.197363	0	93688	16	0
251.201178	0	93720	24	0
251.206899	0	93752	24	0
251.212621	0	93784	56	0
251.225971	0	93848	16	0
251.229786	0	93880	48	0
251.241229	0	93944	16	0
251.245043	0	93976	24	0
251.250765	0	94008	112	0
251.277466	0	94128	24	0
251.283187	0	94160	56	0
251.296538	0	94224	16	0
251.300352	0	94256	88	0
251.321331	0	94352	56	0
251.334682	0	94416	24	0
251.340403	0	94448	16	0
251.344218	0	94480	48	0
251.355661	0	94544	24	0
251.361382	0	94576	24	0
251.367104	0	94608	56	0
251.380454	0	94672	16	0
251.384269	0	94704	88	0
251.405248	0	94800	24	0
251.410970	0	94832	16	0
251.414784	0	94864	56	0
251.428134	0	94928	24	0
251.433856	0	94960	24	0
251.439578	0	94992	16	0
251.443392	0	95024	56	0
251.456742	0	95088	56	0
251.470093	0	95152	24	0
251.475814	0	95184	16	0
251.479629	0	95216	24	0
251.485350	0	95248	16	0
251.489165	0	95280	120	0
251.517773	0	95408	24	0
251.523494	0	95440	24	0
251.529216	0	95472	24	0
251.534938	0	95504	56	0
251.548288	0	95568	24	0
251.554010	0	95600	88	0
251.574989	0	95696	120	0
251.603597	0	95824	16	0
251.607411	0	95856	48	0
251.618854	0	95920	24	0
251.624576	0	95952	16	0
251.628390	0	95984	56	0
251.641741	0	96048	48	0
251.653184	0	96112	56	0
251.666534	0	96176	24	0
251.672256	0	96208	24	0
251.677978	0	96240	24	0
251.683699	0	96272	24	0
251.689421	0	96304	24	0
251.695142	0	96336	16	0
251.698957	0	96368	16	0
251.702771	0	96400	56	0
251.716122	0	96464	16	0
251.719936	0	96496	16	0
251.723750	0	96528	48	0
251.735194	0	96584	56	0
251.748544	0	96648	24	0
251.754266	0	96680	24	0
251.759987	0	96712	16	0
251.763802	0	96744	112	0
251.790502	0	96872	16	0
251.794317	0	96904	80	0
271.279389	0	97000	24	0
271.285110	0	97032	16	0
271.288925	0	97064	16	0
271.292739	0	97096	56	0
271.306090	0	97160	128	0
271.336605	0	97288	48	0
271.348048	0	97352	24	0
271.353770	0	97384	24	0
271.359491	0	97416	24	0
271.365213	0	97448	16	0
271.369027	0	97480	24	0
271.374749	0	97512	24	0
271.380470	0	97544	24	0
271.386192	0	97576	88	0
271.407171	0	97672	24	0
271.412893	0	97704	24	0
271.418614	0	97736	24	0
271.424336	0	97768	24	0
271.430058	0	97800	48	0
271.441501	0	97864	120	0
271.470109	0	97992	16	0
271.473923	0	98024	16	0
271.477738	0	98056	24	0
271.483459	0	98088	88	0
271.504438	0	98184	24	0
271.510160	0	98216	24	0
271.515882	0	98248	48	0
271.527325	0	98312	56	0
271.540675	0	98376	24	0
271.546397	0	98408	16	0
271.550211	0	98440	24	0
271.555933	0	98472	16	0
271.559747	0	98504	56	0
271.573098	0	98568	16	0
271.576912	0	98600	16	0
271.580726	0	98632	24	0
271.586448	0	98664	24	0
271.592170	0	98696	24	0
271.597891	0	98728	24	0
271.603613	0	98760	88	0
271.624592	0	98856	16	0
271.628406	0	98888	88	0
271.649386	0	98984	88	0
271.670365	0	99080	56	0
271.683715	0	99144	56	0
271.697066	0	99208	16	0
271.700880	0	99232	16	0
271.704694	0	99264	24	0
271.710416	0	99296	24	0
271.716138	0	99328	16	0
271.719952	0	99360	24	0
271.725674	0	99392	24	0
271.731395	0	99424	24	0
271.737117	0	99456	80	0
271.756189	0	99552	24	0
271.761910	0	99584	16	0
271.765725	0	99616	56	0
271.779075	0	99680	48	0
271.790518	0	99744	80	0
271.809590	0	99832	24	0
271.815312	0	99864	24	0
271.821034	0	99896	16	0
271.824848	0	99928	112	0
271.851549	0	100056	24	0
271.857270	0	100088	80	0
271.876342	0	100184	48	0
271.887786	0	100248	16	0
271.891600	0	100280	24	0
271.897322	0	100312	120	0
271.925930	0	100440	120	0
271.954538	0	100568	88	0
271.975517	0	100664	24	0
271.981238	0	100696	24	0
271.986960	0	100728	56	0
272.000310	0	100792	16	0
272.004125	0	100824	24	0
272.009846	0	100856	80	0
272.028918	0	100952	24	0
272.034640	0	100984	24	0
272.040362	0	101016	128	0
272.070877	0	101144	72	0
272.088042	0	101232	24	0
272.093763	0	101264	56	0
272.107114	0	101328	24	0
272.112835	0	101360	24	0
272.118557	0	101392	16	0
272.122371	0	101424	128	0
272.152886	0	101552	24	0
272.158608	0	101584	16	0
272.162422	0	101616	24	0
272.168144	0	101648	24	0
272.173866	0	101680	48	0
272.185309	0	101744	128	0
272.215824	0	101872	80	0
291.700896	0	101968	48	0
291.712339	0	102032	24	0
291.718061	0	102064	24	0
291.723782	0	102096	24	0
291.729504	0	102128	48	0
291.740947	0	102192	24	0
291.746669	0	102224	48	0
291.758112	0	102288	24	0
291.763834	0	102320	16	0
291.767648	0	102352	24	0
291.773370	0	102384	16	0
291.777184	0	102416	88	0
291.798163	0	102512	88	0
291.819142	0	102608	24	0
291.824864	0	102640	16	0
291.828678	0	102672	24	0
291.834400	0	102704	24	0
291.840122	0	102736	24	0
291.845843	0	102768	24	0
291.851565	0	102800	48	0
291.863008	0	102864	48	0
291.874451	0	102920	24	0
291.880173	0	102952	16	0
291.883987	0	102984	24	0
291.889709	0	103016	24	0
291.895430	0	103048	56	0
291.908781	0	103112	16	0
291.912595	0	103144	56	0
291.925946	0	103208	24	0
291.931667	0	103240	16	0
291.935482	0	103272	56	0
291.948832	0	103336	24	0
291.954554	0	103368	16	0
291.958368	0	103400	24	0
291.964090	0	103432	16	0
291.967904	0	103464	24	0
291.973626	0	103496	24	0
291.979347	0	103528	24	0
291.985069	0	103560	120	0
292.013677	0	103688	24	0
292.019398	0	103720	24	0
292.025120	0	103752	24	0
292.030842	0	103784	24	0
292.036563	0	103808	24	0
292.042285	0	103848	24	0
292.048006	0	103880	48	0
292.059450	0	103944	16	0
292.063264	0	103976	24	0
292.068986	0	104008	24	0
292.074707	0	104040	80	0
292.093779	0	104136	48	0
292.105222	0	104200	16	0
292.109037	0	104232	24	0
292.114758	0	104264	24	0
292.120480	0	104296	128	0
292.150995	0	104424	48	0
292.162438	0	104488	16	0
292.166253	0	104520	128	0
292.196768	0	104648	56	0
292.210118	0	104712	24	0
292.215840	0	104744	24	0
292.221562	0	104776	16	0
292.225376	0	104808	80	0
292.244448	0	104896	24	0
292.250170	0	104928	24	0
292.255891	0	104960	16	0
292.259706	0	104992	24	0
292.265427	0	105024	24	0
292.271149	0	105056	56	0
292.284499	0	105120	80	0
292.303571	0	105216	40	0
292.313107	0	105272	24	0
292.318829	0	105304	80	0
292.337901	0	105392	16	0
292.341715	0	105424	16	0
292.345530	0	105456	24	0
292.351251	0	105488	16	0
292.355066	0	105520	88	0
292.376045	0	105616	24	0
292.381766	0	105648	24	0
292.387488	0	105680	24	0
292.393210	0	105712	56	0
292.406560	0	105776	80	0
292.425632	0	105872	24	0
292.431354	0	105904	56	0
292.444704	0	105968	56	0
292.458054	0	106032	48	0
292.469498	0	106088	24	0
292.475219	0	106120	24	0
292.480941	0	106152	128	0
292.511456	0	106280	24	0
292.517178	0	106312	24	0
292.522899	0	106344	112	0
292.549600	0	106464	80	0
292.568672	0	106560	24	0
292.574394	0	106592	16	0
292.578208	0	106624	24	0
292.583930	0	106656	88	0
292.604909	0	106752	56	0
292.618259	0	106816	88	0
292.639238	0	106912	112	0
312.131939	0	107040	88	0
312.152918	0	107136	24	0
312.158640	0	107168	16	0
312.162454	0	107184	8	0
312.164362	0	107200	24	0
312.170083	0	107232	24	0
312.175805	0	107264	120	0
312.204413	0	107392	40	0
312.213949	0	107432	40	0
312.223485	0	107488	16	0
312.227299	0	107520	24	0
312.233021	0	107552	24	0
312.238742	0	107584	24	0
312.244464	0	107616	24	0
312.250186	0	107648	56	0
312.263536	0	107712	104	0
312.288330	0	107824	24	0
312.294051	0	107856	24	0
312.299773	0	107888	24	0
312.305494	0	107920	16	0
312.309309	0	107952	24	0
312.315030	0	107984	24	0
312.320752	0	108016	16	0
312.324566	0	108048	128	0
312.355082	0	108176	72	0
312.372246	0	108264	88	0
312.393226	0	108360	16	0
312.397040	0	108392	16	0
312.400854	0	108416	120	0
312.429462	0	108544	128	0
312.459978	0	108672	56	0
312.473328	0	108736	24	0
312.479050	0	108768	88	0
312.500029	0	108864	24	0
312.505750	0	108896	24	0
312.511472	0	108928	16	0
312.515286	0	108960	16	0
312.519101	0	108992	24	0
312.524822	0	109024	16	0
312.528637	0	109056	16	0
312.532451	0	109088	24	0
312.538173	0	109120	16	0
312.541987	0	109152	88	0
312.562966	0	109248	24	0
312.568688	0	109280	16	0
312.572502	0	109312	80	0
312.591574	0	109400	24	0
312.597296	0	109432	24	0
312.603018	0	109464	16	0
312.606832	0	109496	24	0
312.612554	0	109528	56	0
312.625904	0	109592	24	0
312.631626	0	109624	120	0
312.660234	0	109752	16	0
312.664048	0	109784	16	0
312.667862	0	109808	88	0
312.688842	0	109904	16	0
312.692656	0	109936	112	0
312.719357	0	110064	24	0
312.725078	0	110096	24	0
312.730800	0	110128	24	0
312.736522	0	110160	56	0
312.749872	0	110224	88	0
312.770851	0	110320	24	0
312.776573	0	110352	24	0
312.782294	0	110384	24	0
312.788016	0	110416	48	0
312.799459	0	110480	24	0
312.805181	0	110512	56	0
312.818531	0	110576	16	0
312.822346	0	110600	16	0
312.826160	0	110632	48	0
312.837603	0	110696	48	0
312.849046	0	110760	56	0
312.862397	0	110824	48	0
312.873840	0	110888	56	0
312.887190	0	110952	24	0
312.892912	0	110984	24	0
312.898634	0	111016	56	0
312.911984	0	111080	56	0
312.925334	0	111144	48	0
312.936778	0	111200	16	0
312.940592	0	111224	56	0
312.953942	0	111288	120	0
312.982550	0	111416	16	0
312.986365	0	111448	48	0
312.997808	0	111512	48	0
313.009251	0	111568	80	0
313.028323	0	111664	16	0
313.032138	0	111696	128	0
313.062653	0	111824	24	0
313.068374	0	111856	56	0
332.547725	0	111920	16	0
332.551539	0	111952	24	0
332.557261	0	111984	128	0
332.587776	0	112112	24	0
332.593498	0	112144	24	0
332.599219	0	112176	56	0
332.612570	0	112240	48	0
332.624013	0	112304	24	0
332.629734	0	112336	56	0
332.643085	0	112400	24	0
332.648806	0	112432	24	0
332.654528	0	112464	120	0
332.683136	0	112592	24	0
332.688858	0	112624	16	0
332.692672	0	112656	16	0
332.696486	0	112688	24	0
332.702208	0	112720	56	0
332.715558	0	112784	56	0
332.728909	0	112848	24	0
332.734630	0	112880	16	0
332.738445	0	112912	24	0
332.744166	0	112944	16	0
332.747981	0	112976	56	0
332.761331	0	113040	24	0
332.767053	0	113072	56	0
332.780403	0	113136	24	0
332.786125	0	113168	24	0
332.791846	0	113200	128	0
332.822362	0	113328	24	0
332.828083	0	113360	16	0
332.831898	0	113392	56	0
332.845248	0	113456	24	0
332.850970	0	113488	48	0
332.862413	0	113552	24	0
332.868134	0	113584	56	0
332.881485	0	113648	56	0
332.894835	0	113712	16	0
332.898650	0	113744	48	0
332.910093	0	113808	40	0
332.919629	0	113848	8	0
332.921536	0	113872	24	0
332.927258	0	113904	24	0
332.932979	0	113936	16	0
332.936794	0	113968	16	0
332.940608	0	114000	48	0
332.952051	0	114064	16	0
332.955866	0	114096	56	0
332.969216	0	114160	24	0
332.974938	0	114192	48	0
332.986381	0	114256	48	0
332.997824	0	114320	24	0
333.003546	0	114352	56	0
333.016896	0	114416	24	0
333.022618	0	114448	16	0
333.026432	0	114472	48	0
333.037875	0	114528	16	0
333.041690	0	114560	24	0
333.047411	0	114592	56	0
333.060762	0	114656	56	0
333.074112	0	114720	128	0
333.104627	0	114848	24	0
333.110349	0	114880	48	0
333.121792	0	114944	16	0
333.125606	0	114976	24	0
333.131328	0	115008	120	0
333.159936	0	115136	16	0
333.163750	0	115168	24	0
333.169472	0	115200	24	0
333.175194	0	115232	24	0
333.180915	0	115264	16	0
333.184730	0	115296	48	0
333.196173	0	115352	88	0
333.217152	0	115448	16	0
333.220966	0	115480	120	0
333.249574	0	115608	48	0
333.261018	0	115672	24	0
333.266739	0	115704	24	0
333.272461	0	115736	48	0
333.283904	0	115800	24	0
333.289626	0	115832	24	0
333.295347	0	115864	56	0
333.308698	0	115928	56	0
333.322048	0	115992	16	0
333.325862	0	116024	56	0
333.339213	0	116088	24	0
333.344934	0	116120	16	0
333.348749	0	116152	56	0
333.362099	0	116216	24	0
333.367821	0	116248	120	0
333.396429	0	116376	16	0
333.400243	0	116408	128	0
333.430758	0	116536	88	0
333.451738	0	116632	16	0
333.455552	0	116664	16	0
333.459366	0	116696	16	0
333.463181	0	116728	16	0
333.466995	0	116760	88	0
333.487974	0	116856	24	0
333.493696	0	116888	24	0
333.499418	0	116920	48	0
352.976861	0	116984	24	0
352.982582	0	117016	24	0
352.988304	0	117048	24	0
352.994026	0	117080	24	0
352.999747	0	117112	24	0
353.005469	0	117144	48	0
353.016912	0	117208	24	0
353.022634	0	117240	48	0
353.034077	0	117304	80	0
353.053149	0	117400	24	0
353.058870	0	117432	56	0
353.072221	0	117496	24	0
353.077942	0	117528	112	0
353.104643	0	117648	24	0
353.110365	0	117680	16	0
353.114179	0	117712	88	0
353.135158	0	117808	24	0
353.140880	0	117840	56	0
353.154230	0	117904	16	0
353.158045	0	117936	120	0
353.186653	0	118064	24	0
353.192374	0	118096	24	0
353.198096	0	118128	88	0
353.219075	0	118224	24	0
353.224797	0	118256	80	0
353.243869	0	118352	80	0
353.262941	0	118440	24	0
353.268662	0	118472	16	0
353.272477	0	118504	24	0
353.278198	0	118536	24	0
353.283920	0	118568	24	0
353.289642	0	118600	16	0
353.293456	0	118632	16	0
353.297270	0	118664	24	0
353.302992	0	118696	56	0
353.316342	0	118760	24	0
353.322064	0	118792	24	0
353.327786	0	118824	24	0
353.333507	0	118856	24	0
353.339229	0	118888	16	0
353.343043	0	118920	88	0
353.364022	0	119016	128	0
353.394538	0	119144	48	0
353.405981	0	119200	56	0
353.419331	0	119264	88	0
353.440310	0	119360	24	0
353.446032	0	119392	24	0
353.451754	0	119424	16	0
353.455568	0	119456	24	0
353.461290	0	119488	48	0
353.472733	0	119552	24	0
353.478454	0	119584	24	0
353.484176	0	119616	24	0
353.489898	0	119648	88	0
353.510877	0	119744	16	0
353.514691	0	119776	56	0
353.528042	0	119840	24	0
353.533763	0	119872	16	0
353.537578	0	119904	56	0
353.550928	0	119968	24	0
353.556650	0	120000	24	0
353.562371	0	120032	128	0
353.592886	0	120160	24	0
353.598608	0	120192	56	0
353.611958	0	120256	24	0
353.617680	0	120288	16	0
353.621494	0	120320	56	0
353.634845	0	120384	16	0
353.638659	0	120416	16	0
353.642474	0	120448	24	0
353.648195	0	120480	16	0
353.652010	0	120512	16	0
353.655824	0	120544	24	0
353.661546	0	120576	24	0
353.667267	0	120608	24	0
353.672989	0	120640	112	0
353.699690	0	120768	24	0
353.705411	0	120800	24	0
353.711133	0	120832	24	0
353.716854	0	120864	128	0
353.747370	0	120992	56	0
353.760720	0	121056	16	0
353.764534	0	121088	80	0
353.783606	0	121184	48	0
353.795050	0	121248	24	0
353.800771	0	121280	24	0
353.806493	0	121312	88	0
353.827472	0	121408	80	0
353.846544	0	121504	24	0
353.852266	0	121536	24	0
353.857987	0	121568	24	0
353.863709	0	121600	8	0
353.865616	0	121608	16	0
353.869430	0	121632	16	0
353.873245	0	121664	48	0
353.884688	0	121728	88	0
353.905667	0	121824	16	0
353.909482	0	121856	24	0
353.915203	0	121888	24	0
353.920925	0	121920	56	0
373.400275	0	121984	16	0
373.404090	0	122016	16	0
373.407904	0	122048	16	0
373.411718	0	122080	24	0
373.417440	0	122112	16	0
373.421254	0	122144	88	0
373.442234	0	122240	56	0
373.455584	0	122304	24	0
373.461306	0	122336	24	0
373.467027	0	122368	16	0
373.470842	0	122400	24	0
373.476563	0	122432	24	0
373.482285	0	122464	16	0
373.486099	0	122496	24	0
373.491821	0	122528	88	0
373.512800	0	122624	48	0
373.524243	0	122680	56	0
373.537594	0	122744	48	0
373.549037	0	122808	112	0
373.575738	0	122936	48	0
373.587181	0	123000	24	0
373.592902	0	123032	24	0
373.598624	0	123064	48	0
373.610067	0	123128	24	0
373.615789	0	123160	24	0
373.621510	0	123192	24	0
373.627232	0	123224	24	0
373.632954	0	123256	48	0
373.644397	0	123320	112	0
373.671098	0	123448	24	0
373.676819	0	123480	56	0
373.690170	0	123544	56	0
373.703520	0	123608	16	0
373.707334	0	123640	24	0
373.713056	0	123672	16	0
373.716870	0	123704	24	0
373.722592	0	123736	120	0
373.751200	0	123864	128	0
373.781715	0	123992	48	0
373.793158	0	124048	16	0
373.796973	0	124080	24	0
373.802694	0	124112	56	0
373.816045	0	124176	56	0
373.829395	0	124240	8	0
373.831302	0	124248	16	0
373.835117	0	124272	16	0
373.838931	0	124304	56	0
373.852282	0	124368	24	0
373.858003	0	124400	80	0
373.877075	0	124496	88	0
373.898054	0	124592	24	0
373.903776	0	124624	48	0
373.915219	0	124688	16	0
373.919034	0	124712	24	0
373.924755	0	124744	16	0
373.928570	0	124776	24	0
373.934291	0	124808	24	0
373.940013	0	124840	16	0
373.943827	0	124872	120	0
373.972435	0	125000	24	0
373.978157	0	125032	24	0
373.983878	0	125064	24	0
373.989600	0	125096	56	0
374.002950	0	125160	24	0
374.008672	0	125192	16	0
374.012486	0	125224	16	0
374.016301	0	125256	16	0
374.020115	0	125288	24	0
374.025837	0	125320	16	0
374.029651	0	125352	24	0
374.035373	0	125384	16	0
374.039187	0	125416	16	0
374.043002	0	125448	16	0
374.046816	0	125480	16	0
374.050630	0	125512	120	0
374.079238	0	125640	16	0
374.083053	0	125672	56	0
374.096403	0	125736	56	0
374.109754	0	125800	16	0
374.113568	0	125832	80	0
374.132640	0	125920	24	0
374.138362	0	125952	48	0
374.149805	0	126016	24	0
374.155526	0	126048	128	0
374.186042	0	126176	88	0
374.207021	0	126272	56	0
374.220371	0	126336	16	0
374.224186	0	126368	48	0
374.235629	0	126432	56	0
374.248979	0	126496	16	0
374.252794	0	126528	16	0
374.256608	0	126560	40	0
374.266144	0	126616	16	0
374.269958	0	126648	48	0
374.281402	0	126712	128	0
374.311917	0	126840	24	0
374.317638	0	126872	56	0
374.330989	0	126936	48	0
374.342432	0	127000	128	0
393.838947	0	127128	24	0
393.844669	0	127160	24	0
393.850390	0	127192	48	0
393.861834	0	127248	24	0
393.867555	0	127280	128	0
393.898070	0	127408	8	0
393.899978	0	127432	48	0
393.911421	0	127496	24	0
393.917142	0	127528	48	0
393.928586	0	127592	24	0
393.934307	0	127624	24	0
393.940029	0	127656	24	0
393.945750	0	127688	16	0
393.949565	0	127720	24	0
393.955286	0	127752	24	0
393.961008	0	127784	48	0
393.972451	0	127848	24	0
393.978173	0	127880	16	0
393.981987	0	127912	16	0
393.985802	0	127944	56	0
393.999152	0	128008	24	0
394.004874	0	128040	80	0
394.023946	0	128136	56	0
394.037296	0	128200	16	0
394.041110	0	128232	48	0
394.052554	0	128296	24	0
394.058275	0	128328	48	0
394.069718	0	128392	120	0
394.098326	0	128520	24	0
394.104048	0	128552	24	0
394.109770	0	128584	48	0
394.121213	0	128648	16	0
394.125027	0	128680	56	0
394.138378	0	128744	56	0
394.151728	0	128808	128	0
394.182243	0	128936	56	0
394.195594	0	129000	56	0
394.208944	0	129064	56	0
394.222294	0	129128	48	0
394.233738	0	129192	48	0
394.245181	0	129256	56	0
394.258531	0	129320	56	0
394.271882	0	129384	16	0
394.275696	0	129416	24	0
394.281418	0	129448	80	0
394.300490	0	129544	56	0
394.313840	0	129608	24	0
394.319562	0	129640	16	0
394.323376	0	129672	16	0
394.327190	0	129704	24	0
394.332912	0	129736	24	0
394.338634	0	129768	48	0
394.350077	0	129824	24	0
394.355798	0	129856	72	0
394.372963	0	129944	24	0
394.378685	0	129976	16	0
394.382499	0	130008	56	0
394.395850	0	130072	120	0
394.424458	0	130200	24	0
394.430179	0	130232	16	0
394.433994	0	130264	24	0
394.439715	0	130296	56	0
394.453066	0	130360	24	0
394.458787	0	130392	24	0
394.464509	0	130424	80	0
394.483581	0	130520	120	0
394.512189	0	130648	24	0
394.517910	0	130680	24	0
394.523632	0	130712	48	0
394.535075	0	130776	48	0
394.546518	0	130840	24	0
394.552240	0	130872	16	0
394.556054	0	130904	24	0
394.561776	0	130936	24	0
394.567498	0	130968	56	0
394.580848	0	131032	16	0
394.584662	0	131064	16	0
394.588477	0	131096	16	0
394.592291	0	131128	56	0
394.605642	0	131192	24	0
394.611363	0	131224	24	0
394.617085	0	131256	56	0
394.630435	0	131320	88	0
394.651414	0	131416	24	0
394.657136	0	131448	16	0
394.660950	0	131480	24	0
394.666672	0	131512	24	0
394.672394	0	131544	16	0
394.676208	0	131576	48	0
394.687651	0	131640	16	0
394.691466	0	131672	56	0
394.704816	0	131736	128	0
394.735331	0	131864	48	0
394.746774	0	131928	24	0
394.752496	0	131960	24	0
394.758218	0	131992	24	0
394.763939	0	132024	24	0
394.769661	0	132056	16	0
394.773475	0	132088	16	0
394.777290	0	132120	56	0
414.256640	0	132184	56	0
414.269990	0	132248	24	0
414.275712	0	132280	48	0
414.287155	0	132336	128	0
414.317670	0	132464	80	0
414.336742	0	132552	24	0
414.342464	0	132584	16	0
414.346278	0	132616	24	0
414.352000	0	132648	24	0
414.357722	0	132680	16	0
414.361536	0	132712	56	0
414.374886	0	132776	80	0
414.393958	0	132872	56	0
414.407309	0	132936	24	0
414.413030	0	132968	16	0
414.416845	0	133000	24	0
414.422566	0	133032	24	0
414.428288	0	133064	16	0
414.432102	0	133096	120	0
414.460710	0	133224	24	0
414.466432	0	133256	48	0
414.477875	0	133320	24	0
414.483597	0	133352	16	0
414.487411	0	133384	88	0
414.508390	0	133480	88	0
414.529370	0	133576	24	0
414.535091	0	133608	24	0
414.540813	0	133640	24	0
414.546534	0	133672	24	0
414.552256	0	133704	24	0
414.557978	0	133736	88	0
414.578957	0	133832	16	0
414.582771	0	133864	16	0
414.586586	0	133896	48	0
414.598029	0	133960	56	0
414.611379	0	134024	56	0
414.624730	0	134088	24	0
414.630451	0	134120	24	0
414.636173	0	134152	88	0
414.657152	0	134248	24	0
414.662874	0	134280	24	0
414.668595	0	134312	72	0
414.685760	0	134384	48	0
414.697203	0	134440	80	0
414.716275	0	134536	56	0
414.729626	0	134600	16	0
414.733440	0	134632	24	0
414.739162	0	134664	24	0
414.744883	0	134696	24	0
414.750605	0	134728	24	0
414.756326	0	134760	120	0
414.784934	0	134888	16	0
414.788749	0	134920	16	0
414.792563	0	134952	24	0
414.798285	0	134984	56	0
414.811635	0	135048	48	0
414.823078	0	135112	56	0
414.836429	0	135176	48	0
414.847872	0	135240	16	0
414.851686	0	135272	16	0
414.855501	0	135304	24	0
414.861222	0	135336	16	0
414.865037	0	135368	24	0
414.870758	0	135400	16	0
414.874573	0	135432	48	0
414.886016	0	135496	24	0
414.891738	0	135528	48	0
414.903181	0	135584	16	0
414.906995	0	135616	24	0
414.912717	0	135648	24	0
414.918438	0	135680	56	0
414.931789	0	135744	24	0
414.937510	0	135776	48	0
414.948954	0	135840	48	0
414.960397	0	135896	16	0
414.964211	0	135928	16	0
414.968026	0	135960	24	0
414.973747	0	135992	24	0
414.979469	0	136024	48	0
414.990912	0	136088	16	0
414.994726	0	136120	16	0
414.998541	0	136152	56	0
415.011891	0	136216	16	0
415.015706	0	136248	56	0
415.029056	0	136312	80	0
415.048128	0	136408	56	0
415.061478	0	136472	24	0
415.067200	0	136504	56	0
415.080550	0	136568	24	0
415.086272	0	136600	24	0
415.091994	0	136632	16	0
415.095808	0	136664	24	0
415.101530	0	136696	16	0
415.105344	0	136728	48	0
415.116787	0	136784	16	0
415.120602	0	136816	24	0
415.126323	0	136848	24	0
415.132045	0	136880	16	0
415.135859	0	136912	16	0
415.139674	0	136944	56	0
415.153024	0	137008	24	0
415.158746	0	137040	24	0
415.164467	0	137072	16	0
415.168282	0	137104	120	0
415.196890	0	137232	48	0
415.208333	0	137296	24	0
434.680054	0	137328	24	0
434.685776	0	137360	24	0
434.691498	0	137392	56	0
434.704848	0	137456	120	0
434.733456	0	137584	24	0
434.739178	0	137616	80	0
434.758250	0	137712	16	0
434.762064	0	137744	16	0
434.765878	0	137776	16	0
434.769693	0	137808	56	0
434.783043	0	137872	40	0
434.792579	0	137928	24	0
434.798301	0	137960	24	0
434.804022	0	137992	48	0
434.815466	0	138048	24	0
434.821187	0	138080	24	0
434.826909	0	138112	24	0
434.832630	0	138144	24	0
434.838352	0	138176	24	0
434.844074	0	138208	88	0
434.865053	0	138304	16	0
434.868867	0	138328	120	0
434.897475	0	138456	48	0
434.908918	0	138520	24	0
434.914640	0	138552	24	0
434.920362	0	138584	56	0
434.933712	0	138648	120	0
434.962320	0	138776	56	0
434.975670	0	138840	40	0
434.985206	0	138896	48	0
434.996650	0	138960	24	0
435.002371	0	138992	80	0
435.021443	0	139088	120	0
435.050051	0	139216	48	0
435.061494	0	139280	88	0
435.082474	0	139376	24	0
435.088195	0	139408	48	0
435.099638	0	139472	56	0
435.112989	0	139536	24	0
435.118710	0	139568	16	0
435.122525	0	139600	16	0
435.126339	0	139632	88	0
435.147318	0	139728	24	0
435.153040	0	139760	24	0
435.158762	0	139792	24	0
435.164483	0	139824	16	0
435.168298	0	139856	24	0
435.174019	0	139888	16	0
435.177834	0	139920	16	0
435.181648	0	139952	16	0
435.185462	0	139984	24	0
435.191184	0	140016	88	0
435.212163	0	140112	48	0
435.223606	0	140176	80	0
435.242678	0	140272	16	0
435.246493	0	140304	24	0
435.252214	0	140336	16	0
435.256029	0	140368	56	0
435.269379	0	140432	56	0
435.282730	0	140496	16	0
435.286544	0	140528	48	0
435.297987	0	140592	56	0
435.311338	0	140656	16	0
435.315152	0	140688	56	0
435.328502	0	140752	16	0
435.332317	0	140784	80	0
435.351389	0	140880	24	0
435.357110	0	140912	24	0
435.362832	0	140944	48	0
435.374275	0	141008	24	0
435.379997	0	141040	56	0
435.393347	0	141104	16	0
435.397162	0	141136	24	0
435.402883	0	141168	48	0
435.414326	0	141232	24	0
435.420048	0	141264	24	0
435.425770	0	141296	16	0
435.429584	0	141328	24	0
435.435306	0	141360	48	0
435.446749	0	141416	24	0
435.452470	0	141448	48	0
435.463914	0	141512	48	0
435.475357	0	141576	24	0
435.481078	0	141608	88	0
435.502058	0	141704	24	0
435.507779	0	141736	120	0
435.536387	0	141864	16	0
435.540202	0	141896	24	0
435.545923	0	141928	120	0
435.574531	0	142056	16	0
435.578346	0	142088	24	0
435.584067	0	142120	48	0
435.595510	0	142184	120	0
435.624118	0	142312	24	0
435.629840	0	142344	16	0
435.633654	0	142376	88	0
455.120634	0	142472	88	0
455.141613	0	142568	24	0
455.147334	0	142600	128	0
455.177850	0	142728	16	0
455.181664	0	142752	16	0
455.185478	0	142784	16	0
455.189293	0	142816	16	0
455.193107	0	142848	40	0
455.202643	0	142904	48	0
455.214086	0	142952	8	0
455.215994	0	142968	24	0
455.221715	0	143000	24	0
455.227437	0	143032	24	0
455.233158	0	143064	16	0
455.236973	0	143096	24	0
455.242694	0	143128	120	0
455.271302	0	143256	56	0
455.284653	0	143320	56	0
455.298003	0	143384	24	0
455.303725	0	143416	24	0
455.309446	0	143448	88	0
455.330426	0	143544	88	0
455.351405	0	143640	24	0
455.357126	0	143672	24	0
455.362848	0	143704	120	0
455.391456	0	143832	24	0
455.397178	0	143864	128	0
455.427693	0	143992	24	0
455.433414	0	144024	8	0
455.435322	0	144032	16	0
455.439136	0	144056	16	0
455.442950	0	144088	16	0
455.446765	0	144120	80	0
455.465837	0	144216	24	0
455.471558	0	144248	48	0
455.483002	0	144312	24	0
455.488723	0	144344	16	0
455.492538	0	144376	48	0
455.503981	0	144440	40	0
455.513517	0	144496	16	0
455.517331	0	144528	24	0
455.523053	0	144560	16	0
455.526867	0	144592	24	0
455.532589	0	144624	16	0
455.536403	0	144656	48	0
455.547846	0	144720	88	0
455.568826	0	144816	24	0
455.574547	0	144848	24	0
455.580269	0	144880	16	0
455.584083	0	144912	16	0
455.587898	0	144944	24	0
455.593619	0	144976	104	0
455.618413	0	145080	104	0
455.643206	0	145200	56	0
455.656557	0	145264	56	0
455.669907	0	145328	24	0
455.675629	0	145360	16	0
455.679443	0	145384	16	0
455.683258	0	145416	24	0
455.688979	0	145448	16	0
455.692794	0	145480	16	0
455.696608	0	145512	24	0
455.702330	0	145544	16	0
455.706144	0	145576	48	0
455.717587	0	145640	24	0
455.723309	0	145672	24	0
455.729030	0	145704	24	0
455.734752	0	145736	24	0
455.740474	0	145768	24	0
455.746195	0	145800	24	0
455.751917	0	145832	24	0
455.757638	0	145864	16	0
455.761453	0	145896	16	0
455.765267	0	145928	56	0
455.778618	0	145992	24	0
455.784339	0	146024	24	0
455.790061	0	146056	24	0
455.795782	0	146088	120	0
455.824390	0	146216	80	0
455.843462	0	146312	72	0
455.860627	0	146400	24	0
455.866349	0	146432	16	0
455.870163	0	146464	56	0
455.883514	0	146528	56	0
455.896864	0	146592	56	0
455.910214	0	146656	16	0
455.914029	0	146688	88	0
455.935008	0	146784	24	0
455.940730	0	146816	80	0
455.959802	0	146912	128	0
455.990317	0	147040	24	0
455.996038	0	147072	24	0
456.001760	0	147104	24	0
456.007482	0	147136	16	0
456.011296	0	147168	128	0
456.041811	0	147296	72	0
456.058976	0	147384	56	0
475.538326	0	147448	16	0
475.542141	0	147480	24	0
475.547862	0	147512	16	0
475.551677	0	147544	48	0
475.563120	0	147608	24	0
475.568842	0	147640	16	0
475.572656	0	147672	24	0
475.578378	0	147704	24	0
475.584099	0	147736	88	0
475.605078	0	147832	88	0
475.626058	0	147928	48	0
475.637501	0	147992	80	0
475.656573	0	148088	24	0
475.662294	0	148120	56	0
475.675645	0	148184	24	0
475.681366	0	148216	24	0
475.687088	0	148248	24	0
475.692810	0	148280	16	0
475.696624	0	148312	88	0
475.717603	0	148408	24	0
475.723325	0	148440	16	0
475.727139	0	148464	128	0
475.757654	0	148592	24	0
475.763376	0	148624	24	0
475.769098	0	148656	16	0
475.772912	0	148688	88	0
475.793891	0	148784	48	0
475.805334	0	148848	16	0
475.809149	0	148880	24	0
475.814870	0	148912	16	0
475.818685	0	148944	24	0
475.824406	0	148976	56	0
475.837757	0	149040	48	0
475.849200	0	149104	56	0
475.862550	0	149168	88	0
475.883530	0	149264	48	0
475.894973	0	149328	56	0
475.908323	0	149392	24	0
475.914045	0	149424	24	0
475.919766	0	149456	24	0
475.925488	0	149488	48	0
475.936931	0	149552	112	0
475.963632	0	149680	56	0
475.976982	0	149744	16	0
475.980797	0	149776	16	0
475.984611	0	149808	16	0
475.988426	0	149840	48	0
475.999869	0	149904	80	0
476.018941	0	150000	16	0
476.022755	0	150032	112	0
476.049456	0	150152	16	0
476.053270	0	150184	24	0
476.058992	0	150216	16	0
476.062806	0	150248	24	0
476.068528	0	150280	48	0
476.079971	0	150344	24	0
476.085693	0	150376	24	0
476.091414	0	150408	24	0
476.097136	0	150440	24	0
476.102858	0	150472	56	0
476.116208	0	150536	56	0
476.129558	0	150600	16	0
476.133373	0	150632	16	0
476.137187	0	150664	56	0
476.150538	0	150728	24	0
476.156259	0	150760	56	0
476.169610	0	150824	24	0
476.175331	0	150856	48	0
476.186774	0	150920	88	0
476.207754	0	151016	24	0
476.213475	0	151048	24	0
476.219197	0	151080	24	0
476.224918	0	151112	112	0
476.251619	0	151240	16	0
476.255434	0	151272	16	0
476.259248	0	151304	120	0
476.287856	0	151432	56	0
476.301206	0	151496	24	0
476.306928	0	151528	24	0
476.312650	0	151560	88	0
476.333629	0	151656	88	0
476.354608	0	151752	128	0
476.385123	0	151880	24	0
476.390845	0	151912	56	0
476.404195	0	151976	24	0
476.409917	0	152008	16	0
476.413731	0	152040	56	0
476.427082	0	152104	56	0
476.440432	0	152168	24	0
476.446154	0	152200	88	0
476.467133	0	152296	48	0
476.478576	0	152360	16	0
476.482390	0	152392	24	0
476.488112	0	152424	16	0
476.491926	0	152456	24	0
495.963648	0	152488	88	0
495.984627	0	152584	24	0
495.990349	0	152616	24	0
495.996070	0	152648	16	0
495.999885	0	152680	16	0
496.003699	0	152712	56	0
496.017050	0	152776	80	0
496.036122	0	152864	24	0
496.041843	0	152896	56	0
496.055194	0	152960	24	0
496.060915	0	152992	24	0
496.066637	0	153024	16	0
496.070451	0	153056	56	0
496.083802	0	153120	56	0
496.097152	0	153184	56	0
496.110502	0	153248	24	0
496.116224	0	153280	48	0
496.127667	0	153344	56	0
496.141018	0	153408	24	0
496.146739	0	153440	16	0
496.150554	0	153472	88	0
496.171533	0	153568	80	0
496.190605	0	153664	48	0
496.202048	0	153728	120	0
496.230656	0	153856	88	0
496.251635	0	153952	24	0
496.257357	0	153984	16	0
496.261171	0	154008	16	0
496.264986	0	154040	16	0
496.268800	0	154072	56	0
496.282150	0	154136	88	0
496.303130	0	154232	88	0
496.324109	0	154328	16	0
496.327923	0	154360	56	0
496.341274	0	154424	16	0
496.345088	0	154456	56	0
496.358438	0	154520	88	0
496.379418	0	154616	24	0
496.385139	0	154648	24	0
496.390861	0	154680	56	0
496.404211	0	154744	24	0
496.409933	0	154776	112	0
496.436634	0	154904	56	0
496.449984	0	154968	8	0
496.451891	0	154976	16	0
496.455706	0	155000	88	0
496.476685	0	155096	48	0
496.488128	0	155160	24	0
496.493850	0	155192	48	0
496.505293	0	155256	16	0
496.509107	0	155288	56	0
496.522458	0	155352	24	0
496.528179	0	155384	16	0
496.531994	0	155416	16	0
496.535808	0	155448	80	0
496.554880	0	155544	56	0
496.568230	0	155608	56	0
496.581581	0	155672	16	0
496.585395	0	155704	24	0
496.591117	0	155736	24	0
496.596838	0	155768	120	0
496.625446	0	155896	24	0
496.631168	0	155928	16	0
496.634982	0	155960	16	0
496.638797	0	155992	24	0
496.644518	0	156024	16	0
496.648333	0	156056	128	0
496.678848	0	156184	56	0
496.692198	0	156248	16	0
496.696013	0	156280	24	0
496.701734	0	156312	128	0
496.732250	0	156440	16	0
496.736064	0	156472	56	0
496.749414	0	156536	56	0
496.762765	0	156600	16	0
496.766579	0	156632	56	0
496.779930	0	156696	48	0
496.791373	0	156760	56	0
496.804723	0	156824	56	0
496.818074	0	156888	24	0
496.823795	0	156920	16	0
496.827610	0	156952	24	0
496.833331	0	156984	16	0
496.837146	0	157016	24	0
496.842867	0	157048	80	0
496.861939	0	157144	16	0
496.865754	0	157176	24	0
496.871475	0	157208	24	0
496.877197	0	157240	80	0
496.896269	0	157336	16	0
496.900083	0	157368	16	0
496.903898	0	157400	24	0
496.909619	0	157432	24	0
496.915341	0	157464	16	0
496.919155	0	157496	16	0
516.388970	0	157528	112	0
516.415670	0	157656	24	0
516.421392	0	157688	24	0
516.427114	0	157720	24	0
516.432835	0	157752	24	0
516.438557	0	157784	24	0
516.444278	0	157816	24	0
516.450000	0	157848	128	0
516.480515	0	157976	24	0
516.486237	0	158008	56	0
516.499587	0	158072	16	0
516.503402	0	158104	72	0
516.520566	0	158184	24	0
516.526288	0	158216	16	0
516.530102	0	158248	24	0
516.535824	0	158280	16	0
516.539638	0	158312	24	0
516.545360	0	158344	88	0
516.566339	0	158440	24	0
516.572061	0	158472	56	0
516.585411	0	158536	16	0
516.589226	0	158568	24	0
516.594947	0	158600	80	0
516.614019	0	158696	88	0
516.634998	0	158792	24	0
516.640720	0	158824	56	0
516.654070	0	158888	56	0
516.667421	0	158952	24	0
516.673142	0	158984	24	0
516.678864	0	159016	24	0
516.684586	0	159048	24	0
516.690307	0	159080	112	0
516.717008	0	159200	24	0
516.722730	0	159232	24	0
516.728451	0	159264	24	0
516.734173	0	159296	24	0
516.739894	0	159328	48	0
516.751338	0	159392	80	0
516.770410	0	159488	24	0
516.776131	0	159520	24	0
516.781853	0	159552	24	0
516.787574	0	159584	128	0
516.818090	0	159712	24	0
516.823811	0	159744	24	0
516.829533	0	159776	56	0
516.842883	0	159840	24	0
516.848605	0	159872	24	0
516.854326	0	159904	24	0
516.860048	0	159936	24	0
516.865770	0	159968	48	0
516.877213	0	160032	88	0
516.898192	0	160128	24	0
516.903914	0	160160	48	0
516.915357	0	160224	128	0
516.945872	0	160352	24	0
516.951594	0	160384	16	0
516.955408	0	160416	16	0
516.959222	0	160448	16	0
516.963037	0	160480	24	0
516.968758	0	160512	72	0
516.985923	0	160600	88	0
517.006902	0	160696	24	0
517.012624	0	160728	56	0
517.025974	0	160792	24	0
517.031696	0	160824	24	0
517.037418	0	160856	112	0
517.064118	0	160984	24	0
517.069840	0	161016	56	0
517.083190	0	161080	24	0
517.088912	0	161112	24	0
517.094634	0	161144	16	0
517.098448	0	161176	16	0
517.102262	0	161208	16	0
517.106077	0	161240	24	0
517.111798	0	161272	56	0
517.125149	0	161336	24	0
517.130870	0	161368	16	0
517.134685	0	161400	88	0
517.155664	0	161496	88	0
517.176643	0	161592	24	0
517.182365	0	161624	24	0
517.188086	0	161656	24	0
517.193808	0	161688	80	0
517.212880	0	161784	16	0
517.216694	0	161816	16	0
517.220509	0	161848	88	0
517.241488	0	161944	56	0
517.254838	0	162008	128	0
517.285354	0	162136	24	0
517.291075	0	162168	24	0
517.296797	0	162200	24	0
517.302518	0	162232	16	0
517.306333	0	162264	48	0
517.317776	0	162328	16	0
517.321590	0	162360	24	0
517.327312	0	162392	16	0
517.331126	0	162424	24	0
517.336848	0	162456	56	0
536.816198	0	162520	88	0
536.837178	0	162616	56	0
536.850528	0	162680	24	0
536.856250	0	162712	24	0
536.861971	0	162744	40	0
536.871507	0	162800	24	0
536.877229	0	162832	24	0
536.882950	0	162864	16	0
536.886765	0	162896	24	0
536.892486	0	162928	88	0
536.913466	0	163024	16	0
536.917280	0	163056	24	0
536.923002	0	163088	40	0
536.932538	0	163144	80	0
536.951610	0	163240	24	0
536.957331	0	163272	128	0
536.987846	0	1634