112568 4
47023 2
63404 8
63440 16
63401 18
128938 2
47012 18
13946 2
13950 28
128907 32
30604 31
63429 1
63403 1
30654 2
13949 10
96109 24
63371 33
112495 50
96106 55
112491 27
14205 54
112483 48
128891 38
14182 61
14190 60
128881 2
112505 2
112523 50
30566 39
79794 1
79754 1
14174 1
112464 2
79665 64
63269 22
128621 47
79805 1
46992 2
14153 71
14122 40
46975 77
112481 2
128888 2
30562 1
30559 2
63448 2
96138 1
14131 29
79707 2
46974 2
98304 2
96105 93
79653 38
112445 2
32768 41
14260 2
14114 45
46951 1
128790 2
30506 30
63322 2
79687 2
128620 72
63425 2
79746 2
79743 2
46970 2
112497 2
112548 2
112534 1
63289 1
112458 2
128943 2
63372 3
96125 2
96116 1
14179 2
79742 2
46824 74
79624 49
46942 28
112380 1
81920 82
112487 2
79710 2
30584 1
63346 2
112504 2
14189 1
63357 2
30589 2
112509 3
79807 1
14232 2
112546 2
112482 2
128860 2
112516 2
46879 90
46856 2
96054 2
46999 1
14149 2
128908 1
46987 3
96147 2
96117 1
63377 2
128970 2
47003 1
46957 1
79717 2
46937 3
14212 2
96107 1
96039 2
79706 2
63306 3
63305 2
63162 83
79663 114
14159 2
128835 2
13928 156
128843 2
96078 2
30569 2
96175 2
128952 1
63388 1
112514 2
14151 2
14192 1
14145 1
14074 66
14097 90
79577 50
112427 2
96088 2
79698 2
46781 1
112511 2
30586 3
46939 2
128788 2
128782 1
79563 2
14108 37
63393 2
79739 2
112448 1
30399 2
30480 96
79697 2
112470 1
112426 209
128901 2
96149 2
112494 2
79788 1
30613 1
30608 1
128944 1
112518 2
96060 1
30631 2
14180 2
63293 1
112439 1
95921 227
30553 2
30561 1
79782 2
112552 1
46995 1
14148 1
63283 182
30441 203
30627 1
14257 2
79661 233
14256 1
30563 2
13945 1
95953 2
128811 3
46870 236
14250 3
63364 1
46857 1
14068 1
112368 2
96064 2
30639 2
46883 3
30601 2
63101 2
112436 3
79629 136
112444 1
14161 2
47049 1
30607 3
95961 2
63324 2
14270 2
128822 2
63277 229
46911 2
46997 2
46979 2
30481 264
79678 1
63416 2
128917 2
112538 2
30472 273
128928 1
14228 2
79679 2
128847 2
46943 2
96043 1
128879 2
46959 2
14264 1
30602 3
96132 2
63268 2
112469 2
96123 1
14162 2
79779 1
128894 1
128923 1
63359 2
112496 2
128845 2
14034 194
95963 2
96076 2
14173 2
14171 2
96168 1
30598 2
63355 2
95940 289
79649 279
30408 1
128936 2
63282 2
46941 1
63217 2
63391 2
30642 1
63329 2
79691 2
96200 2
79719 1
46851 2
79466 198
14236 1
128899 3
96129 2
96180 2
79806 1
14253 1
47033 2
14210 2
79756 2
30617 1
46928 1
63333 2
95983 138
79762 2
128882 2
14053 1
128741 2
16384 141
63315 2
63278 2
14278 2
96172 1
112570 2
96185 1
30611 1
63356 2
79464 1
112235 1
63081 1
46701 1
63399 1
112545 1
128959 2
14088 221
14296 1
47044 1
46717 1
14150 2
79826 1
96148 2
30620 3
30605 1
30666 2
63172 2
79483 2
46973 3
63362 2
14156 1
79773 2
79753 2
96179 2
96041 2
79593 1
1 1
128918 1
46988 2
63367 2
79712 2
30318 1
79766 2
128947 2
30579 2
30603 1
96209 2
14134 2
79731 1
79751 2
47006 2
79808 2
79821 1
112468 371
63191 2
128732 1
65537 1
79685 2
30577 2
112453 3
96139 2
49153 1
30592 2
79726 3
112446 1
95869 1
112248 1
30507 2
96025 311
96079 397
30612 2
112513 2
14219 2
128814 2
96020 1
30658 1
30671 1
96144 1
46980 2
14187 1
14141 1
46875 2
128939 1
63380 1
79778 2
79735 2
46998 2
79713 1
96208 1
14247 1
14263 1
112486 2
46923 2
30575 2
63405 3
128941 2
112477 1
32769 1
112527 3
46982 2
63337 2
14266 2
112577 2
79796 3
63099 1
79480 1
112520 1
96047 1
95853 1
112543 2
46994 2
112585 1
112536 1
63365 2
46890 2
95971 2
79725 2
30644 1
128976 2
79783 3
30622 2
96007 3
112394 2
96087 370
30434 523
46899 2
112422 1
128791 86
63096 1
112560 2
96156 2
96193 1
112251 1
95997 1
63250 498
47001 2
128637 1
114689 2
30543 2
14166 2
63340 2
30573 3
112554 2
46914 2
96051 2
96061 2
63317 2
112492 3
112232 1
63415 1
14261 2
128758 1
14073 1
30412 1
30582 2
79793 2
14265 2
14243 2
30571 2
46932 1
79705 2
63381 2
96098 1
46983 2
14172 2
96094 2
46926 1
96015 1
63083 2
79562 2
112416 3
79659 2
63395 2
30609 2
14224 2
112528 3
112410 2
14104 1
112579 2
14208 2
112454 2
79775 2
95970 2
63363 2
30529 1
30418 2
30587 3
46969 2
30619 3
47037 2
128927 1
79716 1
96085 2
46944 2
79715 2
112466 2
96166 1
30640 1
79744 2
112334 1
14200 2
96080 2
14113 2
112401 120
112463 2
79681 1
79670 2
46963 1
96115 2
14050 1
14095 2
14128 680
96151 2
63097 1
128948 2
30610 2
79797 1
30556 314
46986 2
112462 1
112440 2
79588 1
63219 461
16385 1
46898 1
112419 2
63345 2
128863 1
79727 2
14067 2
128748 2
14177 2
63316 3
79648 2
96113 2
63326 2
79722 2
112461 2
95991 1
46949 2
14147 2
79701 2
112456 555
128705 1
46907 1
112498 2
128742 494
63318 2
81921 2
112372 193
112478 2
128706 337
46918 2
14154 1
112589 1
128937 1
112581 2
96112 2
30594 1
128935 2
79657 2
96028 2
128900 2
30638 1
30503 480
112540 2
79789 1
79654 2
63427 2
112539 3
79790 2
46948 2
95999 1
128797 2
128779 1
46714 2
96072 1
128837 2
128992 1
63281 2
30498 2
30521 2
30625 1
79750 2
30572 2
63223 1
128734 369
128750 2
63402 2
112535 1
14072 1
95988 2
63184 1
14032 2
14057 795
30590 1
14213 1
112233 2
63375 3
63321 2
30501 2
46874 2
112475 2
128859 2
128866 2
47027 1
79720 2
63328 2
47029 2
30493 3
79672 2
112441 2
96065 1
30532 1
46981 2
14107 838
114690 1
46698 1
63086 1
63249 3
95870 2
30479 1
128897 2
95868 1
30649 1
79771 1
128915 2
96160 2
112541 2
96157 3
96130 1
96091 1
63286 2
63339 1
112502 2
30595 1
46716 1
63255 2
128770 1
79704 3
63300 2
128971 2
14222 2
128925 2
16386 1
46956 1
14183 3
63319 2
46978 2
30600 2
63102 1
14207 2
128954 1
96120 2
63284 1
46713 2
30465 598
96155 2
112437 2
14125 2
46699 1
81922 1
79768 2
95867 1
46880 2
128709 937
96152 2
63374 1
63335 2
79721 1
46946 2
46884 2
96038 2
112457 2
30416 853
46769 1
128933 2
112360 2
46812 1
128720 1
30407 1
112328 1
112317 1
128815 2
112450 2
63265 2
63313 2
46908 1
95871 2
79656 1
14142 2
79709 1
128777 1
112252 2
63311 2
96081 2
14115 1
128767 3
63360 2
79711 1
112369 2
30392 1
95981 2
