155 2792
4 2480
691 2883
923 2953
392 642
387 3057
924 2680
931 9
771 3160
163 7
309 2369
307 3229
304 4501
389 2422
688 4600
315 2843
779 513
776 1412
780 9
396 9
12 8
164 58
316 76
156 3204
772 3267
6 2477
165 9
774 2635
162 1064
11 573
700 615
154 4600
692 3805
388 3820
166 9
2 4743
934 9
547 931
152 5638
397 724
690 4976
699 1730
536 5889
312 2565
8 2630
927 3062
5 4000
549 997
926 3617
3 5076
400 92
168 83
784 97
782 646
14 801
920 6386
306 5644
770 5719
320 583
16 558
539 5358
395 2727
10 2251
695 3601
778 2426
7 3784
702 1227
160 3394
308 5371
18 9
170 9
402 89
786 92
384 7232
938 6
322 2
0 7337
554 1
706 1
19 1
787 1
171 1
555 1
323 1
707 1
403 1
939 1
404 1
788 1
940 1
324 1
708 1
172 1
556 1
20 1
405 1
789 1
173 1
557 1
941 1
325 1
709 1
21 1
22 1
790 1
174 1
558 1
326 1
710 1
406 1
942 1
23 1
407 1
175 1
559 1
943 1
711 1
327 1
791 1
24 1
408 1
792 1
176 1
560 1
944 1
328 1
712 1
25 1
177 1
561 1
945 1
713 1
409 1
793 1
329 1
26 1
410 1
794 1
178 1
562 1
946 1
330 1
714 1
27 1
411 1
795 1
563 1
947 1
331 1
715 1
179 1
796 1
180 1
564 1
332 1
716 1
948 1
28 1
412 1
29 1
413 1
797 1
181 1
565 1
717 1
949 1
333 1
30 1
414 1
798 1
182 1
566 1
950 1
334 1
718 1
415 1
799 1
183 1
951 1
335 1
719 1
31 1
567 1
32 1
416 1
800 1
184 1
952 1
336 1
720 1
568 1
417 1
801 1
953 1
337 1
721 1
33 1
185 1
569 1
802 1
186 1
570 1
954 1
338 1
722 1
34 1
418 1
803 1
187 1
571 1
339 1
723 1
35 1
419 1
955 1
36 1
420 1
804 1
188 1
340 1
724 1
572 1
956 1
37 1
421 1
805 1
189 1
573 1
957 1
341 1
725 1
38 1
422 1
806 1
574 1
958 1
342 1
190 1
726 1
39 1
423 1
807 1
191 1
575 1
959 1
343 1
727 1
40 1
424 1
808 1
192 1
576 1
960 1
728 1
344 1
41 1
425 1
193 1
577 1
961 1
345 1
729 1
809 1
42 1
426 1
810 1
194 1
962 1
346 1
730 1
578 1
811 1
195 1
579 1
347 1
731 1
43 1
963 1
427 1
44 1
428 1
812 1
196 1
580 1
964 1
732 1
348 1
45 1
813 1
197 1
581 1
349 1
733 1
965 1
429 1
46 1
814 1
198 1
582 1
966 1
350 1
734 1
430 1
47 1
431 1
815 1
199 1
583 1
967 1
351 1
735 1
48 1
432 1
816 1
200 1
584 1
352 1
736 1
968 1
49 1
433 1
817 1
201 1
585 1
969 1
353 1
737 1
50 1
434 1
586 1
970 1
354 1
818 1
202 1
738 1
51 1
435 1
203 1
587 1
971 1
739 1
355 1
819 1
436 1
820 1
972 1
356 1
740 1
204 1
588 1
52 1
437 1
821 1
205 1
589 1
973 1
357 1
741 1
53 1
54 1
438 1
822 1
206 1
590 1
974 1
358 1
742 1
55 1
823 1
207 1
359 1
743 1
591 1
975 1
439 1
56 1
440 1
824 1
208 1
592 1
976 1
744 1
360 1
57 1
441 1
825 1
209 1
593 1
977 1
361 1
745 1
442 1
826 1
978 1
362 1
210 1
594 1
746 1
58 1
59 1
443 1
595 1
979 1
363 1
747 1
827 1
211 1
828 1
212 1
596 1
364 1
748 1
60 1
444 1
980 1
445 1
829 1
213 1
981 1
365 1
597 1
749 1
61 1
62 1
446 1
830 1
214 1
598 1
982 1
750 1
366 1
63 1
447 1
599 1
983 1
367 1
751 1
831 1
215 1
832 1
216 1
600 1
984 1
368 1
752 1
64 1
448 1
65 1
449 1
833 1
601 1
985 1
369 1
753 1
217 1
66 1
450 1
834 1
218 1
602 1
986 1
754 1
370 1
67 1
451 1
835 1
219 1
603 1
987 1
371 1
755 1
68 1
452 1
220 1
604 1
988 1
372 1
756 1
836 1
453 1
837 1
221 1
605 1
989 1
373 1
757 1
69 1
70 1
838 1
222 1
606 1
990 1
374 1
758 1
454 1
71 1
455 1
839 1
223 1
607 1
991 1
375 1
759 1
72 1
224 1
608 1
992 1
760 1
456 1
840 1
376 1
73 1
457 1
841 1
225 1
993 1
377 1
609 1
761 1
74 1
458 1
226 1
610 1
994 1
762 1
378 1
842 1
75 1
459 1
843 1
227 1
611 1
995 1
379 1
763 1
76 1
460 1
844 1
228 1
612 1
996 1
380 1
764 1
77 1
229 1
613 1
765 1
461 1
845 1
997 1
381 1
929 1
928 1
621 1
933 1
318 1
83 1
464 1
854 1
465 1
313 1
85 1
314 1
616 1
470 1
696 1
471 1
234 1
390 1
697 1
488 1
256 1
848 1
640 1
873 1
777 1
82 1
106 1
490 1
260 1
644 1
237 1
108 1
109 1
493 1
622 1
112 1
648 1
880 1
496 1
264 1
113 1
649 1
265 1
874 1
492 1
500 1
884 1
268 1
652 1
261 1
877 1
262 1
653 1
878 1
502 1
110 1
118 1
119 1
655 1
656 1
272 1
505 1
889 1
273 1
657 1
883 1
267 1
508 1
276 1
892 1
885 1
894 1
278 1
662 1
663 1
504 1
513 1
121 1
283 1
899 1
667 1
132 1
901 1
902 1
670 1
518 1
127 1
903 1
136 1
520 1
138 1
131 1
284 1
519 1
295 1
527 1
288 1
674 1
683 1
531 1
148 1
684 1
149 1
143 1
912 1
297 1
913 1
78 1
230 1
614 1
766 1
462 1
846 1
998 1
382 1
930 1
466 1
233 1
698 1
86 1
855 1
236 1
935 1
467 1
849 1
703 1
468 1
239 1
852 1
317 1
87 1
617 1
642 1
619 1
235 1
875 1
620 1
494 1
266 1
650 1
499 1
115 1
876 1
269 1
270 1
654 1
658 1
274 1
117 1
125 1
501 1
503 1
510 1
897 1
122 1
516 1
660 1
509 1
133 1
668 1
126 1
517 1
666 1
905 1
906 1
137 1
521 1
523 1
139 1
141 1
676 1
909 1
134 1
293 1
286 1
677 1
525 1
679 1
911 1
914 1
292 1
916 1
299 1
915 1
301 1
917 1
685 1
302 1
534 1
144 1
545 1
111 1
669 1
130 1
672 1
535 1
686 1
310 1
932 1
79 1
847 1
231 1
615 1
999 1
84 1
540 1
319 1
157 1
541 1
469 1
238 1
232 1
872 1
257 1
105 1
258 1
641 1
618 1
489 1
701 1
853 1
645 1
550 1
646 1
936 1
647 1
495 1
497 1
491 1
263 1
886 1
887 1
271 1
120 1
888 1
506 1
651 1
507 1
659 1
891 1
124 1
277 1
661 1
279 1
512 1
896 1
128 1
280 1
665 1
282 1
898 1
515 1
895 1
135 1
673 1
289 1
522 1
290 1
907 1
291 1
140 1
908 1
285 1
142 1
526 1
145 1
680 1
298 1
524 1
300 1
532 1
533 1
910 1
150 1
383 1
303 1
918 1
1 1
81 1
851 1
543 1
259 1
643 1
768 1
151 1
552 1
104 1
879 1
881 1
890 1
116 1
129 1
664 1
281 1
287 1
904 1
294 1
147 1
767 1
529 1
530 1
687 1
463 1
769 1
386 1
925 1
80 1
850 1
391 1
546 1
107 1
882 1
893 1
514 1
671 1
900 1
146 1
682 1
678 1
537 1
153 1
689 1
385 1
921 1
542 1
775 1
498 1
114 1
123 1
275 1
511 1
919 1
675 1
296 1
528 1
681 1
693 1
548 1
623 1
305 1
401 1
922 1
158 1
398 1
538 1
694 1
544 1
311 1
773 1
159 1
705 1
17 1
15 1
161 1
9 1
393 1
394 1
399 1
551 1
167 1
13 1
783 1
781 1
321 1
704 1
553 1
937 1
169 1
785 1
88 1
240 1
474 1
857 1
860 1
631 1
624 1
94 1
861 1
472 1
91 1
248 1
626 1
639 1
92 1
856 1
480 1
476 1
102 1
473 1
243 1
96 1
868 1
481 1
634 1
99 1
100 1
864 1
244 1
251 1
246 1
629 1
869 1
95 1
625 1
478 1
245 1
865 1
858 1
863 1
628 1
479 1
627 1
859 1
252 1
484 1
242 1
253 1
254 1
630 1
93 1
477 1
247 1
475 1
632 1
103 1
637 1
483 1
89 1
486 1
241 1
862 1
485 1
636 1
90 1
635 1
870 1
866 1
101 1
482 1
638 1
255 1
871 1
249 1
867 1
98 1
250 1
97 1
487 1
633 1
32772 2392
114691 2845
65539 2916
49155 2979
49152 4295
65536 4369
49158 2081
114693 2524
98308 2991
81922 3860
114688 4721
65548 9
16384 4798
81931 755
81930 978
-1 2
16392 1827
81932 1
98316 1
114700 1
16396 1
16397 1
32781 1
65549 1
81933 1
98317 1
114701 1
49165 1
16398 1
32782 1
49166 1
65550 1
81934 1
98318 1
114702 1
32783 1
49167 1
65551 1
81935 1
98319 1
114703 1
16399 1
49168 1
65552 1
81936 1
114704 1
16400 1
32784 1
98320 1
49169 1
65553 1
114705 1
16401 1
32785 1
81937 1
98321 1
16402 1
32786 1
65554 1
81938 1
98322 1
114706 1
49170 1
32787 1
49171 1
65555 1
98323 1
114707 1
16403 1
81939 1
16404 1
32788 1
81940 1
98324 1
114708 1
49172 1
65556 1
16405 1
32789 1
49173 1
65557 1
81941 1
98325 1
114709 1
32790 1
49174 1
65558 1
98326 1
114710 1
16406 1
81942 1
16407 1
49175 1
65559 1
81943 1
114711 1
98327 1
32791 1
16408 1
32792 1
49176 1
65560 1
81944 1
98328 1
114712 1
49177 1
65561 1
81945 1
114713 1
16409 1
32793 1
98329 1
16410 1
32794 1
49178 1
65562 1
81946 1
98330 1
114714 1
16411 1
32795 1
65563 1
81947 1
98331 1
114715 1
49179 1
32796 1
49180 1
65564 1
98332 1
114716 1
81948 1
16412 1
16413 1
32797 1
49181 1
65565 1
114717 1
81949 1
98333 1
16414 1
32798 1
49182 1
65566 1
81950 1
98334 1
114718 1
16415 1
32799 1
49183 1
81951 1
98335 1
114719 1
65567 1
16416 1
32800 1
49184 1
81952 1
98336 1
114720 1
65568 1
16417 1
32801 1
81953 1
98337 1
114721 1
49185 1
65569 1
32802 1
49186 1
65570 1
81954 1
98338 1
114722 1
16418 1
32803 1
49187 1
65571 1
98339 1
114723 1
16419 1
81955 1
16420 1
32804 1
49188 1
98340 1
114724 1
65572 1
81956 1
16421 1
32805 1
49189 1
65573 1
81957 1
98341 1
114725 1
16422 1
32806 1
65574 1
81958 1
98342 1
49190 1
114726 1
16423 1
32807 1
49191 1
65575 1
81959 1
98343 1
114727 1
16424 1
32808 1
49192 1
65576 1
81960 1
114728 1
98344 1
16425 1
49193 1
65577 1
81961 1
98345 1
114729 1
32809 1
16426 1
32810 1
49194 1
81962 1
98346 1
114730 1
65578 1
32811 1
49195 1
65579 1
98347 1
114731 1
81963 1
16427 1
16428 1
32812 1
49196 1
65580 1
81964 1
114732 1
98348 1
32813 1
49197 1
65581 1
98349 1
114733 1
81965 1
16429 1
32814 1
49198 1
65582 1
81966 1
98350 1
114734 1
16430 1
16431 1
32815 1
49199 1
65583 1
81967 1
98351 1
114735 1
16432 1
32816 1
49200 1
65584 1
98352 1
114736 1
81968 1
16433 1
32817 1
49201 1
65585 1
81969 1
98353 1
114737 1
16434 1
65586 1
81970 1
98354 1
32818 1
49202 1
114738 1
16435 1
49203 1
65587 1
81971 1
114739 1
98355 1
32819 1
16436 1
32820 1
81972 1
98356 1
114740 1
49204 1
65588 1
16437 1
32821 1
49205 1
65589 1
81973 1
98357 1
114741 1
16438 1
32822 1
49206 1
65590 1
81974 1
98358 1
114742 1
32823 1
49207 1
98359 1
114743 1
65591 1
81975 1
16439 1
16440 1
32824 1
49208 1
65592 1
81976 1
114744 1
98360 1
16441 1
32825 1
49209 1
65593 1
81977 1
98361 1
114745 1
16442 1
32826 1
81978 1
98362 1
49210 1
65594 1
114746 1
16443 1
65595 1
81979 1
98363 1
114747 1
32827 1
49211 1
32828 1
49212 1
65596 1
98364 1
114748 1
16444 1
81980 1
16445 1
32829 1
49213 1
81981 1
98365 1
65597 1
114749 1
16446 1
32830 1
49214 1
65598 1
81982 1
114750 1
98366 1
16447 1
65599 1
81983 1
98367 1
114751 1
32831 1
49215 1
32832 1
49216 1
65600 1
81984 1
98368 1
114752 1
16448 1
16449 1
32833 1
65601 1
81985 1
98369 1
114753 1
49217 1
16450 1
32834 1
49218 1
65602 1
81986 1
114754 1
98370 1
16451 1
32835 1
49219 1
65603 1
81987 1
98371 1
114755 1
16452 1
49220 1
65604 1
81988 1
98372 1
114756 1
32836 1
16453 1
32837 1
49221 1
65605 1
81989 1
98373 1
114757 1
32838 1
49222 1
65606 1
81990 1
98374 1
114758 1
16454 1
16455 1
32839 1
49223 1
65607 1
81991 1
98375 1
114759 1
49224 1
65608 1
81992 1
114760 1
16456 1
32840 1
98376 1
16457 1
32841 1
49225 1
81993 1
98377 1
65609 1
114761 1
16458 1
49226 1
65610 1
81994 1
114762 1
98378 1
32842 1
16459 1
32843 1
49227 1
65611 1
81995 1
98379 1
114763 1
16460 1
32844 1
49228 1
65612 1
81996 1
98380 1
114764 1
49229 1
65613 1
114765 1
16461 1
32845 1
81997 1
98381 1
13929 1
13928 1
128621 1
13933 1
30318 1
63083 1
79464 1
46699 1
46700 1
95854 1
114690 1
79465 1
30313 1
63085 1
30314 1
46702 1
128616 1
79470 1
46696 1
79471 1
112234 1
16390 1
30316 1
46697 1
79488 1
46720 1
112256 1
95848 1
30337 1
128640 1
95873 1
32777 1
63082 1
63106 1
46722 1
79490 1
49163 1
65547 1
13956 1
112260 1
30340 1
128644 1
112237 1
63108 1
30341 1
63109 1
79493 1
13958 1
30342 1
128622 1
46727 1
30343 1
30344 1
63112 1
128648 1
95880 1
79496 1
46728 1
112264 1
13960 1
63113 1
30345 1
46729 1
128649 1
112265 1
95874 1
13962 1
79492 1
79500 1
95884 1
30348 1
13964 1
13965 1
112268 1
46733 1
128652 1
112261 1
95877 1
112262 1
13966 1
128653 1
95878 1
79502 1
63110 1
63118 1
30350 1
63119 1
128655 1
128656 1
112272 1
79505 1
95889 1
112273 1
128657 1
95883 1
112267 1
79508 1
112276 1
95892 1
13973 1
30357 1
95885 1
46741 1
95894 1
30358 1
46742 1
112278 1
128662 1
13967 1
46743 1
128663 1
79504 1
79513 1
13969 1
63121 1
112283 1
95899 1
128667 1
63132 1
46748 1
30364 1
46749 1
13974 1
95901 1
13983 1
95902 1
46750 1
128670 1
79518 1
13975 1
63127 1
46751 1
95903 1
63136 1
79520 1
13984 1
30370 1
63138 1
63131 1
46754 1
30372 1
46756 1
112284 1
13980 1
79519 1
46759 1
13991 1
112295 1
79527 1
112288 1
128674 1
128683 1
46763 1
30371 1
79531 1
63148 1
128684 1
63149 1
30381 1
46758 1
63143 1
95912 1
112297 1
95913 1
49230 1
65614 1
114766 1
16462 1
32846 1
81998 1
98382 1
13930 1
79466 1
112233 1
46698 1
63086 1
95855 1
112236 1
13931 1
13935 1
79467 1
95849 1
46703 1
79468 1
112239 1
95852 1
30317 1
30315 1
63087 1
46721 1
128617 1
13954 1
128642 1
128619 1
112235 1
95875 1
46723 1
128620 1
46726 1
79494 1
112266 1
128650 1
30347 1
79499 1
13957 1
13963 1
63115 1
95876 1
112269 1
112270 1
128654 1
46735 1
30352 1
128658 1
112274 1
63117 1
63125 1
79501 1
79503 1
79510 1
46744 1
30360 1
46746 1
13970 1
95897 1
46738 1
63122 1
46745 1
79516 1
128660 1
46740 1
79509 1
63133 1
13981 1
128668 1
63126 1
30366 1
79517 1
128666 1
95905 1
95906 1
63137 1
79521 1
13979 1
79523 1
13987 1
63139 1
30373 1
63141 1
128676 1
95909 1
63134 1
112293 1
13982 1
112286 1
128677 1
79525 1
30375 1
128679 1
95911 1
13985 1
46761 1
13986 1
13994 1
95914 1
30378 1
13988 1
112292 1
46764 1
95916 1
112299 1
95915 1
112301 1
95917 1
13990 1
128685 1
112302 1
79534 1
63144 1
13993 1
13996 1
65545 1
30336 1
63111 1
46734 1
30365 1
128669 1
63130 1
128672 1
30376 1
13989 1
79535 1
128686 1
49154 1
98306 1
81923 1
81926 1
98310 1
30369 1
46753 1
13978 1
13977 1
32847 1
49231 1
65615 1
81999 1
13934 1
13932 1
30312 1
63084 1
65540 1
30319 1
49157 1
65541 1
79469 1
112238 1
112232 1
95872 1
112257 1
63105 1
112258 1
30338 1
98314 1
128641 1
128618 1
79489 1
114698 1
46724 1
46725 1
95853 1
128645 1
128646 1
128647 1
13952 1
79495 1
13961 1
30346 1
46730 1
79497 1
79491 1
46732 1
13959 1
112263 1
95886 1
95887 1
112271 1
30351 1
63120 1
46736 1
13968 1
95888 1
79506 1
128651 1
79507 1
128659 1
13971 1
30355 1
95891 1
46739 1
30356 1
63124 1
30349 1
112277 1
128661 1
112279 1
79512 1
95896 1
63128 1
112280 1
13976 1
128665 1
112282 1
95898 1
30362 1
30363 1
79515 1
95895 1
30367 1
63135 1
128673 1
112289 1
79522 1
112290 1
95907 1
112291 1
63140 1
95908 1
112285 1
46757 1
63142 1
30374 1
79526 1
46760 1
63145 1
128680 1
30377 1
112298 1
30379 1
79524 1
112300 1
30380 1
79532 1
79533 1
13997 1
95910 1
46766 1
30382 1
63150 1
30383 1
30384 1
112303 1
95918 1
14001 1
13995 1
63081 1
46701 1
95851 1
98307 1
81924 1
65543 1
81927 1
49160 1
81929 1
98313 1
13955 1
30339 1
112259 1
128643 1
46768 1
63151 1
63104 1
95879 1
46731 1
30353 1
95881 1
46737 1
95890 1
30354 1
63116 1
30389 1
63129 1
30361 1
128664 1
112281 1
46747 1
13972 1
112287 1
30368 1
46752 1
95904 1
112294 1
63147 1
46765 1
13992 1
46767 1
13998 1
79529 1
79530 1
63152 1
128687 1
14000 1
98383 1
114767 1
16463 1
32768 1
32769 1
16386 1
81925 1
32774 1
63080 1
95850 1
16391 1
32776 1
65546 1
63107 1
