112568 4
47023 2
63404 8
63440 16
63401 18
128938 2
47012 18
13946 2
13950 28
128907 32
30604 31
63429 1
63403 1
30654 2
13949 10
96109 24
63371 33
112495 50
96106 55
112491 27
14205 54
112483 48
128891 38
14182 61
14190 60
128881 2
112505 2
112523 50
30566 39
79794 1
79754 1
14174 1
112464 2
79665 64
63269 22
128621 47
79805 1
46992 2
14153 71
14122 40
46975 77
112481 2
128888 2
30562 1
30559 2
63448 2
96138 1
14131 29
79707 2
46974 2
98304 2
96105 93
79653 38
112445 2
32768 41
14260 2
14114 45
46951 1
128790 2
30506 30
63322 2
79687 2
128620 72
63425 2
79746 2
79743 2
46970 2
112497 2
112548 2
112534 1
63289 1
112458 2
128943 2
63372 3
96125 2
96116 1
14179 2
79742 2
46824 74
79624 49
46942 28
112380 1
81920 82
112487 2
79710 2
30584 1
63346 2
112504 2
14189 1
63357 2
30589 2
112509 3
79807 1
14232 2
112546 2
112482 2
128860 2
112516 2
46879 90
46856 2
96054 2
46999 1
14149 2
128908 1
46987 3
96147 2
96117 1
63377 2
128970 2
47003 1
46957 1
79717 2
46937 3
14212 2
96107 1
96039 2
79706 2
63306 3
63305 2
63162 83
79663 114
14159 2
128835 2
13928 156
128843 2
96078 2
30569 2
96175 2
128952 1
63388 1
112514 2
14151 2
14192 1
14145 1
14074 66
14097 90
79577 50
112427 2
96088 2
79698 2
46781 1
112511 2
30586 3
46939 2
128788 2
128782 1
79563 2
14108 37
63393 2
79739 2
112448 1
30399 2
30480 96
79697 2
112470 1
112426 209
128901 2
96149 2
112494 2
79788 1
30613 1
30608 1
128944 1
112518 2
96060 1
30631 2
14180 2
63293 1
112439 1
95921 227
30553 2
30561 1
79782 2
112552 1
46995 1
14148 1
63283 182
30441 203
30627 1
14257 2
79661 233
14256 1
30563 2
13945 1
95953 2
128811 3
46870 236
14250 3
63364 1
46857 1
14068 1
112368 2
96064 2
30639 2
46883 3
30601 2
63101 2
112436 3
79629 136
112444 1
14161 2
47049 1
30607 3
95961 2
63324 2
14270 2
128822 2
63277 229
46911 2
46997 2
46979 2
30481 264
79678 1
63416 2
128917 2
112538 2
30472 273
128928 1
14228 2
79679 2
128847 2
46943 2
96043 1
128879 2
46959 2
14264 1
30602 3
96132 2
63268 2
112469 2
96123 1
14162 2
79779 1
128894 1
128923 1
63359 2
112496 2
128845 2
14034 194
95963 2
96076 2
14173 2
14171 2
96168 1
30598 2
63355 2
95940 289
79649 279
30408 1
128936 2
63282 2
46941 1
63217 2
63391 2
30642 1
63329 2
79691 2
96200 2
79719 1
46851 2
79466 198
14236 1
128899 3
96129 2
96180 2
79806 1
14253 1
47033 2
14210 2
79756 2
30617 1
46928 1
63333 2
95983 138
79762 2
128882 2
14053 1
128741 2
16384 141
63315 2
63278 2
14278 2
96172 1
112570 2
96185 1
30611 1
63356 2
79464 1
112235 1
63081 1
46701 1
63399 1
112545 1
128959 2
14088 221
14296 1
47044 1
46717 1
14150 2
79826 1
96148 2
30620 3
30605 1
30666 2
63172 2
79483 2
46973 3
63362 2
14156 1
79773 2
79753 2
96179 2
96041 2
79593 1
1 1
128918 1
46988 2
63367 2
79712 2
30318 1
79766 2
128947 2
30579 2
30603 1
96209 2
14134 2
79731 1
79751 2
47006 2
79808 2
79821 1
112468 371
63191 2
128732 1
65537 1
79685 2
30577 2
112453 3
96139 2
49153 1
30592 2
79726 3
112446 1
95869 1
112248 1
30507 2
96025 311
96079 397
30612 2
112513 2
14219 2
128814 2
96020 1
30658 1
30671 1
96144 1
46980 2
14187 1
14141 1
46875 2
128939 1
63380 1
79778 2
79735 2
46998 2
79713 1
96208 1
14247 1
14263 1
112486 2
46923 2
30575 2
63405 3
128941 2
112477 1
32769 1
112527 3
46982 2
63337 2
14266 2
112577 2
79796 3
63099 1
79480 1
112520 1
96047 1
95853 1
112543 2
46994 2
112585 1
112536 1
63365 2
46890 2
95971 2
79725 2
30644 1
128976 2
79783 3
30622 2
96007 3
112394 2
96087 370
30434 523
46899 2
112422 1
128791 86
63096 1
112560 2
96156 2
96193 1
112251 1
95997 1
63250 498
47001 2
128637 1
114689 2
30543 2
14166 2
63340 2
30573 3
112554 2
46914 2
96051 2
96061 2
63317 2
112492 3
112232 1
63415 1
14261 2
128758 1
14073 1
30412 1
30582 2
79793 2
14265 2
14243 2
30571 2
46932 1
79705 2
63381 2
96098 1
46983 2
14172 2
96094 2
46926 1
96015 1
63083 2
79562 2
112416 3
79659 2
63395 2
30609 2
14224 2
112528 3
112410 2
14104 1
112579 2
14208 2
112454 2
79775 2
95970 2
63363 2
30529 1
30418 2
30587 3
46969 2
30619 3
47037 2
128927 1
79716 1
96085 2
46944 2
79715 2
112466 2
96166 1
30640 1
79744 2
112334 1
14200 2
96080 2
14113 2
112401 120
112463 2
79681 1
79670 2
46963 1
96115 2
14050 1
14095 2
14128 680
96151 2
63097 1
128948 2
30610 2
79797 1
30556 314
46986 2
112462 1
112440 2
79588 1
63219 461
16385 1
46898 1
112419 2
63345 2
128863 1
79727 2
14067 2
128748 2
14177 2
63316 3
79648 2
96113 2
63326 2
79722 2
112461 2
95991 1
46949 2
14147 2
79701 2
112456 555
128705 1
46907 1
112498 2
128742 494
63318 2
81921 2
112372 193
112478 2
128706 337
46918 2
14154 1
112589 1
128937 1
112581 2
96112 2
30594 1
128935 2
79657 2
96028 2
128900 2
30638 1
30503 480
112540 2
79789 1
79654 2
63427 2
112539 3
79790 2
46948 2
95999 1
128797 2
128779 1
46714 2
96072 1
128837 2
128992 1
63281 2
30498 2
30521 2
30625 1
79750 2
30572 2
63223 1
128734 369
128750 2
63402 2
112535 1
14072 1
95988 2
63184 1
14032 2
14057 795
30590 1
14213 1
112233 2
63375 3
63321 2
30501 2
46874 2
112475 2
128859 2
128866 2
47027 1
79720 2
63328 2
47029 2
30493 3
79672 2
112441 2
96065 1
30532 1
46981 2
14107 838
114690 1
46698 1
63086 1
63249 3
95870 2
30479 1
128897 2
95868 1
30649 1
79771 1
128915 2
96160 2
112541 2
96157 3
96130 1
96091 1
63286 2
63339 1
112502 2
30595 1
46716 1
63255 2
128770 1
79704 3
63300 2
128971 2
14222 2
128925 2
16386 1
46956 1
14183 3
63319 2
46978 2
30600 2
63102 1
14207 2
128954 1
96120 2
63284 1
46713 2
30465 598
96155 2
112437 2
14125 2
46699 1
81922 1
79768 2
95867 1
46880 2
128709 937
96152 2
63374 1
63335 2
79721 1
46946 2
46884 2
96038 2
112457 2
30416 853
46769 1
128933 2
112360 2
46812 1
128720 1
30407 1
112328 1
112317 1
128815 2
112450 2
63265 2
63313 2
46908 1
95871 2
79656 1
14142 2
79709 1
128777 1
112252 2
63311 2
96081 2
14115 1
128767 3
63360 2
79711 1
112369 2
30392 1
95981 2
128751 1
46878 81
49154 1
30570 2
47034 2
46892 80
13929 679
46916 2
63348 2
79776 3
79809 1
112249 1
30651 1
96124 2
128827 2
112500 2
46909 3
128926 1
47036 2
112452 1
128805 1
96122 1
46929 2
112537 1
14242 2
47005 1
30655 1
30524 1
63309 1
46700 2
98306 1
14239 2
112582 1
46955 2
112549 2
128889 1
14223 2
46922 2
46910 2
128812 2
128794 1
63295 1
96188 2
112576 2
96119 2
96050 1
30547 3
96031 3
30533 866
96029 3
128922 2
46952 2
79635 1
128737 1
112565 2
96154 1
30652 1
13944 2
112515 1
128838 1
128701 1
46787 1
112325 1
95855 1
30513 2
63270 2
79658 2
128902 2
46917 1
14124 2
14197 3
30504 1
96033 2
46889 920
30433 2
112521 1
128858 2
128930 3
14225 2
112443 2
46964 2
63400 2
79747 2
79741 1
79643 2
112361 1
128803 2
63258 2
47026 1
128841 2
30536 2
128617 2
79763 2
63263 2
14064 1
128752 1
30588 2
96111 2
98307 1
14085 1
63227 2
95994 1
13947 2
13951 2
63369 2
79644 2
79784 1
47000 1
30545 2
79714 2
95973 1
63207 1
79795 2
112605 1
14304 1
79734 1
14139 1
128623 2
79749 1
96127 2
30495 1
14140 2
14188 2
30574 1
14194 1
128639 2
46801 1
128989 2
63435 2
30591 2
95969 2
112349 1
14201 2
63385 2
128877 1
46966 3
46947 2
14221 2
14071 2
112254 1
128638 1
63378 2
30564 2
112526 1
14240 2
128919 2
14206 2
46984 2
112407 2
63288 1
63276 1
128968 2
30629 2
128844 2
79736 2
14178 2
63100 1
79785 2
112578 1
30526 1
128856 3
96062 2
79692 2
128834 2
30400 1
96058 925
63084 1
128905 1
30634 2
46906 1
96114 2
128940 1
63198 2
47020 2
30615 2
14259 2
95851 1
112542 2
63307 1
63294 1
46819 1
14069 1
30312 1
63384 2
30565 1
96171 2
112553 2
14181 2
14105 1
14056 1
79673 2
128965 1
112423 3
47057 1
112379 978
13935 1
112400 2
30446 1
14176 1
63383 1
14237 1
47025 2
63382 2
112335 2
128849 2
96086 2
128852 2
14233 2
30558 2
14186 2
112590 1
112474 1
46950 2
96092 1
112391 2
63170 1
30485 1
96077 2
14281 2
63389 2
30527 1
30541 443
96057 1
30633 2
96159 2
30618 2
46924 440
46868 3
30440 1
63376 2
47007 1
128893 2
96090 2
128810 2
79567 1
46793 1
32771 2
14271 1
63447 1
79811 1
63361 1
112501 2
79630 1
46971 2
30390 419
46991 1
112512 2
128911 2
79755 2
46848 1
30453 3
63331 2
112529 1
128892 1
46961 2
96143 2
79757 3
30443 1
112517 1
16387 1
79760 2
112455 2
46925 2
46774 984
30421 1
96034 2
128801 2
14082 1
79632 1
96186 1
46712 1
112499 1
96103 2
96084 2
63303 1
96021 1
63195 1
128987 1
96136 2
30522 2
13930 1395
63304 1
128887 3
128865 2
46990 2
96128 2
112253 2
128616 2
96162 3
96046 1
30518 920
79683 2
79467 1
95947 2
30410 1
46931 1
96093 2
79465 2
96053 2
30531 2
63336 2
128818 1
128833 2
30451 675
30330 1
46702 2
30313 1
63085 1
112237 1
79799 1
46850 1529
30568 2
128820 2
96027 2
95974 1
46804 2
30512 2
128807 2
46902 1
46858 2
4 1
79481 2
30329 3
128875 2
128880 1
46845 1
14155 2
63297 3
63327 1
112363 2
128736 2
79584 1
14204 2
128823 2
96073 2
63234 1151
46815 2
63408 2
46818 2
14102 2
30470 1
30551 2
112377 1
79818 1
14170 2
79628 1
30477 2
79627 2
14229 2
95923 1
30396 1
112562 2
30635 2
46919 2
63290 2
30424 1
63394 3
14167 1
96099 2
63272 1
112344 1
14268 2
128862 3
14152 1
128839 2
30599 2
14230 2
79686 2
96201 1
46996 2
96164 1
14193 1
30596 2
14126 2
128906 3
112430 1532
46842 1
46718 2
128960 2
46968 1
128904 2
79568 1
112503 1
30567 1
112508 3
128828 997
128869 1
96177 1
95959 2
63203 1
112314 1
65540 1
30538 1
96071 3
128819 2
63257 3
14202 1
63379 3
112531 1
63412 2
96197 2
14029 1
63237 2
63254 2
63185 1033
112384 1
79677 2
49156 1
47014 2
63366 2
14244 2
128909 2
95985 2
30467 2
79761 2
46888 2
63373 1
112530 2
79633 1
112428 2
30535 1
46989 2
128955 2
14246 2
63390 2
96158 1
112547 2
13934 1583
46927 2
30557 379
112480 2
46768 1
79730 2
112484 1
79708 1
14158 2
46862 2
47022 1
16388 2
128867 2
128898 3
128713 1
112405 2
79650 2
96049 1
112506 2
96101 2
79647 2
112485 2
79724 2
81924 1
46896 2
14273 2
30630 2
46887 2
112370 1
112479 1
79553 1
112321 1
79469 1
96190 1
47068 1
96145 2
14121 2
46882 1
79468 2
65541 1
14169 2
14175 2
79728 2
30438 1
46897 1
63233 1
16389 1
14234 2
128910 1
79693 1
46912 2
14106 1
30449 2
46831 2
128884 2
63341 2
63274 2
128855 2
81925 1
30554 3
128846 1
32773 1
49157 1
79652 1
128895 2
46893 1
129000 1
63410 1
63082 1
5 1
79674 459
30387 1
128618 1
79745 2
13931 729
128872 2020
79671 2054
14133 2
79641 3
112471 2
96024 1
79606 2
63232 1
96189 2
112507 2
46798 2
14157 1
63266 2
96037 1
30494 1
14216 2
63320 1
30514 2
14184 2
128721 1969
46935 1
128931 2
112473 2
96069 1
96121 1
95949 1
47015 2
14235 2
112388 2
96135 1
79804 1
112375 1
128793 2
46832 2
79607 2
112609 1
79816 1
96000 1
128842 1
79638 2
30597 2
30583 1
128824 2
128769 2
112490 3
112601 1
112255 1
112489 1
96089 1
63193 1
63456 1
79740 1
79777 1
79752 2
46993 3
128878 2
30555 2
63310 2
14164 2
114693 2
14041 1
112239 1
63332 1
14019 1
30530 1
128851 2
79684 3
63291 1
63349 2
128754 1
98309 1
46960 1
14100 2
46877 2
112524 1
46796 1
79485 2
47016 1
112563 2
79823 1
79813 2
96100 3
14046 245
96184 1
14276 3
96169 2
30542 2
79669 1
63343 2
30319 1
112460 2
46904 1
14203 2
63243 2
30628 2
79608 2
63370 2
30517 1
128725 1
46802 2
79595 1691
79718 1
32774 1
112238 1
79470 1
46811 1
63392 1
63308 2
112234 1
30316 1
95848 1
98310 1
112438 2
14226 2
14143 2
96142 2
47028 2
128780 2
96173 2
14119 1
46872 1
79770 2
79786 2
96108 2
79738 2
112522 1
46920 2
14092 2
63216 1
30546 1
112341 1
30537 2
128744 1
128914 3
128883 2
16390 2
63350 2
95864 2
30523 2
63240 1
112383 1
79596 1
14288 2
79667 1
112412 2
30576 2
63354 1
112472 1
63325 2
96146 2
96030 2
96137 2
14037 2
79487 2
63419 2
30578 2
46696 1
63285 2
46784 1300
30528 2
46703 507
128924 1
30641 2
96153 2
79764 2
30487 1
14248 2
128755 1
65542 1
95852 1
47045 2
96082 1
30519 2
14136 1
63262 1
14027 1
14022 2
79615 2
112493 2
79660 1254
112415 2
46940 2
79703 2
79618 2
79694 2
14146 1
46866 2
46972 2
30682 2
63323 2
47002 1
46891 2
112387 2
96059 2
112424 1
96004 1
46936 1
79772 2
79695 2
14272 1
7 1
65543 1
63287 1
63407 1
47017 2
14109 1
112316 1
49159 1
30459 1
30315 1
114695 1
79801 2
95850 1
128622 1
30317 1
63275 1
128832 2
95854 1981
46976 2
128831 1
128873 2
30548 1
14227 2
30502 1
79664 3
63103 2
128635 1
128868 1
96095 2
14209 2
96044 1
63213 1
30444 1
112386 2
63396 1
63464 1
63330 2
112465 3
128619 1
16391 2
79733 2
112533 2
30581 2
14214 2
46852 1
79781 2
63273 2
96018 2
79642 1
128772 2
112449 2
46921 1
81927 2
96052 1
128903 2
63344 2
128864 2
63302 2
96074 2
32775 1
112396 1
46885 1
63413 3
79800 1
30405 1
95998 1
46849 1
14089 3
96006 1
79815 2
112557 1
63189 2
30420 1
79645 1
79765 1
96203 1
95866 1
128920 2
30637 2
128921 1
96056 1
63386 2
112447 2
30621 1
112395 1
96063 2
63296 1
95932 2
128700 1
63087 1
128787 2
47031 3
128874 1
30473 1
30333 2
30331 1
63472 1
128757 3
47009 2
112421 2
128896 2
128792 1
46900 2
96202 1
30534 3
95979 1
30336 1
14185 2
128848 1
112431 2
63104 1
14163 2
79700 2
128853 1
114696 1
112411 2
30489 2
79581 2
95995 3
112350 2
46800 2
49160 2
63347 2
128796 2
63167 1
128804 1
96002 2
98312 1
63292 1
46915 2
79488 1
46720 1
112256 1
46833 2
96191 2
14231 1
96133 2
63211 2
14054 2
14075 1
30646 2
79574 2655
63228 2
46823 2
112442 2
30593 1
14217 2
47018 2
8 1
16392 1
96110 1
46894 2
30509 2
14251 2
14017 1
128708 1
112488 1
63231 2
63220 1
112566 1
79612 2
30461 1
128854 2
63221 1
79551 1
96183 2
30585 2
63353 2
79729 1
128886 2
79655 1
14087 2
112373 1
46965 2
79602 1
95872 1
112451 3
63279 2
63418 1
46967 4
128885 2
96104 2
30544 1
128799 2
63352 2
63264 1
14129 1
128967 2
96096 2
79696 2
112476 2
46847 1
46873 2
128789 1
128685 1
95919 1
96036 1
63301 1
95865 3
14191 2
14098 1
95873 1
128876 2
63334 2
14218 2
95965 1
46814 2
79732 2
79601 1
128962 2
14101 1
79780 2
79688 1
79814 1
79802 1
112351 1
112336 2
30337 1
128632 2
49161 1
95952 1
9 1
16393 1
14220 2
46958 1
14055 1
95954 1321
46855 2
46864 2
30549 1
96042 1
112558 1
14063 1
14138 2
47008 2
14199 3
30457 1
128762 2
79617 2
46933 2
96022 2
63183 2
30458 1
63398 2
96017 2
14211 2
128640 1
79484 1
63387 2
14061 1
14112 2
112571 2
46903 4
128714 2
14238 2
63247 2
63187 1
47024 3
30445 1
128912 1
112257 1
96075 1
46962 2
128774 1
79758 2
30486 2
112420 2
96140 2
96102 1
112329 1
63298 1
128981 1
14196 1
65546 2
81930 1
98314 1
114698 1
96066 1
30650 2
112429 2
112433 1
47047 2
112250 2
63106 1
112408 1
14077 1
63098 1
13933 4019
112434 1
30653 1
30338 1
79666 2243
79489 1
112258 1
95874 1
112404 2
96032 1
128890 2
128641 1
14028 3
128715 1
95936 1
112569 1
14048 1
14031 1
16394 1
14118 2
112390 2
96161 1
112414 2
46876 3157
63244 1
14052 1
30484 2
95944 1
79565 1
14198 2
30580 2
30448 1
46719 2
96150 1
46901 2
112532 2
128817 2
96195 1
79817 1
46821 1
128957 1
14280 2
63204 2
96055 3
30539 1
96131 1
128785 1
63230 2
128764 1
14111 1
79690 2
112385 2
128776 2
128932 1
95939 1
63173 1
96068 2
46860 1
30500 2
128727 2
30339 1
79491 3
95978 1
98315 2
114699 1
79490 1
14215 2
63251 2
30515 2
63199 1
14195 2
112367 1
14160 2
63177 1
30406 1
96199 1
30455 2
128973 2
112382 1
63397 3
96083 1
128642 1
112561 1
63424 2
79829 1
47004 1
46722 1
96118 2
63196 1
128719 1
81931 1
112587 2
30435 1
79575 2
79578 1
46953 2
46813 1
14081 4
14103 2
63312 2
14144 1
47010 2
14168 2
128634 1
96181 2
63439 1
95950 2
79619 4445
79791 1
46863 2
79636 2
63423 1
46861 1
30460 1
14004 1
112347 1
63201 1
128870 2
14284 1
128698 2
95926 1
46770 1
96011 1
96170 2
30623 2
112459 1
47039 1
14130 2
46871 1
46788 1
30496 2
95875 1
112356 1
112353 2
128740 2
46826 1
14079 2
14241 1
128643 1
14065 2
128795 1
46715 2
46724 1
98316 1
96192 2
95951 2
63182 2
128718 2
63215 2
32780 2
47030 2
63238 2
14060 2
112366 1
46829 1
79737 2
47019 1
81932 1
65548 1
14165 2
63431 1
46977 2
128821 1
79586 1
63197 2
96210 1
30647 2
95984 1
30674 1
47052 1
79616 2
46838 2
63107 1
112259 1
46985 1
79482 1
30413 1
79767 2
14049 1
14123 3437
49164 2
46803 1
46786 1
79550 2
96014 2
79798 1
96045 1
30606 3
128775 2
128773 2
96070 1
128850 2
112236 1
96048 2
30332 2
112406 1
79634 1
114701 2
128946 1
79492 2
30510 2
49165 1
14035 2
30499 1
30454 1
95876 1
63426 1
63108 1
30425 1
96013 1
128778 1
30340 2
63432 2
46789 2
112337 1
30525 2
95975 1
63443 1
47043 1
96134 1
112435 2
65549 1
81933 1
98317 1
128809 1
30614 2
128644 1
30516 2
112354 1
63194 2
63280 3
30626 1
112392 2
128761 1
46778 1
13956 1
112260 1
30616 2
13948 1
128717 1
112425 1
63252 1
96165 2
79576 1
46725 1
95877 1
95989 2
49166 2
79493 1
112261 1
128645 1
46895 2
79572 1
114702 1
128949 1
14051 3285
14127 2
63261 2
65550 1
81934 1
98318 1
96026 1
79748 2
96176 2
30552 1
112371 2
46792 1
112331 1
79676 2
96178 1
128753 2
30452 1
30403 2
32782 1
14249 1
63168 2
30648 1
128913 3
128765 2
112339 1
96097 1
79640 3
112574 2
14286 1
63314 1
30341 1
63109 1
63271 2
128840 2
95980 2
13957 1
112378 1
95990 2
112358 2
96016 2
128806 2
79822 1
30491 1
30342 2
30520 2
14110 1
79604 1
30334 1
63110 1
95878 1
128728 2
112346 1
46726 1
81935 1
128813 1
95941 2
30488 2
96008 2
79625 2
128945 1
14094 1
49167 1
79603 2
79486 1
15 1
16399 1
32783 1
47032 2
98319 1
63186 1
30414 1
79494 1
128916 2
128857 2
79610 6031
128826 2
14117 1
14024 1
112326 2
30401 2
30663 1
65551 1
14267 2
14039 2
13958 2
96174 1
128756 1
30436 2
95967 1
63236 2
30437 1
79668 1
14093 1
95920 1
79544 2
46846 2
128636 1
128808 1
112263 2
112510 2
95945 1
128646 1
114704 1
16 1
16400 2
32784 1
79471 1
112362 1
63210 1
79599 2
46954 4323
46913 4312
112519 1
112262 1
14120 1
30475 1
14275 1
128951 1
81936 1
112333 1
128716 2
128707 1
79613 2
79646 947
30482 2
47053 1
46886 1
47011 1
30343 1
46945 2
128743 1
30335 2
95982 1
98320 1
14062 1
32785 1
30344 1
63111 2
95879 2
128724 3424
79495 1
30624 2
63267 1
13952 1
128723 2
112365 2
17 1
65553 2
14086 1
30657 1
30492 2
128781 1
96001 1
95927 1
14135 2
128934 2
95992 1
112555 3
128861 2
46867 2
79759 6132
96126 1
30328 2
112550 1
46791 1
112467 2
128726 1
47021 1
63253 2
128768 1
79597 2
96012 2
49169 1
112593 1
30483 2
96067 1
30636 2
96194 1
30505 1
14045 1
79585 1
112573 2
112399 1
47013 1
46728 1
112264 1
63112 1
46806 1
63241 1
49170 1
65554 1
81938 1
46938 1
79496 3
46765 1
63149 2
63218 1
79583 2
128648 1
112324 1
14078 1
46930 2
79639 1
95925 2
13960 1
13953 1
79651 2
18 1
46841 1
79609 2
112301 2
98322 1
128871 2
30474 2
63202 2
16402 1
30345 1
114707 1
96010 1
63161 2
16403 1
79623 2
112389 1
30466 2
63113 1
112597 2
46934 1
63200 1
95881 2
46729 1
13954 2
65555 2
14132 1
14080 1
30427 1
112397 1
14083 2
128771 2
112381 2
112355 1
49171 2
14009 1
81939 1
98323 1
19 1
14066 1
46825 1
14116 1
128649 1
65556 2
79497 1
128984 1
112265 1
30429 1
14043 2
63351 1
79589 1
95968 2
20 1
46853 1
128786 1
114708 1
46859 2
46730 1
14262 1
98324 2
14258 1
16404 1
32788 1
81940 1
49172 1
30508 2
79680 2
13962 1
128746 1
112559 2
112312 2
79769 2
79579 1
128730 1
79614 2
30346 1
128650 1
21 1
16405 1
32789 2
13955 1
79498 1
128651 2
49173 1
46840 2
63260 3
30423 1
98325 1
14040 1
79559 1
46795 2
30471 1
112376 1
63190 1
14023 1
112266 1
46794 1
79810 1
46835 1
95882 1
65557 1
63114 1
63208 1
79571 1
63176 1
81941 2
79699 1
79541 1
95962 3
112345 2
128695 2
79587 1
63451 1
79830 1
63115 1
79499 1
46731 1
95883 1
30347 1
81942 1
16406 1
30560 2
112267 1
13963 1
79549 2
32790 1
49174 1
65558 2
63259 2
14254 1
30673 1
79536 2
30422 1
95958 2
79662 1
30468 1
46809 2515
95960 2
114710 1
112413 2
112342 1
79689 2
128825 1
30690 1
112567 1
63342 2
79580 1
63417 1
32791 1
63246 2
46732 1
79500 1
30348 1
98327 1
14274 1
63116 1
13964 1
95884 1
112432 2
95948 1
81943 1
23 1
16407 1
128739 2
128712 1
14084 7557
46772 2
114711 1
46834 2
65559 1
79566 1
128652 1
63117 1
112268 1
63421 1
24 2
79598 1
30349 1
114712 1
65560 1
46733 1
13965 1
30478 1
112398 2
49176 2
79594 1
79803 1
128800 2
96009 2
112402 1
30431 1
112318 1
14137 2
46797 1
81944 1
98328 1
30442 3
79555 1
112323 1
30439 2
32792 1
96005 1
114713 1
25 2
112269 1
79501 1
79502 1
63256 1
128653 1
96019 1
14016 1
46780 2
16409 1
81945 2
14007 1
96040 1
112343 2
79546 1
47060 1
46816 1
96035 2
13966 1
30409 1
95885 1
65561 1
112338 1
79543 1
63164 1
13959 1
98330 1
79723 2
30632 2
30350 1
112270 1
46734 2
63118 1
81946 1
95886 1
16410 1
95993 2
128654 1
30417 1
65562 1
96141 2
26 1
46827 1
49178 2
14312 1
30669 2
14038 2
114714 1
112315 3
32794 1
95976 2
79573 1
128745 1
14070 1
14010 2
112357 1
112525 2
112271 1
32795 1
49179 1
46735 2
63119 1
81947 3
30351 2
128655 1
27 1
16411 1
14013 1
46779 1
79540 1
13967 1
95966 1
95887 1
128749 1
46808 1
79503 1
63175 1
46736 1
65564 1
63120 2
81948 1
63192 1
95888 1
63179 2
28 1
16412 1
46843 1
79504 1
95880 1
30352 1
32796 1
49180 1
30656 1
13968 1
79631 1
46836 2
112393 1
63225 1
63299 1
98332 1
112551 1
95937 2
79570 1
114717 1
29 1
16413 1
32797 1
30353 2
81949 2
63121 1
112272 1
128656 1
63169 1
49181 2
65565 2
63409 1
95943 1
95934 1
128747 2
79605 1
30511 2
46737 1
14020 1
98333 1
128963 2
46773 1
30661 1
128633 1
128784 1
128657 1
63122 1
30450 1
14091 1
46810 2
79505 1
95889 1
112273 2
79506 2
32798 2
49182 1
96167 1
13970 1
98334 1
79542 1
81950 1
46854 1
128760 1
95987 1
30476 1
63226 2
79507 1
95890 1
30540 2
30404 1
112322 1
65567 2
128702 1
31 1
128658 1
114719 2
46777 2
112327 1
79774 2
14099 1
46738 1
98335 1
128729 1
81951 1
112274 1
112309 1
46820 2
96187 1
63180 2
46739 3
16416 1
32800 2
49184 1
95996 2
79548 1
46776 1
98336 1
112275 1
13971 1
30355 1
95891 1
128659 1
63123 1
96163 2
112352 1
128697 1
79620 2
14291 1
65568 2
81952 1
114720 1
81953 1
98337 1
114721 1
33 1
63245 2
112374 1
79508 1
112276 1
30356 1
63124 1
79545 2
63174 1
30497 1
79592 2
30411 1
30415 1
95892 1
49185 1
46740 1
128766 1
13972 1
79547 1
46805 1
128660 2
46865 1
63125 1
16418 1
128942 3
81954 1
63151 1
14018 1
79538 2
98338 1
32802 2
128699 2
96182 2
13973 1
30357 1
34 1
46869 1
14252 1
79792 2
79509 1
14015 1
30358 1
95893 1
112277 2
35 1
112584 1
46839 1
128661 1
65571 1
79637 2
95894 1
79591 1
128722 1
128704 1
46771 1
98339 1
13974 1
30432 1
46742 1
16420 1
63126 1
98340 1
114724 1
63206 1
65572 1
36 1
14042 1
128662 1
46837 2
63127 1
128979 2
49188 1
63235 1
128783 1
63222 2
95895 1
81957 1
30447 2
46743 1
30359 1
79511 1
14076 1
65573 1
128663 1
112279 1
49189 1
96211 1
79611 1
63420 1
30397 1
46744 1
49190 1
65574 1
95896 1
32806 2
13976 1
79512 2
63128 1
95956 1
98342 2
81958 1
14008 1
13969 1
128664 1
32807 3
112348 1
112281 2
96003 14152
30361 1
114727 1
39 1
16423 1
112364 1
63181 1
79513 1
65575 1
95928 2
14026 2
49191 1
128763 1
98343 1
13977 2
112556 1
98344 1
32808 1
128665 2
46828 2
95897 1
46745 1
30428 1
16424 1
14096 1
40 2
96023 13327
65576 1
30394 1
63130 1
63205 1
114728 1
30354 1
79558 2
79514 1
128666 1
16425 1
32809 1
95977 2
79569 1
98345 2
81961 1
95972 2
95898 1
30419 1
65577 2
41 2
46807 1
30362 1
112418 1
79621 1
14059 1
30363 1
114729 1
95931 1
63188 2
46775 1
47035 1
49194 1
128667 1
128692 2
46799 1
63242 2
63131 1
112283 1
95899 1
128690 1
46747 1
65578 1
81962 1
98346 1
79515 1
114730 1
42 1
95900 1
63132 1
16427 1
46748 1
30364 1
95930 2
81963 1
13980 1
128956 1
114731 1
43 2
79516 1
30469 16853
95935 1
95986 2
49195 1
65579 1
98347 1
32811 1
14292 1
32812 1
47055 2
16428 1
14012 1
112308 1
30426 2
63133 1
13981 1
128668 1
112409 1
81964 2
95901 1
63166 1
46749 1
65580 1
112284 1
46881 2
65581 1
81965 2
112285 3
30366 1
45 1
112286 2
16429 1
79517 1
112340 1
63178 1
128669 1
112544 1
79564 1
46 1
95902 1
128670 1
13983 2
79518 1
46750 1
63134 1
16430 1
32814 1
49198 1
65582 1
13975 2
114734 1
63428 1
14044 1
47 1
65583 1
114735 2
79556 1
128671 1
98351 1
30367 1
63135 2
79519 1
95903 1
79787 1
14014 2
46751 1
49199 1
16431 1
32815 2
14021 1
81967 1
16432 1
30368 1
46752 1
95904 1
81968 1
112288 2
48 1
30464 1
13984 1
98352 1
114736 1
49201 1
30369 1
46753 1
13978 1
30430 1
128672 2
46830 1
98353 1
114737 1
14090 1
63155 2
13985 1
81969 1
65585 1
32817 1
128673 1
98354 1
114738 1
49202 1
14011 2
63137 1
79521 1
32818 1
14003 2
95906 1
112289 2
128711 1
50 1
112595 1
128759 1
98355 2
128674 1
112290 1
49203 1
65587 1
81971 1
13979 1
46754 1
32819 2
79554 1
114739 1
51 1
63138 1
63139 1
65588 1
14033 1
49204 1
128675 1
46755 2
128816 20079
30371 1
81972 1
112291 2
98356 1
114740 1
52 2
95907 1
13987 1
79524 2
53 1
30664 1
95908 2
46756 2
114741 1
63140 1
49205 2
32821 2
81973 1
98357 1
16437 1
63165 2
30373 1
128733 2
32822 1
54 1
98358 1
63141 2
128676 1
16438 2
13982 2
46785 2
128798 19030
81974 2
112292 1
46757 1
46767 1
128677 1
63142 2
16439 1
32823 2
49207 1
114743 1
95909 1
79525 1
14002 2
95922 1
63156 1
79537 1
13990 1
55 1
98359 1
81975 2
112294 1
79552 1
95910 2
128678 1
32824 1
98360 3
16440 1
14255 1
49208 1
65592 1
63248 1
112287 2
46758 1
57 1
112295 1
128958 1
112311 3
95911 2
13999 1
49209 1
65593 1
112306 1
46759 1
79527 1
98361 1
81977 1
95918 1
16441 1
63143 1
13991 1
63160 1
112296 1
114746 1
46760 1
79528 1
63144 1
95942 1
16442 2
128710 2
58 1
32826 1
49210 1
65594 1
30376 1
79582 1
46761 1
95957 2
49211 1
114747 1
63212 2
63145 2
65595 1
81979 1
32827 2
95912 1
128680 1
13986 1
13993 1
95905 1
98363 1
59 1
16443 1
112297 2
79560 1
128681 1
81980 1
46782 1
112319 1
95913 1
79529 1
98364 1
114748 1
60 1
16444 2
79557 1
128735 1
30377 1
65596 1
30456 1
65597 2
95914 1
128682 1
112298 1
30463 1
46762 1
79530 1
63146 1
49213 1
81981 1
98365 1
114749 2
30378 1
30645 2
32829 2
30379 1
32830 1
16446 1
128683 1
49214 1
65598 1
79531 1
62 1
63147 1
112359 1
63411 1
95916 1
65599 1
81983 1
98367 1
30668 1
112300 2
112299 1
95915 1
49215 2
79561 1
46764 1
114751 2
63 1
16447 1
32831 1
128975 1
79533 1
79532 3
16448 1
63148 1
30380 1
81984 1
98368 1
114752 1
64 1
14025 2
128684 1
13997 2
65600 1
114753 1
14058 1
95917 1
81985 1
49217 1
30395 1
95938 1
65601 2
98369 1
79526 1
79534 1
46766 1
30382 1
63150 2
112302 1
16450 1
81986 1
30383 1
14030 3
47040 2
47063 1
66 2
114754 1
13998 3
98370 1
49218 1
112330 1
95964 1
67 1
16451 1
32835 1
81987 1
114755 2
63159 2
14006 1
63153 1
49219 1
112303 1
30384 1
81988 1
98372 1
79535 2
16452 1
65604 1
68 1
13992 1
69 1
65605 3
128696 1
49221 2
47048 1
30391 1
63224 1
98373 2
32837 1
128703 1
95924 1
114757 1
14001 1
81990 1
46790 1
30402 1
98374 1
13994 1
30385 1
16454 2
112305 1
65606 1
114758 1
70 1
49222 1
71 1
63368 26868
98375 1
114759 1
65607 1
13996 1
95933 1
16455 1
32839 1
128688 1
128691 1
112307 1
13995 1
81992 1
16456 1
98376 1
114760 1
32840 1
95929 1
65608 1
72 1
63209 1
49224 1
73 2
112332 2
65609 1
47046 1
128693 1
49225 1
32841 1
81993 2
46746 13191
32842 2
63154 1
79682 27883
114762 1
74 1
16458 1
128694 1
49226 1
65610 1
32843 1
98379 2
63171 1
95955 1
114763 1
75 1
128686 1
46783 1
96219 1
49228 2
76 1
16460 1
32844 1
114764 1
95946 1
14005 1
112304 1
65612 1
98380 1
32845 2
128687 2
128689 1
30393 1
16461 1
98381 1
63157 1
49229 1
63152 2
81997 1
14000 1
65613 1
63163 1
77 1
81998 2
30660 1
78 2
79539 1
49230 1
16462 2
32846 1
49216 2
30388 1
49223 1
98382 1
114766 2
16463 1
65547 1
98313 1
81999 1
112320 3
81989 1
81929 1
32777 1
65 1
79474 2
63158 1
65545 1
13940 1
112244 1
16401 1
49162 1
79476 1
49192 1
65544 1
65591 1
32770 2
32804 1
114706 2
11 1
81978 1
114726 1
30321 2
65563 1
65584 1
81976 1
95858 2
128627 2
112246 1
49186 1
46707 1
63091 1
30 1
13936 2
49175 1
13938 2
114705 1
112241 1
81970 1
128626 2
16436 2
30320 1
65586 1
13943 2
37 1
46709 1
79472 1
32779 2
30323 1
114718 1
32801 2
32778 1
46710 1
63088 1
112243 3
95859 1
32776 1
30324 1
79473 1
14245 1
63093 1
128731 1
65589 1
98362 1
79475 2
63092 1
30322 3
63090 1
95862 2
128630 1
112240 2
30389 63850
32786 1
56 1
49206 1
65569 1
65602 2
16445 1
13939 2
112245 1
128624 2
49187 1
46704 2
79477 1
46706 2
46708 1
114725 1
63089 1
63094 1
32781 1
30326 1
95857 1
112247 1
114750 1
16453 1
63095 1
79478 2
81928 2
95861 2
10 1
32803 1
13942 1
44 1
49227 1
65615 1
13937 2
13941 2
46711 1
128629 2
98383 1
114767 1
16396 1
49231 1
16414 1
79 1
95860 1
16421 1
114709 1
98305 1
114700 1
2 1
32847 1
114768 1
32848 1
30325 2
49232 1
16464 1
82000 2
32 2
65616 1
79479 1
128628 1
98384 1
80 1
95863 1
30327 2
128631 1
49163 1
98366 1
61 1
16435 1
98348 1
98371 1
112242 1
128625 2
32836 1
81926 1
98350 2
32820 1
16434 1
81994 1
81923 1
46705 1
114742 1
16415 1
6 1
16417 1
95856 1
16465 1
32849 2
49233 2
65617 1
82001 1
114769 2
98385 1
81 2
81955 1
65566 1
49183 1
22 1
