22 923
5 1831
28 717
11 1621
2 2129
7 1978
32 814
1 2438
0 163310770
21 1529
23 1469
35 910
19 1822
14 2118
18 1973
8 2524
4 2819
6 2821
3 3066
29 1803
13 2706
40 1372
36 1686
39 1573
9 3257
62 640
10 3401
34 2241
68 851
33 2696
79 548
31 3092
87 347
90 252
15 4054
93 255
55 2191
26 3710
49 2682
75 1659
16 4714
57 2798
52 3093
24 4761
38 4149
64 3568
78 3242
27 6327
41 5711
67 4847
56 6850
94 5163
51 7451
12 9625
99 5524
114 5082
37 9605
44 9510
119 5965
17 11496
95 7685
60 9476
208 2262
20 12104
25 12292
100 8635
247 1215
110 8438
153 6778
236 3513
98 11501
227 5342
108 11786
85 13102
71 13960
48 15342
196 8417
50 15902
332 1659
271 5170
361 944
270 5823
364 2526
343 3748
415 503
192 12597
199 12579
214 12519
70 20262
103 19505
373 7191
246 14914
58 24980
163 20852
113 24305
448 8158
203 20591
