96105 1
14182 1
96106 1
14190 1
46975 1
14205 1
112495 1
14153 1
46910 1
79665 1
14128 1
112426 1
112483 1
128709 1
95921 1
13933 1
128907 1
112523 1
30604 1
13950 1
79661 1
13928 1
63371 1
128891 1
46870 1
63401 1
63440 1
47012 1
128621 1
30566 1
96109 1
112491 1
128620 1
63404 1
128938 1
112568 1
14107 1
30472 1
46856 1
47023 0
14122 1
30481 1
30434 1
13949 1
13946 1
81920 1
14057 1
30441 1
46824 1
63429 0
63403 0
30654 0
63269 1
14114 1
46879 1
32768 1
79653 1
96039 1
112464 1
14131 1
79663 1
95953 1
95940 1
128881 0
112505 0
112427 1
63283 1
79794 0
79754 1
14174 0
30506 1
63277 1
79649 1
79624 1
79805 0
46992 0
79671 1
63250 1
98304 1
112481 0
128888 0
30562 0
30559 0
63448 0
96138 0
96079 1
79707 0
46974 0
63162 1
112468 1
112465 1
112445 0
112458 1
14260 0
46942 1
46951 0
128790 0
128872 1
63322 0
79687 0
14097 1
63425 0
79746 0
79743 0
46970 0
112497 0
112548 0
112534 0
63289 0
30416 1
128943 0
63372 0
96125 0
96116 0
14179 0
79742 0
30480 1
46850 1
98304 0
79610 1
112380 0
14074 1
112487 0
79710 0
30584 0
63346 0
112504 0
14189 0
63357 0
30589 0
112509 0
79807 0
14232 0
112546 0
128621 0
112482 0
128860 0
112516 0
79629 1
79577 1
14034 1
32768 0
46999 0
14149 0
128620 0
128908 0
46987 0
96147 0
96117 0
63377 0
128970 0
47003 0
46957 0
79717 0
46937 0
14212 0
96107 0
79619 1
79706 0
63306 0
63305 0
96025 1
14108 1
14159 0
128835 0
79466 1
128843 0
96078 0
30569 0
96175 0
128952 0
63388 0
112514 0
14151 0
14192 0
14145 0
46942 0
96087 1
112456 1
14088 1
112400 1
96088 0
79698 0
46781 0
112511 0
30586 0
46939 0
128788 0
128782 0
79563 0
13930 1
63393 0
79739 0
112448 0
30399 0
128721 1
79697 0
112470 0
112480 1
128901 0
96149 0
112494 0
14182 0
14114 0
46879 0
79788 0
30613 0
30608 0
128944 0
112518 0
96060 0
30631 0
47012 0
14180 0
63293 0
112439 0
30533 1
30553 0
30561 0
79782 0
112552 0
46995 0
14148 0
46889 1
63219 1
30627 0
14257 0
95983 1
14256 0
30563 0
13945 0
16384 1
128811 0
128742 1
79577 0
13928 0
14250 0
63364 0
46857 0
14068 0
112368 0
96064 0
30639 0
46883 0
30601 0
63101 0
112436 0
112430 1
112444 0
14161 0
47049 0
128938 0
30607 0
95961 0
63324 0
14270 0
128822 0
46905 1
46911 0
46997 0
46979 0
30503 1
79678 0
63416 0
128917 0
112538 0
63172 1
128928 0
14228 0
79679 0
14153 0
128847 0
46943 0
96043 0
128879 0
46959 0
14264 0
30602 0
96132 0
63268 0
112469 0
96123 0
14162 0
79779 0
14205 0
128894 0
128923 0
63359 0
112496 0
128845 0
46856 0
30465 1
95963 0
96076 0
14173 0
14131 0
14171 0
96168 0
30598 0
63355 0
13934 1
13929 1
30408 0
63371 0
128936 0
63282 0
46941 0
63217 0
63391 0
30642 0
63329 0
79691 0
96200 0
79719 0
46851 0
112394 1
14236 0
128899 0
96129 0
112491 0
96180 0
79806 0
14253 0
47033 0
14210 0
79756 0
30617 0
46928 0
63333 0
30556 1
79762 0
79466 0
128882 0
14053 0
128741 0
96058 1
63315 0
63278 0
14278 0
96172 0
112570 0
96185 0
30611 0
63356 0
79464 0
112235 0
63081 0
46701 0
63399 0
112545 0
128959 0
112379 1
14296 0
47044 0
46717 0
14150 0
79826 0
96148 0
30620 0
30605 0
30666 0
128706 1
79483 0
46973 0
63362 0
14156 0
79773 0
79753 0
96179 0
96041 0
79593 0
1 0
128918 0
46988 0
63367 0
79712 0
79663 0
79661 0
30318 0
79766 0
128947 0
30579 0
30603 0
96209 0
14134 0
79731 0
79751 0
47006 0
79808 0
79821 0
128734 1
63191 0
128732 0
65537 0
79685 0
30577 0
112453 0
96139 0
49153 0
30592 0
79726 0
112446 0
95869 0
112248 0
30507 0
63266 1
128791 1
30612 0
112513 0
14219 0
128814 0
96020 0
30658 0
30671 0
63404 0
96144 0
46980 0
14187 0
14141 0
46875 0
128939 0
63380 0
79778 0
79735 0
46998 0
79713 0
96208 0
14247 0
14263 0
112486 0
46923 0
30575 0
63405 0
128941 0
112477 0
32769 0
112527 0
46982 0
63337 0
14266 0
112577 0
79796 0
63099 0
79480 0
112520 0
96047 0
95853 0
112543 0
46994 0
112585 0
112536 0
63365 0
46890 0
95971 0
79725 0
30644 0
128976 0
79783 0
30622 0
96007 0
30469 1
112401 1
63234 1
46899 0
112422 0
112372 1
63096 0
112560 0
96156 0
96193 0
112251 0
95997 0
46774 1
47001 0
128637 0
114689 0
30543 0
14166 0
63340 0
30573 0
112554 0
46914 0
96051 0
96061 0
63317 0
112492 0
112232 0
63415 0
14261 0
128758 0
14073 0
30412 0
30582 0
79793 0
14265 0
14243 0
30571 0
46932 0
79705 0
63381 0
96098 0
46983 0
14172 0
96094 0
46926 0
96015 0
63083 0
79562 0
112416 0
79659 0
63395 0
30609 0
14224 0
112528 0
112410 0
14104 0
112579 0
14208 0
112454 0
79775 0
95970 0
63363 0
30529 0
30418 0
30587 0
46969 0
30619 0
47037 0
128927 0
79716 0
96085 0
46944 0
79715 0
112466 0
96166 0
30640 0
79624 0
46975 0
79744 0
112334 0
14200 0
96080 0
14113 0
79574 1
112463 0
79681 0
79670 0
46963 0
96115 0
14050 0
14095 0
79647 1
96151 0
63097 0
128948 0
30610 0
79797 0
30518 1
46986 0
112462 0
112440 0
79588 0
79595 1
16385 0
46898 0
112419 0
63345 0
128863 0
79727 0
14067 0
128748 0
14177 0
63316 0
79648 0
96113 0
63326 0
79722 0
112461 0
95991 0
46949 0
14147 0
79701 0
63283 0
128816 1
128705 0
46907 0
112498 0
63229 1
63318 0
81921 0
79759 1
112478 0
128836 1
46918 0
14154 0
112589 0
128937 0
112581 0
96112 0
30594 0
128935 0
79657 0
96028 0
128900 0
30638 0
63358 1
112540 0
79789 0
79654 0
63427 0
112539 0
79790 0
46948 0
30506 0
95999 0
128797 0
128779 0
46714 0
96072 0
128837 0
128992 0
63281 0
30498 0
30521 0
30625 0
79750 0
30572 0
63223 0
128828 1
79754 0
128750 0
63402 0
112535 0
14072 0
95988 0
63184 0
14032 0
63185 1
30590 0
14213 0
112233 0
63375 0
63321 0
30501 0
46874 0
112475 0
128859 0
128866 0
47027 0
79720 0
30503 0
63328 0
47029 0
30493 0
79672 0
112441 0
96065 0
30532 0
46981 0
95854 1
114690 0
46698 0
63086 0
63249 0
95870 0
30479 0
128897 0
95868 0
30649 0
79771 0
128915 0
96160 0
112541 0
96157 0
96130 0
96091 0
63286 0
63339 0
112502 0
30595 0
46716 0
63255 0
128770 0
79704 0
63300 0
128971 0
14222 0
128925 0
16386 0
46956 0
14183 0
63319 0
46978 0
30600 0
63102 0
14207 0
128954 0
96120 0
96039 0
63284 0
46713 0
46878 1
96155 0
112437 0
14125 0
46699 0
81922 0
79768 0
95867 0
46880 0
46892 1
96152 0
63374 0
63335 0
79721 0
46946 0
46884 0
96038 0
112457 0
30451 1
46769 0
128933 0
96109 0
112360 0
46812 0
128720 0
30407 0
112328 0
112317 0
128815 0
112450 0
63265 0
63313 0
46908 0
95871 0
79656 0
14142 0
79709 0
128777 0
112252 0
63311 0
96081 0
14115 0
128767 0
63360 0
79711 0
112369 0
30392 0
95981 0
128751 0
30541 1
49154 0
96079 0
30570 0
47034 0
46876 1
46924 1
46916 0
63348 0
79776 0
79809 0
112249 0
30651 0
96124 0
128827 0
112500 0
46909 0
128926 0
47036 0
112452 0
128805 0
96122 0
46929 0
112537 0
14242 0
47005 0
30655 0
30524 0
63309 0
46700 0
98306 0
14239 0
112582 0
46955 0
112549 0
128889 0
14223 0
46922 0
30390 1
128812 0
128794 0
63295 0
96188 0
112576 0
96119 0
96050 0
30547 0
96031 0
112417 1
96029 0
128922 0
46952 0
79635 0
128737 0
112565 0
96154 0
30652 0
13944 0
112515 0
128838 0
128701 0
46787 0
112325 0
95855 0
30513 0
63270 0
79658 0
128902 0
46917 0
14124 0
14197 0
30504 0
96033 0
79608 1
30433 0
112521 0
128858 0
128930 0
14225 0
112443 0
46964 0
63400 0
79747 0
79741 0
79643 0
112361 0
128803 0
63258 0
47026 0
128841 0
30536 0
128617 0
79763 0
63263 0
14064 0
128752 0
30588 0
96111 0
98307 0
14085 0
63227 0
95994 0
13947 0
13951 0
63369 0
79644 0
79784 0
47000 0
30545 0
79714 0
95973 0
63207 0
79795 0
112605 0
14304 0
79734 0
14139 0
128623 0
79749 0
96127 0
30495 0
14128 0
14140 0
14188 0
79665 0
30574 0
14194 0
128639 0
46801 0
128989 0
63435 0
30591 0
95969 0
112349 0
14201 0
63385 0
128877 0
46966 0
46947 0
14221 0
112427 0
14071 0
112254 0
128638 0
63378 0
30564 0
112526 0
14240 0
128919 0
14206 0
46984 0
112407 0
63288 0
63276 0
128968 0
30629 0
128844 0
79736 0
14178 0
63100 0
79785 0
112578 0
112458 0
30526 0
128856 0
96062 0
79692 0
128834 0
30400 0
46784 1
63084 0
128905 0
30634 0
46906 0
96114 0
128940 0
63198 0
47020 0
30615 0
14259 0
95851 0
112542 0
63307 0
63294 0
46819 0
14069 0
30312 0
63384 0
30565 0
112483 0
96171 0
112553 0
14181 0
14105 0
14056 0
79673 0
128965 0
112423 0
47057 0
13931 1
13935 0
63368 1
30446 0
14176 0
63383 0
128907 0
14237 0
47025 0
63382 0
112335 0
128849 0
96086 0
128852 0
14233 0
30558 0
14186 0
112590 0
112474 0
46950 0
96092 0
112391 0
63170 0
30485 0
96077 0
14281 0
63389 0
30527 0
79660 1
96057 0
30633 0
96159 0
30618 0
96025 0
96003 1
46868 0
30440 0
63376 0
47007 0
128893 0
96090 0
128810 0
79567 0
46793 0
32771 0
14271 0
63447 0
79811 0
63361 0
112501 0
79630 0
46971 0
30490 1
46991 0
112512 0
128911 0
79755 0
46848 0
30453 0
63331 0
112529 0
128892 0
46961 0
96143 0
79757 0
30443 0
112517 0
16387 0
79760 0
112455 0
112456 0
46925 0
30557 1
30421 0
96034 0
128801 0
14082 0
79632 0
96186 0
46712 0
112499 0
96103 0
79653 0
96084 0
63303 0
96021 0
63195 0
63440 0
128987 0
96136 0
30522 0
14123 1
63304 0
128887 0
128865 0
46990 0
96128 0
112253 0
128616 0
96162 0
96046 0
30534 1
79683 0
79467 0
95947 0
30410 0
46931 0
96093 0
79465 0
96053 0
30531 0
63336 0
128818 0
128833 0
79682 1
30330 0
46702 0
30313 0
63085 0
112237 0
79799 0
79674 1
30568 0
128820 0
96027 0
30604 0
95974 0
46804 0
30512 0
128807 0
46902 0
112401 0
46858 0
4 0
79481 0
30329 0
128875 0
128880 0
46845 0
14155 0
63297 0
63327 0
112363 0
128736 0
79584 0
14204 0
128823 0
96073 0
79600 1
46815 0
63408 0
46818 0
14102 0
30470 0
30551 0
112377 0
79818 0
14170 0
79628 0
30477 0
79627 0
14108 0
14229 0
95923 0
30396 0
112562 0
30635 0
46919 0
63290 0
30424 0
63394 0
14167 0
96099 0
63272 0
112344 0
14268 0
128862 0
14152 0
128839 0
30599 0
14230 0
79686 0
96201 0
46996 0
96164 0
128891 0
14193 0
30596 0
14126 0
128906 0
79666 1
46842 0
46718 0
128960 0
46968 0
128904 0
30416 0
79568 0
112503 0
30567 0
112508 0
63338 1
128869 0
96177 0
95959 0
63203 0
112314 0
65540 0
30538 0
96071 0
128819 0
63257 0
14202 0
63379 0
112531 0
63412 0
96197 0
14029 0
63237 0
63254 0
14084 1
112384 0
79677 0
49156 0
47014 0
63366 0
14244 0
128909 0
95985 0
30467 0
79761 0
46888 0
63373 0
112530 0
79633 0
112428 0
30535 0
128791 0
46989 0
128955 0
14246 0
63390 0
96158 0
112547 0
128829 1
46927 0
63214 1
128757 1
46768 0
79730 0
112484 0
79708 0
14158 0
46862 0
47022 0
16388 0
128867 0
128898 0
14097 0
128713 0
112405 0
79650 0
96049 0
112506 0
96101 0
30550 1
112485 0
79724 0
81924 0
96087 0
46896 0
14273 0
30630 0
46887 0
112370 0
112479 0
79553 0
112321 0
79469 0
96190 0
47068 0
96145 0
14121 0
46882 0
79468 0
65541 0
14169 0
14175 0
79728 0
30438 0
46897 0
63233 0
16389 0
14234 0
128910 0
79693 0
46912 0
14106 0
30449 0
46831 0
128884 0
63341 0
63274 0
128855 0
81925 0
30554 0
128846 0
32773 0
49157 0
79652 0
128895 0
112523 0
46893 0
129000 0
63410 0
63082 0
5 0
14046 1
30387 0
128618 0
79745 0
95849 1
46703 1
46954 1
14133 0
79641 0
112471 0
96024 0
79606 0
63232 0
96189 0
112507 0
46798 0
14157 0
63234 0
46913 1
96037 0
30494 0
14216 0
63320 0
30514 0
14184 0
128830 1
46935 0
128931 0
112473 0
96069 0
96121 0
95949 0
14190 0
47015 0
14235 0
112388 0
96135 0
112495 0
79804 0
112375 0
128793 0
46832 0
79607 0
14088 0
112609 0
79816 0
96000 0
128842 0
79638 0
30597 0
30583 0
128824 0
128769 0
112490 0
112601 0
112255 0
112489 0
96089 0
63193 0
63456 0
79740 0
79777 0
79752 0
46993 0
128878 0
30555 0
63310 0
14164 0
114693 0
14041 0
112239 0
63332 0
14019 0
30530 0
128851 0
79684 0
63291 0
63349 0
128754 0
98309 0
46960 0
14100 0
46877 0
112524 0
46796 0
79485 0
47016 0
112563 0
79823 0
79813 0
96100 0
14051 1
96184 0
14276 0
30441 0
96169 0
30542 0
79669 0
63343 0
30319 0
112460 0
46904 0
14203 0
63243 0
30628 0
79626 1
63370 0
30517 0
128725 0
46802 0
95954 1
79718 0
32774 0
112238 0
79470 0
46811 0
63392 0
63308 0
30566 0
112234 0
30316 0
95848 0
98310 0
112438 0
46850 0
14226 0
14143 0
96142 0
47028 0
128780 0
96173 0
14119 0
46872 0
79770 0
79786 0
96108 0
79738 0
112522 0
46920 0
14092 0
63216 0
30546 0
112341 0
30537 0
128744 0
128914 0
128883 0
16390 0
63350 0
95864 0
30523 0
63240 0
112383 0
79596 0
14288 0
79667 0
112412 0
30576 0
63354 0
112472 0
63325 0
96146 0
96030 0
96137 0
14037 0
79487 0
30556 0
63419 0
30578 0
46696 0
63285 0
46844 1
30557 0
30528 0
95921 0
30389 1
128924 0
30641 0
96153 0
79764 0
30487 0
14248 0
30481 0
128755 0
65542 0
95852 0
47045 0
96082 0
30519 0
14136 0
63262 0
14027 0
14022 0
79615 0
112493 0
128798 1
112415 0
46940 0
79703 0
79618 0
79694 0
14146 0
46866 0
46972 0
30682 0
63323 0
47002 0
46891 0
112387 0
96059 0
30541 0
112424 0
112468 0
96004 0
46936 0
79772 0
79695 0
14272 0
7 0
65543 0
63287 0
63407 0
47017 0
14109 0
112316 0
49159 0
30459 0
30315 0
114695 0
79801 0
95850 0
128622 0
30317 0
63275 0
128832 0
63080 1
46976 0
128831 0
128873 0
30548 0
14227 0
30502 0
79664 0
63103 0
128635 0
14122 0
128868 0
96095 0
14209 0
96044 0
46878 0
63213 0
30444 0
112386 0
63396 0
63464 0
63330 0
96023 1
128619 0
16391 0
79733 0
112533 0
30581 0
14214 0
30465 0
46852 0
79781 0
63273 0
96018 0
79642 0
128772 0
112449 0
46921 0
79649 0
81927 0
96052 0
128903 0
63344 0
128864 0
63302 0
96074 0
32775 0
79647 0
112396 0
46885 0
63413 0
79800 0
30405 0
95998 0
79629 0
46849 0
14089 0
96006 0
79815 0
112557 0
46774 0
63189 0
30420 0
46892 0
79645 0
79765 0
96203 0
95866 0
128920 0
30637 0
128921 0
96056 0
63386 0
112447 0
30621 0
112395 0
96063 0
63296 0
95932 0
128700 0
63087 0
128787 0
47031 0
128874 0
30473 0
30333 0
30331 0
63472 0
46697 1
47009 0
112421 0
128896 0
128792 0
46900 0
96202 0
63239 1
95979 0
30336 0
14185 0
128848 0
112431 0
63162 0
63104 0
14163 0
79700 0
128853 0
114696 0
112411 0
30489 0
112394 0
79581 0
95995 0
112350 0
46800 0
49160 0
63347 0
128796 0
63167 0
128804 0
96002 0
98312 0
63292 0
46915 0
79488 0
46720 0
112256 0
46833 0
96191 0
14231 0
96133 0
63211 0
14054 0
14075 0
30646 0
128724 1
63228 0
46823 0
112442 0
30593 0
14217 0
47018 0
8 0
16392 0
96110 0
46894 0
30509 0
14251 0
14017 0
128708 0
112488 0
63231 0
63220 0
112566 0
79612 0
30461 0
128854 0
63221 0
79551 0
96183 0
30585 0
63353 0
79729 0
128886 0
79655 0
14087 0
112373 0
46965 0
79602 0
95872 0
112451 0
63279 0
63418 0
46967 0
128885 0
96104 0
30544 0
128799 0
63352 0
63264 0
14129 0
128967 0
96096 0
79696 0
112476 0
46847 0
46873 0
128789 0
128685 0
95919 0
96036 0
63301 0
95865 0
14191 0
14098 0
95873 0
128876 0
63334 0
14218 0
95965 0
46814 0
79732 0
79601 0
128962 0
14101 0
79780 0
79688 0
79814 0
79802 0
112568 0
112351 0
112336 0
30337 0
128632 0
49161 0
95952 0
9 0
16393 0
14220 0
46958 0
14055 0
79675 1
46855 0
46864 0
30549 0
30534 0
96042 0
112558 0
14063 0
14138 0
47008 0
96058 0
14199 0
63401 0
30457 0
128762 0
79617 0
46933 0
96022 0
63183 0
30458 0
63398 0
96017 0
14211 0
128640 0
79484 0
63387 0
14061 0
14112 0
112571 0
14074 0
46903 0
30533 0
30451 0
128714 0
14238 0
63247 0
63187 0
47024 0
30445 0
128912 0
112257 0
96054 0
96075 0
46962 0
128774 0
79758 0
30486 0
112420 0
96140 0
96102 0
112329 0
63298 0
128981 0
14196 0
65546 0
81930 0
98314 0
114698 0
96066 0
30650 0
112429 0
46924 0
112433 0
47047 0
112250 0
63106 0
112408 0
14077 0
63098 0
79702 1
112434 0
30653 0
30338 0
79622 1
79489 0
112258 0
95874 0
112404 0
96032 0
128890 0
128641 0
14028 0
128715 0
95936 0
112569 0
79608 0
14048 0
14031 0
16394 0
14118 0
112390 0
96161 0
112414 0
112403 1
14107 0
63244 0
14052 0
30484 0
95944 0
79565 0
14198 0
30580 0
30448 0
46719 0
96150 0
46901 0
112532 0
128817 0
96195 0
79817 0
46821 0
128957 0
14280 0
63204 0
96055 0
30539 0
96131 0
128785 0
63230 0
128764 0
14111 0
79690 0
112385 0
128776 0
128932 0
95939 0
63173 0
96068 0
46860 0
30500 0
128727 0
30339 0
79491 0
128757 0
95978 0
98315 0
114699 0
46889 0
79490 0
14215 0
63251 0
30515 0
63199 0
14195 0
112367 0
95983 0
14160 0
63177 0
30406 0
96199 0
30455 0
128973 0
112382 0
63397 0
96083 0
128642 0
112561 0
63424 0
79829 0
47004 0
46722 0
96118 0
63196 0
128719 0
81931 0
112587 0
30435 0
79575 0
79578 0
46953 0
46813 0
14081 0
14103 0
63312 0
14144 0
47010 0
112480 0
14168 0
128634 0
96181 0
63439 0
95950 0
14036 1
79791 0
46863 0
79636 0
63423 0
46861 0
30460 0
14004 0
112347 0
63201 0
128870 0
14284 0
128698 0
95926 0
46770 0
96011 0
96170 0
30623 0
30518 0
112459 0
47039 0
79674 0
14130 0
46871 0
46788 0
30496 0
95875 0
112356 0
112353 0
128740 0
46826 0
14079 0
14241 0
128643 0
14065 0
128795 0
30434 0
46715 0
46724 0
98316 0
96192 0
95951 0
63182 0
128718 0
63215 0
32780 0
47030 0
63238 0
14060 0
112366 0
46829 0
79737 0
47019 0
81932 0
65548 0
14165 0
63185 0
63431 0
46977 0
128821 0
79586 0
63197 0
96210 0
30647 0
95984 0
30674 0
47052 0
79616 0
128828 0
46838 0
79574 0
63107 0
112259 0
46985 0
79482 0
128872 0
30413 0
79767 0
14049 0
14047 1
49164 0
46803 0
46786 0
79550 0
96014 0
79798 0
96105 0
96045 0
30606 0
128775 0
128773 0
96070 0
128850 0
112236 0
96048 0
30332 0
112406 0
79634 0
114701 0
128946 0
79492 0
30510 0
49165 0
14035 0
30499 0
30454 0
95876 0
63426 0
63108 0
30425 0
96013 0
128778 0
30340 0
63432 0
46789 0
112337 0
30525 0
95975 0
63443 0
47043 0
96134 0
112435 0
65549 0
81933 0
98317 0
128809 0
30614 0
128644 0
30516 0
112354 0
63194 0
63280 0
30626 0
112392 0
128761 0
46778 0
13956 0
112260 0
30616 0
13948 0
128717 0
112425 0
112426 0
63252 0
96165 0
79576 0
46725 0
95877 0
95989 0
49166 0
79493 0
112261 0
128645 0
46895 0
79572 0
114702 0
128949 0
79646 1
14127 0
63261 0
65550 0
81934 0
98318 0
96026 0
63172 0
79748 0
96176 0
30552 0
112371 0
46792 0
112331 0
79676 0
96178 0
128753 0
30452 0
30403 0
32782 0
14249 0
63168 0
30648 0
128913 0
128765 0
13950 0
112339 0
96097 0
79640 0
112574 0
14286 0
63314 0
30341 0
63109 0
63271 0
128840 0
95980 0
13957 0
112378 0
95990 0
112358 0
96016 0
128806 0
79822 0
30491 0
30342 0
30520 0
14110 0
79604 0
30334 0
63110 0
95878 0
128728 0
112346 0
95854 0
46726 0
81935 0
128813 0
95941 0
30488 0
96008 0
79625 0
128945 0
14094 0
49167 0
79603 0
79671 0
79486 0
15 0
16399 0
32783 0
47032 0
98319 0
63186 0
30414 0
79494 0
128916 0
128857 0
46817 1
128826 0
14117 0
14024 0
112326 0
30401 0
30663 0
65551 0
14267 0
14039 0
13958 0
14123 0
96174 0
128756 0
30436 0
95967 0
63236 0
30437 0
79668 0
14093 0
95920 0
79544 0
46846 0
128636 0
128808 0
112263 0
112510 0
95945 0
128646 0
114704 0
16 0
16400 0
32784 0
79471 0
112362 0
63210 0
79599 0
128802 1
46809 1
112519 0
112262 0
14120 0
30475 0
14275 0
128951 0
81936 0
112333 0
128716 0
128707 0
79613 0
46822 1
30482 0
112430 0
47053 0
46886 0
47011 0
30343 0
46945 0
128743 0
30335 0
95982 0
98320 0
14062 0
32785 0
30344 0
63111 0
95879 0
128647 1
79495 0
30624 0
63267 0
13952 0
128723 0
63250 0
112365 0
17 0
65553 0
14086 0
30657 0
30492 0
128781 0
96001 0
95927 0
14135 0
128934 0
95992 0
112555 0
128861 0
46867 0
128738 1
96126 0
30328 0
112550 0
46791 0
112467 0
128726 0
47021 0
63253 0
128768 0
79597 0
96012 0
49169 0
112593 0
79610 0
30483 0
96067 0
30636 0
96194 0
30505 0
14045 0
79585 0
96106 0
112573 0
112399 0
47013 0
46728 0
112264 0
63112 0
46806 0
63241 0
49170 0
65554 0
81938 0
46938 0
79496 0
46910 0
46765 0
63149 0
63218 0
79583 0
128648 0
112324 0
14078 0
46930 0
79639 0
95925 0
13960 0
13953 0
79651 0
18 0
46954 0
46841 0
79609 0
79595 0
112301 0
112465 0
98322 0
128871 0
30474 0
63202 0
16402 0
30345 0
114707 0
96010 0
79619 0
63161 0
16403 0
79623 0
112389 0
30466 0
63113 0
112597 0
46934 0
63200 0
95881 0
46729 0
13954 0
65555 0
14132 0
14080 0
30427 0
112397 0
14083 0
128771 0
112381 0
112355 0
49171 0
14009 0
13946 0
81939 0
98323 0
19 0
14066 0
46825 0
14116 0
128649 0
65556 0
79497 0
128984 0
112265 0
30429 0
14043 0
63351 0
79589 0
95968 0
20 0
46853 0
128786 0
114708 0
46859 0
46730 0
14262 0
98324 0
14258 0
16404 0
32788 0
81940 0
49172 0
30508 0
79680 0
13962 0
128746 0
63266 0
112559 0
112312 0
79769 0
79579 0
128730 0
79614 0
30346 0
128650 0
21 0
16405 0
32789 0
13955 0
79498 0
128651 0
49173 0
46840 0
112464 0
63260 0
30423 0
98325 0
14040 0
79559 0
46795 0
30390 0
14057 0
30471 0
112376 0
63190 0
14023 0
112266 0
46870 0
46794 0
79810 0
79646 0
46835 0
95882 0
65557 0
63114 0
63208 0
79571 0
63176 0
81941 0
79699 0
79541 0
95962 0
112345 0
128695 0
79587 0
30472 0
63451 0
79830 0
63115 0
79499 0
13949 0
46731 0
95883 0
30347 0
81942 0
79666 0
16406 0
30560 0
112267 0
13963 0
79549 0
32790 0
49174 0
65558 0
63259 0
14254 0
30673 0
79536 0
30422 0
95958 0
79662 0
30468 0
79590 1
95960 0
114710 0
112413 0
112342 0
63269 0
79689 0
128825 0
30690 0
112567 0
63342 0
79580 0
63417 0
32791 0
63246 0
46732 0
79500 0
30348 0
98327 0
14274 0
63116 0
14051 0
13964 0
95884 0
112432 0
95948 0
81943 0
23 0
16407 0
128739 0
128712 0
30462 1
46772 0
114711 0
46834 0
65559 0
79566 0
128652 0
63117 0
112268 0
63421 0
24 0
79598 0
30349 0
114712 0
65560 0
46733 0
13965 0
30478 0
112398 0
49176 0
79594 0
79803 0
128800 0
96009 0
112402 0
30431 0
112318 0
14137 0
46797 0
81944 0
98328 0
30442 0
79555 0
112323 0
30439 0
46913 0
32792 0
96005 0
114713 0
25 0
112269 0
79501 0
79502 0
63256 0
128653 0
96019 0
14016 0
46780 0
16409 0
81945 0
14007 0
96040 0
112343 0
79546 0
47060 0
46816 0
63277 0
96035 0
13966 0
30409 0
95885 0
65561 0
112338 0
79543 0
63164 0
13959 0
98330 0
79723 0
30632 0
30350 0
112270 0
46734 0
63118 0
46784 0
81946 0
95886 0
16410 0
95993 0
128654 0
30417 0
65562 0
96141 0
26 0
46827 0
79660 0
49178 0
14312 0
30669 0
14038 0
114714 0
112315 0
32794 0
95976 0
79573 0
128745 0
14070 0
14010 0
112357 0
79759 0
112525 0
128706 0
112271 0
32795 0
49179 0
46735 0
63119 0
81947 0
30351 0
128655 0
27 0
16411 0
14013 0
46779 0
79540 0
13967 0
95966 0
95887 0
128749 0
46808 0
79503 0
63175 0
46736 0
65564 0
63120 0
81948 0
63192 0
95888 0
63179 0
28 0
16412 0
46843 0
79504 0
95880 0
30352 0
32796 0
49180 0
30656 0
13968 0
79631 0
46836 0
112393 0
63225 0
63299 0
98332 0
112551 0
95937 0
95953 0
79570 0
114717 0
29 0
16413 0
32797 0
30353 0
81949 0
63121 0
112272 0
128656 0
63169 0
49181 0
65565 0
63409 0
95943 0
95934 0
128747 0
79605 0
30511 0
46737 0
14020 0
98333 0
128963 0
46773 0
30661 0
128633 0
128784 0
128657 0
63122 0
30450 0
14091 0
46810 0
79505 0
95889 0
112273 0
79506 0
32798 0
49182 0
96167 0
112379 0
13970 0
98334 0
79542 0
81950 0
46854 0
128760 0
95987 0
30476 0
63226 0
79507 0
95890 0
30540 0
30404 0
112322 0
65567 0
128702 0
31 0
128658 0
114719 0
46777 0
112327 0
79774 0
14099 0
46738 0
46824 0
98335 0
128729 0
81951 0
112274 0
112309 0
46820 0
96187 0
63180 0
46739 0
16416 0
32800 0
49184 0
95996 0
79548 0
46776 0
98336 0
112275 0
13971 0
30355 0
95891 0
128659 0
63123 0
96163 0
112352 0
128697 0
79620 0
14291 0
65568 0
81952 0
114720 0
81953 0
98337 0
114721 0
33 0
63245 0
112374 0
79508 0
112276 0
30356 0
63124 0
79545 0
63174 0
30497 0
79592 0
30411 0
30415 0
95892 0
49185 0
46740 0
128766 0
13972 0
79547 0
46805 0
128660 0
46865 0
63125 0
16418 0
128942 0
81954 0
63151 0
14018 0
79538 0
98338 0
32802 0
128699 0
96182 0
13973 0
30357 0
34 0
46869 0
14252 0
79792 0
79509 0
14015 0
30358 0
95893 0
112277 0
35 0
112584 0
46839 0
128661 0
65571 0
79637 0
95894 0
79591 0
128722 0
128704 0
46771 0
98339 0
13974 0
30432 0
46742 0
16420 0
63126 0
98340 0
95940 0
114724 0
63206 0
65572 0
36 0
14042 0
128662 0
46837 0
63127 0
128979 0
49188 0
63235 0
128734 0
128783 0
63222 0
95895 0
81957 0
30447 0
46743 0
128742 0
30359 0
79511 0
14076 0
65573 0
128663 0
63219 0
112279 0
49189 0
96211 0
79611 0
63420 0
14046 0
30397 0
46744 0
49190 0
65574 0
95896 0
32806 0
13976 0
79512 0
63128 0
95956 0
98342 0
81958 0
95954 0
14008 0
13969 0
128664 0
32807 0
112348 0
112281 0
63129 1
30361 0
114727 0
39 0
16423 0
112364 0
63181 0
79513 0
65575 0
95928 0
14026 0
49191 0
128763 0
98343 0
13977 0
112556 0
98344 0
32808 0
128665 0
46828 0
95897 0
46745 0
30428 0
16424 0
14096 0
40 0
46746 1
65576 0
30394 0
63130 0
63205 0
114728 0
30354 0
79558 0
79514 0
128666 0
16425 0
32809 0
95977 0
79569 0
98345 0
81961 0
95972 0
95898 0
30419 0
65577 0
41 0
46807 0
46876 0
30362 0
112418 0
79621 0
14059 0
30363 0
114729 0
95931 0
63188 0
112372 0
46775 0
47035 0
49194 0
128667 0
128692 0
46799 0
63242 0
63131 0
112283 0
95899 0
128690 0
46747 0
65578 0
81962 0
98346 0
79515 0
114730 0
42 0
95900 0
63132 0
16427 0
46748 0
30364 0
95930 0
81963 0
13980 0
128956 0
114731 0
43 0
79516 0
30398 1
95935 0
95986 0
49195 0
65579 0
98347 0
32811 0
14292 0
32812 0
47055 0
16428 0
14012 0
112308 0
30426 0
63133 0
13981 0
128668 0
112409 0
128721 0
81964 0
95901 0
63166 0
46749 0
65580 0
112284 0
46881 0
65581 0
81965 0
112285 0
30366 0
45 0
112286 0
16429 0
79517 0
112340 0
63178 0
128669 0
112544 0
79564 0
46 0
95902 0
128670 0
13983 0
79518 0
46750 0
63134 0
16430 0
32814 0
49198 0
65582 0
13975 0
114734 0
63428 0
14044 0
47 0
65583 0
114735 0
79556 0
128671 0
98351 0
112400 0
30367 0
63135 0
79519 0
95903 0
79787 0
14014 0
46751 0
49199 0
16431 0
32815 0
14021 0
81967 0
16432 0
30368 0
46752 0
95904 0
81968 0
112288 0
48 0
30464 0
13984 0
98352 0
114736 0
49201 0
30369 0
46753 0
13978 0
30430 0
128672 0
46830 0
98353 0
114737 0
14090 0
63155 0
13985 0
81969 0
65585 0
32817 0
128673 0
98354 0
114738 0
49202 0
14011 0
63137 0
79521 0
32818 0
14003 0
95906 0
112289 0
128711 0
50 0
14034 0
112595 0
128759 0
98355 0
128674 0
112290 0
49203 0
65587 0
81971 0
96003 0
14084 0
13979 0
46754 0
32819 0
30480 0
79554 0
114739 0
51 0
63138 0
63139 0
65588 0
14033 0
49204 0
128675 0
46755 0
79523 1
30371 0
81972 0
112291 0
98356 0
114740 0
52 0
95907 0
13987 0
79524 0
53 0
30664 0
95908 0
46756 0
114741 0
63140 0
49205 0
32821 0
81973 0
98357 0
16437 0
63165 0
30373 0
128733 0
32822 0
54 0
98358 0
63141 0
128676 0
16438 0
13982 0
46785 0
112313 1
81974 0
112292 0
46757 0
46767 0
128677 0
63142 0
16439 0
32823 0
49207 0
114743 0
95909 0
79525 0
14002 0
95922 0
63156 0
79537 0
30469 0
13990 0
55 0
98359 0
81975 0
112294 0
79552 0
95910 0
128678 0
32824 0
98360 0
16440 0
14255 0
49208 0
65592 0
63248 0
112287 0
46758 0
57 0
112295 0
128958 0
112311 0
95911 0
13999 0
49209 0
65593 0
112306 0
46759 0
79527 0
98361 0
81977 0
95918 0
16441 0
63143 0
13991 0
63160 0
112296 0
114746 0
46760 0
79528 0
63144 0
95942 0
16442 0
128710 0
58 0
32826 0
49210 0
65594 0
30376 0
79582 0
46761 0
95957 0
49211 0
114747 0
63212 0
63145 0
65595 0
81979 0
32827 0
95912 0
128680 0
13986 0
13993 0
95905 0
98363 0
59 0
16443 0
112297 0
79560 0
128681 0
81980 0
46782 0
112319 0
95913 0
79529 0
98364 0
114748 0
60 0
16444 0
79557 0
128735 0
30377 0
65596 0
30456 0
65597 0
95914 0
128682 0
112298 0
30463 0
46762 0
79530 0
63146 0
49213 0
81981 0
98365 0
114749 0
30378 0
30645 0
32829 0
30379 0
32830 0
16446 0
128683 0
49214 0
65598 0
79531 0
62 0
63147 0
112359 0
63411 0
95916 0
65599 0
81983 0
98367 0
30668 0
112300 0
112299 0
95915 0
49215 0
79561 0
46764 0
114751 0
63 0
16447 0
32831 0
128975 0
79533 0
79532 0
16448 0
63148 0
30380 0
81984 0
98368 0
114752 0
64 0
14025 0
128684 0
13997 0
65600 0
114753 0
14058 0
95917 0
128724 0
81985 0
49217 0
128709 0
30395 0
95938 0
65601 0
98369 0
79526 0
79534 0
46766 0
30382 0
63150 0
112302 0
16450 0
81986 0
128816 0
30383 0
14030 0
47040 0
47063 0
66 0
114754 0
13998 0
98370 0
49218 0
112330 0
95964 0
67 0
16451 0
32835 0
81987 0
114755 0
63159 0
14006 0
63153 0
49219 0
112303 0
30384 0
81988 0
98372 0
79535 0
16452 0
65604 0
68 0
13992 0
69 0
65605 0
128696 0
49221 0
47048 0
30391 0
63224 0
98373 0
32837 0
96023 0
128703 0
95924 0
114757 0
14001 0
81990 0
46790 0
30402 0
98374 0
13994 0
30385 0
16454 0
112305 0
65606 0
114758 0
70 0
49222 0
71 0
81991 1
98375 0
114759 0
65607 0
13996 0
95933 0
16455 0
32839 0
128688 0
128691 0
112307 0
13995 0
81992 0
16456 0
98376 0
114760 0
32840 0
95929 0
65608 0
72 0
63209 0
49224 0
73 0
112332 0
65609 0
47046 0
128693 0
49225 0
32841 0
81993 0
98377 1
32842 0
63368 0
63154 0
98378 1
114762 0
74 0
16458 0
128694 0
49226 0
65610 0
32843 0
98379 0
63171 0
95955 0
114763 0
75 0
128686 0
46783 0
96219 0
49228 0
76 0
16460 0
32844 0
114764 0
95946 0
14005 0
112304 0
65612 0
98380 0
32845 0
128687 0
128689 0
30393 0
16461 0
98381 0
63157 0
49229 0
63152 0
81997 0
14000 0
65613 0
63163 0
77 0
81998 0
30660 0
78 0
79539 0
49230 0
16462 0
32846 0
13933 0
49216 0
30388 0
46703 0
128798 0
49223 0
98382 0
114766 0
16463 0
65547 0
98313 0
81999 0
112320 0
81989 0
81929 0
32777 0
65 0
63158 0
65545 0
16401 0
49162 0
49192 0
65544 0
65591 0
32770 0
32804 0
114706 0
11 0
81978 0
114726 0
81976 0
49186 0
114705 0
81970 0
13931 0
46746 0
65586 0
81920 0
32779 0
114718 0
30 0
13934 0
13929 0
14245 0
128731 0
98362 0
65563 0
81995 1
37 0
32786 0
49206 0
65584 0
16445 0
79682 0
49187 0
65602 0
46809 0
114725 0
16453 0
81928 0
65589 0
10 0
32776 0
32803 0
44 0
114750 0
65615 0
98383 0
114767 0
16384 0
16396 0
49231 0
16414 0
79 0
16421 0
114709 0
13930 0
98305 0
2 0
32847 0
49175 0
114768 0
32848 0
49232 0
16464 0
32801 0
82000 0
32 0
65616 0
49227 0
98384 0
80 0
49163 0
16436 0
61 0
32836 0
81926 0
98350 0
32781 0
32820 0
98348 0
16434 0
81994 0
81923 0
95857 0
114742 0
16415 0
13942 0
98371 0
6 0
16435 0
56 0
16417 0
46706 0
16465 0
32849 0
49233 0
65617 0
82001 0
114769 0
98385 0
81 0
79479 0
46708 0
63091 0
81955 0
30323 0
128625 0
30321 0
30325 0
65569 0
128626 0
63094 0
65566 0
46707 0
114700 0
79475 0
46710 0
46705 0
112246 0
30326 0
13938 0
79476 0
30324 0
128630 0
95863 0
128624 0
112244 0
128627 0
46711 0
79473 0
95856 0
95861 0
30322 0
128631 0
13941 0
112245 0
30320 0
13936 0
98366 0
63089 0
63093 0
95858 0
112242 0
63090 0
95859 0
95860 0
95862 0
79477 0
13943 0
63095 0
13939 0
128629 0
128628 0
49183 0
46709 0
79474 0
79478 0
46704 0
63088 0
112247 0
112241 0
30327 0
112243 0
79472 0
22 0
13940 0
13937 0
112240 0
32778 0
63092 0
