32772 2393
114691 2852
65539 2917
49155 2980
3 3046
49152 4301
65536 4370
0 4435
49158 2087
114693 2530
98308 2997
81922 3863
114688 4725
16384 4790
12 104
81931 507
81930 779
16392 1551
32775 1934
65543 1989
49159 2042
7 2103
114694 2535
81923 4096
49157 3320
65538 4595
98318 272
114698 1077
32778 1129
16394 1179
9 1628
114695 2588
32784 17
32784 2
32782 573
32784 46
32784 15
32784 5
5 3809
32784 29
32784 5
32784 1
32784 1
98309 3857
32784 54
114705 13
114705 2
65551 514
114705 56
114705 10
114705 1
81924 4407
114705 49
114705 12
114705 1
49156 4502
114705 49
114705 3
114705 1
2 5367
114706 35
114706 4
98322 43
114706 4
98322 6
114705 66
98322 1
114706 1
81921 5842
114706 47
114706 6
98322 59
114706 4
114706 1
98322 7
65537 5927
32781 1354
16401 383
16401 489
16401 506
16401 520
65552 588
65552 605
65552 646
65552 667
65552 713
32776 2845
65552 775
65552 680
65552 645
16401 496
16401 434
49167 1094
16386 5811
49170 260
49170 263
49170 298
49170 262
16402 323
17 328
17 409
17 470
17 529
17 550
81934 1440
114697 2612
98326 1
49166 1451
98326 32
98326 6
65544 3052
98326 50
98326 9
98326 1
49160 3121
98326 45
98326 5
114708 340
98326 45
98326 2
98311 3764
32791 33
32791 7
32791 2
32791 1
98327 63
98327 12
98327 4
98327 1
32791 22
32791 7
32791 1
32791 1
98327 13
98327 3
32791 7
32791 1
98327 3
32791 1
98326 119
98327 1
32791 1
98327 1
98319 1563
98327 40
114712 13
114712 1
32791 59
114712 12
114712 1
6 4682
114712 47
114712 9
114712 1
16389 5124
114712 43
114712 8
114712 2
81932 2704
114712 44
114692 5900
65547 3230
16387 6430
114714 52
114714 14
114714 3
1 7315
114714 51
114714 5
114714 2
114714 1
11 3436
98331 3
114714 46
98331 2
81920 7844
65563 62
65563 14
49161 3559
65563 52
65563 4
65563 1
16395 3608
65554 976
49162 3233
81928 4161
65565 33
65565 7
32774 5478
65565 45
65565 5
114701 3173
65565 18
16385 7841
98333 83
98333 178
98333 165
49181 216
16413 33
32798 6
81945 856
32798 47
32798 6
32798 1
98328 947
65560 958
32798 5
65560 979
32798 1
32792 1026
32798 9
32798 1
65560 1125
32798 21
32786 1479
32798 49
32792 1215
32798 22
32798 2
18 1571
32798 50
49183 2
49183 1
49183 1
32798 16
49183 1
32792 1332
49183 3
49183 1
49183 1
65553 1735
49183 13
49183 6
49183 2
49183 1
98328 1374
65568 13
65568 5
65568 4
65568 1
65568 1
98336 38
98336 18
98336 4
98336 1
65568 28
33 1
32801 1
33 1
32801 1
32801 1
65568 26
33 2
32801 8
33 2
32801 5
32801 3
32801 1
32801 1
32801 1
98336 51
32801 10
32801 5
32801 2
32801 1
32801 1
33 27
32801 5
33 1
33 1
32801 5
32801 1
33 2
33 1
32801 1
49183 194
32801 1
33 17
33 5
33 2
33 1
32801 14
32801 1
33 2
32801 1
32801 1
33 1
32801 1
65560 1612
32801 1
33 4
32792 1619
32792 1601
16406 1787
16406 1836
65553 2460
16406 1944
16406 2011
16406 2026
16 2670
16406 2078
49172 2242
32797 975
16406 2182
16 3091
98313 4824
16393 4880
98312 5318
32804 37
32804 16
32804 3
16413 1215
32804 41
32804 4
16406 2329
16391 5977
32804 19
65573 1
65573 1
16421 5
65573 1
32804 12
65573 2
16421 1
16421 1
32790 2496
16421 46
16421 17
16421 6
16421 2
16421 1
65573 78
16421 17
16421 8
16421 3
16421 1
65573 34
65573 4
65573 1
65573 1
16421 9
16421 3
65573 5
22 2634
16398 4143
114727 45
114727 11
114727 2
98343 67
98343 11
98343 1
114727 18
114727 3
98343 6
114727 1
98343 2
98343 1
39 101
114727 19
114727 3
39 26
114727 7
114727 1
39 12
39 2
114727 4
39 1
98343 49
114727 10
114727 2
114727 1
98343 19
114727 1
98343 3
98343 1
114727 1
39 29
39 7
39 1
114727 12
65576 2
65576 1
32792 2456
65542 6847
98344 46
98344 4
65576 56
98344 12
65576 17
98344 2
65576 1
98344 1
98316 4888
98344 45
98344 10
98344 1
65576 62
98344 3
65576 7
98333 1759
65576 6
98344 10
98344 1
98328 2632
65560 2511
65576 1
16 4086
65576 1
32773 7956
32809 1
41 3
41 1
41 1
65576 56
32809 11
41 14
32809 2
41 7
41 1
32809 4
32809 1
41 2
32809 1
98344 93
41 7
32809 12
32809 5
41 7
41 1
32809 4
41 1
41 1
49173 3443
32809 50
32810 23
32810 4
32810 1
16426 31
32810 1
16426 3
32810 1
32809 44
41 102
32810 12
16426 16
16426 1
32810 4
114700 5501
32810 40
32810 4
16426 53
16426 7
32810 15
98333 1988
32771 9120
32810 16
32810 1
16426 33
32810 1
16426 3
18 4124
16426 1
32810 1
49164 5641
16426 40
32810 49
32810 10
32810 1
16426 15
32783 4993
98347 20
98347 6
98347 1
32811 33
32811 7
32811 1
98347 13
32811 2
32811 1
98347 5
32811 1
98347 2
98347 1
32811 1
32810 78
32811 2
98347 4
32811 1
98347 1
32811 1
16426 89
32811 1
98347 2
98347 1
32811 1
32770 9744
32811 42
32811 10
32811 2
98347 60
32811 14
98347 18
32811 1
98347 3
32786 4384
49181 2294
98347 1
98305 10243
16428 23
16428 15
16428 9
16428 5
32811 82
98347 88
32780 6014
16396 6059
98317 5809
114723 1551
114730 565
114730 725
114730 587
16411 2531
16411 2557
16411 2645
114699 5545
4 9394
16411 3126
65582 329
65578 642
65578 709
65578 768
65578 840
98346 851
65578 860
98346 878
65578 853
65578 826
34 1673
34 1675
114718 2077
114718 2199
32795 2615
32795 2792
65587 14
65587 6
65587 3
65587 1
65587 1
32795 2907
65587 13
65587 5
65587 1
34 1855
65587 1
10 6280
65587 41
65587 20
65545 6839
8 7421
81926 8477
98325 4816
65578 1309
65578 1238
81968 532
53 14
53 1
53 1
98346 1286
53 1
16432 567
53 11
53 2
53 1
47 794
81965 47
65583 197
81963 598
81963 564
81963 595
81971 257
65577 1212
65577 1229
65577 1234
65577 1255
65577 1268
65577 1278
65577 1296
65577 1307
65577 1306
65577 1280
81971 353
56 3
56 1
81971 400
56 11
56 4
56 1
56 1
65569 2102
56 1
65569 2121
56 6
56 2
56 1
65569 2150
56 7
56 3
56 1
56 1
65569 2180
56 4
56 1
65569 2216
56 7
56 4
56 2
56 1
65569 2240
56 1
56 1
65569 2255
56 2
65569 2265
56 1
65569 2249
56 1
65569 2210
49182 2443
56 1
49182 2498
56 5
81971 516
49182 2623
65593 10
56 21
65593 1
98334 2675
65593 26
65593 9
65593 5
65593 2
65593 2
65593 1
65593 1
65593 1
65593 1
49182 2746
65593 3
65593 1
98334 2823
65593 13
49182 2842
49182 2840
16414 2851
81971 700
81971 681
16434 838
49213 3
49213 1
49213 1
81980 54
49213 20
49213 5
49213 1
49178 3733
49213 7
49178 3751
49178 3806
49213 9
49213 2
49213 1
25 4025
49213 34
49213 9
114750 2
114750 2
114750 2
114750 2
114750 2
114750 2
114750 2
114750 2
114750 2
114750 2
114750 2
114750 2
114751 1
81983 1
81983 1
81983 1
114750 6
81983 1
81983 1
81983 1
49182 3192
81983 1
16414 3189
114751 1
81983 2
81983 1
114751 2
81983 1
81983 1
114751 1
81983 1
114751 1
81983 1
81983 1
81983 1
114751 1
81983 1
114751 1
98334 3209
81983 1
114751 1
81983 2
81983 1
81983 1
49182 3169
81983 1
32796 3657
114751 38
114751 7
114751 2
114751 1
81983 60
114751 28
81983 34
49182 3213
49182 3188
65569 2871
81971 1013
81943 4651
16419 3013
32803 3068
114702 6315
49163 6997
81972 1156
20 5563
81956 3144
81956 3167
32820 1250
81956 3258
32777 8201
65605 41
65605 1
81956 3317
65605 15
81956 3301
65605 3
16407 5522
65605 28
65605 5
16407 5496
98310 9819
65605 47
65605 7
81941 6322
65605 43
65605 5
65605 1
65577 2943
49201 2028
65605 26
65605 4
49178 5510
65605 19
65605 3
65605 1
98307 11944
65589 1624
32789 6566
32779 8931
114690 12591
65589 1775
81963 2910
49154 12648
81963 2854
81963 2856
49153 13104
49178 5772
32814 2774
49179 5768
65603 739
81960 2502
81960 2520
81960 3608
81960 3451
81960 3583
65607 326
81990 464
16439 1092
32808 2414
32808 2426
32808 2501
36 3660
65 822
36 3857
36 4073
36 3973
98359 1889
81927 10026
49191 3805
32808 3615
32808 3536
32808 3451
98315 9275
114689 13623
32769 13670
114759 323
64 672
81984 673
114749 810
114749 848
114749 851
114749 862
81978 899
65588 1273
49189 2921
114749 867
114749 889
114749 898
49202 1735
114749 860
65601 821
49189 3648
49189 3653
49189 3649
35 3862
49199 2275
16399 7187
49219 830
65546 8333
49174 6388
49174 6482
114696 9533
49174 6503
49189 4378
49192 4039
95874 31
32844 476
46754 3
95902 16
35 37
32823 2416
32844 2
114759 24
49219 34
63143 36
49192 4360
98379 830
49192 4314
81974 2819
65541 12426
81998 29
81998 1
65614 39
81998 8
65614 10
81998 1
65614 3
32821 2991
81998 28
81998 3
81998 1
65614 35
81998 6
81998 1
32821 3210
65614 8
65614 1
81998 17
81998 2
81998 1
65614 5
81998 1
65614 2
65614 1
81998 1
32821 3215
98306 14081
81998 42
81998 10
65614 60
81998 14
65614 17
65610 1256
46735 3
95874 20
128620 23
30317 35
16405 8600
49192 30
16438 3733
79516 56
95855 125
61 1279
95855 2
61 1333
16430 1718
13977 36
81977 1459
81977 1465
81977 1480
65579 2113
95855 20
81977 1538
81977 1555
81977 1556
32806 3221
81977 1623
81977 1602
81977 1593
98355 2217
61 1614
81947 4965
13977 3
81947 5168
61 1630
98355 2412
16444 1726
79516 18
81947 5332
16444 1
61 1668
61 1663
16410 5494
16410 5557
16410 5615
95855 8
65561 5756
81938 6360
95855 38
16400 7255
98314 9623
16400 8371
79516 9
81947 6543
16400 1035
81935 9176
98355 23
16390 12616
16444 75
81925 13476
81925 18
16388 13931
81935 21
16410 8206
65579 5324
16410 8143
65579 5541
65579 5544
16410 8418
128684 1129
63128 563
46747 260
63104 342
63141 495
46739 600
13952 643
112257 690
30319 705
112257 699
128672 765
79534 811
13994 822
79521 847
63087 921
95912 1144
30364 1189
46748 1193
46759 1174
46739 1
128655 1233
30364 1
63105 721
30364 1
46725 706
79491 674
79491 418
63152 155
30368 260
46701 432
13997 467
63142 501
112289 526
95898 530
95898 571
30368 3
13989 771
30378 840
63126 885
112289 1
46745 909
13954 956
13935 974
128685 860
46745 50
46751 1234
63132 1254
63142 2
63118 1294
30345 1320
128641 779
63081 523
30316 1404
30378 4
30378 1
128616 1420
77 1599
128616 6
30316 18
13999 47
128685 80
46751 453
63107 264
128641 1
19 10125
114760 2894
112300 617
128660 780
46730 826
112232 901
95905 983
13996 1020
128677 1081
95905 1102
128660 1123
95905 227
49230 1293
63138 1474
128670 1490
16418 1528
112276 1531
63138 1
79508 1541
13966 1567
46733 1581
13959 996
112271 996
52 2885
13996 28
112300 44
128670 989
81946 6332
79524 932
49169 7452
112232 18
16418 5402
13959 23
49169 8048
112271 1
13959 6
13966 10
46733 21
63083 1868
32836 2844
128660 41
16418 44
79508 47
16452 2902
79524 2
128677 1
63138 13
128670 1
95905 17
95885 1906
81946 8694
112300 19
13996 22
49230 1890
49169 10347
63123 479
32815 6227
112297 1833
81964 2900
81964 2911
81964 2931
81964 2962
16440 3000
16440 3014
16440 3016
16440 3021
16440 3030
16440 3034
16440 3040
16440 3047
16440 3056
16440 3062
16440 3069
16440 3075
16440 3082
16440 3096
16440 3107
16440 3098
16440 3089
16440 3079
16440 3062
16440 3063
16440 3061
16440 3062
16440 3049
95890 1185
65540 14987
114761 3408
98304 17390
95888 1352
49215 2913
49215 2938
49215 2945
49215 2946
98360 3138
81962 3979
81962 4018
81962 4056
81962 4377
81962 4377
98360 3307
81954 5410
98360 3372
98360 3356
98360 3353
98360 3354
98360 3357
98360 3359
81950 5856
81950 5900
81950 6087
81950 6157
95888 1181
81950 6201
114717 6319
114717 6426
114717 6446
114717 6486
114717 6299
114738 4254
81950 6532
49215 3389
49215 3391
49215 3387
81950 6597
49215 3388
49215 3389
81954 6225
81954 6362
81929 11684
81936 10181
81936 1
128621 2766
81962 6858
65556 11179
46703 2118
46703 469
30344 48
46760 1550
30366 2046
112266 2108
13984 2421
46760 944
46760 947
13984 445
30344 2605
79490 2654
13984 11
30366 1463
79490 1338
46760 895
16455 4120
46760 62
95924 896
128619 382
13953 1066
128688 1170
30367 1741
63119 1843
46753 1985
30367 1261
13986 2126
46761 2131
128668 1072
13986 1324
128668 2216
13963 2265
128619 2288
63119 1429
30367 1117
30367 1124
63119 2671
63119 1
13986 1103
46761 541
128668 665
128688 726
128688 379
79471 3015
79471 1846
112236 477
30386 691
46741 828
14000 1168
13995 1563
112303 1575
30383 1577
63145 1649
112303 1189
112282 1808
95914 1248
112258 1952
13932 1982
63145 9
13980 1064
112299 2137
112303 1
13987 1318
63145 5
95914 2173
95914 2
13982 2287
112293 2302
128676 2317
128654 169
95917 2348
13987 2386
128654 2438
13957 2458
128642 2486
112293 356
112236 2539
128676 1565
95913 2759
128654 3
13980 2814
95901 2855
128667 2875
128663 2892
13967 2910
46741 2928
128675 1402
13932 804
63113 3027
63145 5
112282 925
13982 1778
112258 2507
128675 492
112236 838
128640 3127
95917 5
95901 993
112303 1
13995 1052
112303 5
63113 345
95873 3251
13995 726
128640 3296
13995 1
112299 2500
95913 1937
95913 755
30383 1955
95901 547
128663 2091
13932 1
14000 335
32843 4241
112258 1404
13957 1
128642 1970
63112 83
46722 655
128643 1086
112234 1123
79529 1204
95906 1233
46738 1439
128643 1497
95851 1535
30382 1579
79537 1190
128665 1813
79529 1051
128665 1306
112292 2211
95878 72
95906 2429
128643 105
63122 2534
46738 2542
112270 2559
79537 311
128650 2608
112270 354
112292 1740
46738 389
128674 2985
79519 3027
112270 214
95894 3113
30350 3160
79502 3177
46738 8
112270 12
30350 14
95878 3198
112262 3227
13973 3224
63112 3320
46738 1
30350 9
95906 2005
46738 3
95894 2072
95906 783
79537 282
128665 1040
63122 1043
46722 3544
79502 8
112270 10
30382 1016
95895 2857
128665 9
128643 317
14002 1087
95894 1
112234 3723
128674 1795
13973 1875
79529 1124
112262 1022
79519 2724
112292 917
46722 2279
112234 2291
95851 1735
112304 216
112304 906
112294 1236
112298 1640
112298 1351
112298 174
95909 2471
112274 2639
95919 1695
112274 2086
112294 2055
81989 3954
81989 4017
95909 1359
95919 1362
112298 444
95909 457
95919 454
128622 3621
112274 7
98342 6217
112274 30
65567 7103
112294 12
65567 7123
112294 1
65567 7133
65567 7150
65567 7161
65567 7166
65567 7176
98342 3106
81948 8016
112304 646
128673 3203
81989 4674
65567 7902
65567 7903
65567 7881
81989 4742
128622 709
81989 5017
81989 4992
81989 4977
81989 4989
49165 12585
112274 26
81989 5175
81989 5494
32768 19293
128656 3543
112265 3669
112265 1719
81979 4982
114753 5041
112265 23
128656 1270
16429 4698
30390 63
128661 1905
30390 258
30390 393
30390 507
30390 215
128661 3093
14015 197
46724 2290
46734 2459
46734 692
46724 540
14009 474
13983 3622
46743 3671
114757 4297
114757 4321
112308 1758
46734 626
13983 1903
46724 927
46743 1757
112308 1763
112308 1690
114757 5061
46743 22
114757 5089
13983 336
79465 4471
114757 5388
114757 5575
114757 5852
114757 5801
114762 5488
30362 294
46765 1215
46731 1417
30362 1798
46765 193
128645 2367
46731 760
46765 434
46765 598
46765 442
128645 730
46731 573
30362 2382
46731 822
114766 3491
114766 3536
114766 3542
13974 3756
30362 904
46731 122
112261 128
112261 3976
46765 170
128645 778
112309 2140
13974 685
112317 467
112309 1983
81997 4855
46700 4761
112309 1
30362 662
112309 3
114764 5224
46700 632
114766 4685
114766 4753
114766 4691
114766 4679
128692 2679
63147 1226
30339 1064
63086 1494
63086 1542
63147 1116
95920 1120
63147 1223
95886 2172
13978 2462
112306 390
63086 3534
112288 3816
79520 3848
95883 79
95883 4076
14018 8
63130 3963
95883 3
63130 1929
112288 2919
30351 3981
95883 16
63086 2518
63147 2534
79520 887
63130 2
30339 4049
63086 1647
30351 607
13978 1303
112288 3103
63147 1
95920 2842
95920 1
13978 1337
46727 5105
63147 23
30351 254
128691 2943
63086 2
30339 9
95886 3898
112318 718
30339 3
95883 1
95893 3926
49224 6608
14005 213
95879 462
128623 889
95879 1048
95879 1427
95897 255
128623 809
95897 3248
95879 1090
112239 3630
95879 1217
128623 2453
95879 481
79493 4883
95897 1511
14005 1282
112239 3454
95923 3464
79493 1
128623 2621
112239 1986
71 6675
112286 2786
63117 3351
112286 2998
79496 4806
79496 3
112286 2651
63117 606
79552 346
114737 7859
114737 1748
30377 1693
30352 3370
63127 4342
30377 995
30352 536
30352 215
30377 4635
63127 4364
112324 37
46720 5468
112324 153
13929 5668
32837 6569
81993 7005
13993 742
128659 1001
79515 1349
112281 1358
46764 1634
79515 1794
128659 2145
79499 2333
128659 435
13993 470
13993 2605
46764 2633
13993 496
79515 1865
13993 546
79499 3831
79499 1604
14011 1249
128659 1494
112281 3518
98375 5389
13993 2242
112281 2031
46764 3190
13993 372
14011 902
128659 2126
14011 1898
14011 1911
79515 1878
46764 2264
128706 669
30403 902
65609 7300
112281 1
30403 43
49227 6974
14011 14
79515 41
128706 53
112281 60
98376 7596
128706 13
46764 38
128659 54
79499 2832
95927 59
114767 1156
79511 1012
128681 71
128681 1472
128681 451
128669 2530
95911 2774
128679 2775
128666 2038
128666 2946
112327 198
95911 2003
95911 3313
16462 4559
112284 4916
63136 4979
128681 2356
128681 1700
128679 4351
95911 2659
128669 4533
46792 383
46792 1
79511 3820
128681 8
63136 3360
128666 3608
112327 448
79511 3737
63136 2296
128679 878
128669 2328
95911 1407
79511 2027
128666 2713
112284 1987
16462 6433
16462 6371
128698 2778
128698 2
128666 6
79511 1073
16462 6388
63178 408
114767 2396
95927 3691
79548 336
128695 348
128695 804
79548 1986
79548 82
79548 93
79538 3892
128695 2172
46776 281
46776 392
46776 682
46776 2505
76 7126
95875 1502
13969 173
95875 4148
46785 740
13969 5379
95889 5579
95889 2519
95889 1627
95889 1323
13969 2644
95875 3266
95875 804
46785 265
46736 2011
46736 2160
63120 2161
79517 2948
13930 4560
128717 326
13930 1007
79517 2708
63120 3002
46736 3022
46736 3537
13930 4145
63120 2430
63120 3111
128717 461
79517 2796
46736 466
13930 3544
79517 3202
128678 5594
128678 2536
13930 436
63171 1269
128717 1
63185 140
112285 1687
79 2440
112285 1518
63164 189
79514 628
95930 1451
95930 91
95852 4387
112337 87
95946 282
79505 2684
63164 1452
95930 2615
95852 118
30416 225
79505 5809
79514 4592
112285 2957
95852 3961
79514 888
95946 579
79514 4295
30416 262
95852 649
95930 2268
79505 2056
95946 691
95930 1816
79505 1
112285 3420
30354 6200
30354 30
79567 641
79567 7
112285 400
79514 3166
63164 1665
112285 2823
79 3133
128709 1861
112337 314
13958 858
112259 1498
128671 1704
81999 2439
13981 3181
13981 2060
30360 4117
128671 1804
112283 2452
112283 5562
128671 4296
112283 2767
128671 2741
46798 1090
79573 124
13981 152
13981 4623
13981 12
46798 14
13958 6859
112283 2299
112283 2885
13958 1376
30360 4658
112283 3
13981 1
30360 6445
30360 2962
30360 3644
112256 7310
128671 3348
112256 7596
81999 3384
112259 2456
112259 6407
112259 17
112305 5652
112283 23
30360 31
79573 37
32839 8978
13981 1
79573 37
112305 59
128671 1
128714 1691
46798 1
112256 411
65611 8563
30375 1676
30375 2776
30348 739
30375 4297
30348 6401
128708 385
128708 1908
30348 3852
30375 940
30375 3320
128708 898
30348 1805
95921 1176
46782 352
46782 665
46782 1178
112340 370
46782 1799
46782 15
46782 1046
112340 29
95921 5986
95921 337
63150 1578
63150 489
63150 1436
63150 912
63150 420
98377 9309
65606 692
63135 1740
112277 2028
63135 1725
63135 1690
65606 1183
63135 3757
13975 5484
13975 285
65606 6983
13975 180
65606 4889
63135 5095
13975 5242
112277 5332
13975 854
30415 1442
30415 1209
65606 5502
63135 967
30415 1
112277 665
49222 9750
13971 2144
63111 792
63111 2537
79550 274
95941 450
95876 3878
46742 4345
95876 2178
63149 5070
30341 403
63148 5209
46742 6001
13971 3291
63111 3358
95876 2743
30341 671
95941 2354
79550 3436
63149 4378
63148 4396
63149 4466
95941 1739
46771 5489
95941 1453
13971 4210
14039 419
14039 1078
30341 7974
79550 2009
63111 2466
63149 2475
95941 2095
63149 1142
46771 5951
46771 3624
30341 3609
63148 4968
13971 2219
46771 2736
95941 1752
46742 7553
14039 17
95876 3701
14001 1571
79507 2146
128646 2359
46749 1808
95916 2632
95929 747
95903 1970
63109 1008
46799 215
128719 223
95929 2233
95903 5406
95903 4087
46749 5637
95903 825
95899 5711
128719 523
95903 2816
112267 6312
112272 6433
46799 953
95899 3331
95903 2963
112351 773
95903 1276
95903 2062
95916 5757
112351 779
128727 1406
128646 273
95899 4174
95975 388
63109 8377
95975 30
112351 446
79507 6104
14001 6451
95975 27
95916 5010
79507 1955
95899 1
95899 1
128719 2213
128719 12
46799 1392
79596 3
95975 1
14001 6486
112272 6157
95975 13
128727 1742
46799 2328
128646 7425
79596 1
95929 3705
95929 4271
63109 4025
128719 2
112272 4535
95916 2090
128646 4059
95903 1148
95929 1703
14001 1706
79572 2122
95899 15
112351 21
46749 7319
128719 7
95929 14
63109 1
63109 1
112267 6162
98380 9931
95931 676
95983 153
112332 575
112273 6632
112349 663
112339 1289
95983 8
112273 3185
112350 889
112273 2961
112273 4603
112273 3687
112349 356
112349 1486
112350 1253
95931 1323
95931 5689
112349 26
95983 34
112332 2960
112332 3107
112339 2399
112332 2674
112273 3155
112339 2388
95931 294
112291 3007
14063 239
46755 5102
14063 2
14046 798
46755 6370
112291 8751
112291 4103
46755 4636
14063 91
46755 2788
14046 1559
30373 9613
95850 911
95850 1119
95850 1020
112301 2622
112301 1407
112301 50
112301 3188
112301 3706
95986 200
95850 1982
112301 4817
95850 6685
13934 2438
13934 2968
95977 316
95977 384
95977 289
112363 277
30451 35
112268 7401
95956 1661
112363 376
63124 8845
112363 28
112363 1
95956 2424
95956 754
30374 9044
112363 14
13934 6614
95956 15
112268 8253
63124 306
30374 8239
95977 854
112287 9209
112363 3
30448 833
30451 626
112268 5552
30374 5932
30451 2
46774 7744
65613 10591
30430 124
112344 770
63204 124
63204 316
16453 8555
16453 8802
63204 1385
63204 1421
30419 3205
30430 2602
79527 5959
30445 1238
30419 3349
16453 11580
30430 1310
63204 1984
112344 3161
79527 10715
112344 13
30445 1377
49225 12150
30419 32
112344 35
30445 43
112402 57
95948 4338
30430 28
30419 37
30445 1
63204 48
95948 4708
63209 514
63209 723
63209 1372
63209 1448
63209 1469
14048 2382
63209 1523
14048 1533
14048 1553
63209 1583
79579 3034
46854 415
30467 304
95907 754
95907 9892
95907 5937
13931 10914
46809 1235
46809 1832
46809 3206
46809 1769
128775 38
79618 96
14079 510
95891 2142
95891 436
30365 590
30365 331
30365 1265
95891 3157
30365 8799
112361 1764
95891 6643
95891 3726
112361 1893
30458 1154
30458 12
30365 1439
30365 7106
30458 6
112361 1665
95891 2004
30371 1236
30371 5681
128757 569
128757 883
128757 1125
30371 6131
30371 10342
128757 1600
30371 5904
14077 1106
95952 4858
95952 2197
95974 2875
112383 891
112383 830
79608 1443
112383 880
79608 1334
63177 6631
46746 4116
46746 3847
46746 8016
46746 5788
96019 58
79564 6268
46767 1211
46766 1580
112343 791
46766 448
112343 1734
46766 8446
112343 3856
112343 4095
46766 8879
46767 9165
14116 33
46766 6841
46767 4351
30454 2050
95872 2399
79509 3184
14075 512
14075 852
128754 1309
14075 932
63211 2672
14075 1919
128754 2351
14075 663
95872 6606
95872 10131
128754 2278
63211 2854
79509 11142
95872 2890
112409 545
79547 375
79547 473
46784 3663
46784 3627
46784 2067
69 10180
112302 9652
95880 10316
95880 4323
95880 4063
46784 4549
112302 7951
128693 9441
46784 2703
46784 6904
79547 6924
95880 3761
69 13261
32845 12739
79547 8521
32845 7
69 13564
95880 4009
128693 8296
69 14165
79547 2407
79547 6249
128781 1301
128781 1329
128781 508
128785 429
30389 1383
112313 1474
112313 4392
30389 9031
112313 8275
112313 8362
112313 7634
30389 10019
112313 8114
65612 13368
112313 49
30389 5449
63249 215
63249 529
95884 632
79531 6980
79531 2538
95884 4653
95884 9930
95884 6143
79531 9045
79575 4791
79531 10032
79488 12968
79488 2872
79531 453
79575 5653
95884 8213
14084 410
63151 12054
63151 8436
63151 8439
14084 2592
30529 121
30497 1190
30529 1
30497 1167
14117 42
63230 3060
112444 203
95954 2459
63179 3655
79574 4937
13933 8033
79574 5745
30456 3220
63179 6990
79574 4180
13933 13620
30456 12
79574 3928
63179 2120
95954 6335
95954 760
13933 7214
79642 2091
79642 1412
112419 100
95918 1573
95981 3002
95918 10205
95981 4231
95918 10577
95981 3509
95918 2575
96032 685
96032 1589
96032 1213
30355 2160
46891 162
30355 1664
63133 4632
63133 3864
46806 2436
46806 3792
46806 3473
46806 3678
30355 5420
46806 4140
46806 4851
46806 4926
46806 4694
30355 8635
30355 8483
30355 8658
46806 4207
63133 10374
14044 5670
46891 20
46806 4633
46806 3019
63133 6733
46806 3403
30355 7639
14044 6283
30355 3345
96052 428
128798 1144
128798 1524
30469 3415
112404 251
112404 634
112404 1735
112404 1984
112404 2180
128799 920
46869 1684
46869 2583
46869 2007
128799 1386
46869 1612
128799 1074
30518 204
128828 481
30518 202
30518 1
30518 1
128828 619
46756 4025
14051 2937
46756 8284
46756 5147
46756 4985
95989 3941
14051 4867
14051 5060
46756 7953
46756 7365
14051 4898
46913 900
46756 6674
98381 14521
14051 20
46756 6267
98381 6647
95989 4720
46913 5
79592 5835
14124 1513
112407 1653
112407 1724
112407 2279
63241 2345
63241 2371
96009 2646
112407 2089
96005 3165
112407 1525
96005 3378
14124 1798
14124 2
63241 2731
63241 2461
96005 2059
96009 4053
96005 3366
96009 3206
79632 1411
79632 2510
79632 2589
79632 2285
96066 1
79632 2242
14135 1634
13968 2998
46723 6818
46859 2833
112312 3472
30466 3417
112312 6303
46859 2774
13968 8908
79595 4971
79595 4930
79595 4730
30466 3684
13968 10789
79595 5499
79595 4982
46723 11081
46859 3400
112312 10600
95854 10575
79595 5665
112312 10493
30466 3782
30466 4491
46859 1425
79595 5247
13968 8605
95854 15151
30466 2977
79595 4301
112312 10482
95854 8053
46723 10262
95854 3719
46723 9393
46723 3291
96061 325
79657 1416
96061 28
96060 1387
14156 1124
30462 1309
30462 2313
30462 4140
30462 4671
30462 2027
96003 1368
96003 3536
128724 3953
128724 4085
128724 4051
96003 3724
14030 6809
14030 4095
14030 5965
128724 5240
14030 7407
14030 7770
128724 6374
14030 7670
128724 7959
14030 5444
96003 4071
128724 5259
14030 4890
46935 8
14160 213
14160 768
14105 1465
14105 1477
14160 407
14105 1509
14105 1126
46898 1899
128639 1002
128639 1377
128639 1131
96058 1088
30545 1295
96058 837
96058 374
46890 2494
30534 833
30534 419
95990 5942
112500 177
79688 850
79688 874
112500 281
79688 609
112449 1062
112449 1192
112449 1676
63260 3678
112449 1313
112449 1021
63260 585
112449 586
128816 3574
128816 3137
128816 4209
128816 2253
79510 15799
128834 1107
128834 283
128796 3344
128834 471
79673 386
128796 2397
79540 4856
128652 12513
128652 10263
79540 8758
79540 12666
79540 9289
128652 11423
112438 309
63315 1245
128838 1127
128838 677
79695 94
63315 1325
128838 639
112438 977
79690 1214
79690 1276
63313 1
79690 1408
79690 917
79690 961
95950 5650
95950 10544
112307 228
79619 2174
79619 4240
79619 4323
112365 4935
112365 5054
112365 5018
79610 4219
112365 5010
79610 5442
79610 5581
112307 11801
79610 5955
112365 5237
79610 6069
112365 2728
79619 4149
79610 310
112365 6969
79610 6210
79619 2231
112307 12830
112307 9658
30593 281
79679 1995
46930 998
46930 1458
46930 1558
46930 1558
112488 151
112488 2
46930 1298
79706 1749
79706 1
79706 1
79706 1
46930 65
79700 350
30520 1233
96062 1551
79700 349
30520 1849
96062 1519
96062 1270
63080 1502
63080 1649
63080 1822
63080 1953
46817 119
63080 4802
46817 5467
46817 6948
46817 7042
63080 12967
46817 8066
63080 9056
79481 3491
96099 1111
30568 123
30488 5194
112508 162
30522 550
112462 570
46877 4620
112462 798
112462 468
46877 4996
30522 868
46877 2630
30506 3737
128843 1332
128843 1357
128843 462
63267 3657
46915 471
14142 2647
14142 2023
14142 2577
79646 2990
79646 3846
79646 3922
96023 4050
79585 5240
79646 3505
79585 6372
79585 4958
96023 5153
96023 4374
79646 4310
79585 7409
79585 7468
79585 5805
79585 8022
79646 3986
79646 2654
79646 3576
79585 4517
79585 3097
96023 4546
30557 1941
112353 6090
112353 8469
30557 1414
30557 2766
30570 155
30570 121
46952 103
46933 2102
46933 813
14192 1719
128738 5907
128738 8117
128738 8257
128738 5109
128738 8653
128738 4759
14036 10529
112427 3540
46880 4799
46880 7
112427 2293
63326 308
79711 517
30530 1053
30530 637
63326 282
30500 3517
96072 1878
63318 184
79711 532
79711 481
14212 410
30500 3459
30500 3343
96072 851
96072 599
63318 402
96072 1693
79711 386
30548 1107
30500 3555
96072 1
14212 1
30530 227
30541 821
30541 2418
30541 3701
30541 2432
30541 2247
128861 362
63294 2106
30560 655
30560 1031
128857 941
30585 1493
63214 6989
81995 18702
63214 6145
63214 8552
30372 5090
30372 11297
30372 9421
30372 13354
14128 3631
14128 4648
112469 995
63317 1573
63317 359
63317 2403
63317 3
112469 589
14047 7809
14047 8423
14047 8838
14047 8127
14047 7946
46697 17870
46697 14593
14047 7173
14047 7869
46697 11703
81991 14805
81991 15122
81991 15214
14147 3330
46921 3650
46921 2519
14147 2958
30575 332
14147 626
112433 4637
112433 4223
112433 3887
112433 3913
112433 4178
128851 529
128851 2240
14167 631
14167 527
96086 1490
14158 1760
96086 1578
14167 612
14167 202
96086 493
114763 19173
96115 1234
63325 1775
63325 1614
63301 3323
63301 3430
128817 3442
63301 3531
63301 3155
63301 3060
96115 1942
63325 2226
128817 4164
63301 3223
63303 547
63303 2021
63303 1665
63303 916
79660 5938
63346 393
79687 1966
79687 2927
14196 2465
63360 1250
96107 2713
96107 1
63360 1417
46966 543
46940 1390
63327 1469
63327 1012
79721 365
46940 2104
30567 1175
79600 6672
79600 6802
79600 7792
79600 8250
79600 8807
79600 8447
79590 10177
79717 1130
79717 1222
79717 1536
79689 3014
79622 4431
79622 6236
79622 4378
79622 7161
79622 7345
128850 1678
128850 2418
14204 1670
79692 2381
14204 1965
14204 918
128850 3174
14204 1572
128850 855
79692 2989
46876 7520
63101 4598
63101 3979
128866 2536
128866 13
63334 1686
128904 464
96076 1417
30562 1693
30562 1720
30562 1127
30562 1096
128896 810
128896 1884
30562 835
63275 4475
63275 5540
63275 3913
98378 20383
128855 2206
79710 2371
79710 639
79710 893
128855 2811
128855 1602
63330 3455
128855 9
30546 2590
112491 213
79693 2726
79693 3257
112491 178
112466 2338
46960 1669
112491 1
128865 2425
112466 2127
79693 2670
128829 1300
79523 8781
30398 6216
79523 7101
128829 3059
128829 3959
128829 2654
128829 1287
79523 16218
128829 14
79523 12398
79523 12567
30398 14775
128829 29
79523 10975
128894 190
112495 422
30574 543
112495 610
30574 501
112251 4132
112251 3126
112248 6752
112248 1630
112248 743
112251 1078
30574 398
79732 414
112504 1513
14123 4558
14123 4628
14123 5810
14123 4869
14123 1447
14123 5409
14123 4861
46717 4370
46717 2068
46928 3058
79715 625
46717 5485
46928 3158
96081 5732
128858 3849
128858 3875
79626 9102
30543 2153
30543 2205
30543 1754
30543 2333
63329 1109
30514 3510
30554 2925
30554 2710
63329 215
30514 902
30514 4223
30543 454
30554 2590
79727 1299
96045 438
96045 5191
96045 5897
96045 6414
79675 2377
79675 4790
79675 5703
79675 4707
79675 4476
128856 930
128856 3014
128856 3404
128868 360
112459 2175
112459 2307
79680 3547
79680 4653
79680 4670
79680 4786
79680 1042
30519 2324
30519 4123
30519 4485
14153 256
14153 948
14153 2242
14153 1419
14153 2913
79723 264
96106 2081
96106 16
79723 137
63353 1308
63353 261
112524 778
79666 3632
79666 5036
79666 5339
79666 5228
79666 5544
79666 2485
79666 5613
79666 2294
95849 20368
96118 1564
63341 1858
96118 2480
63341 2623
14169 2149
79487 3740
79487 5176
112528 655
96090 1237
96090 1271
96090 1165
96090 2336
46924 3827
96090 2109
46924 4174
46924 906
96090 1561
128852 757
128852 1661
128852 2698
128647 8003
79702 5281
128647 18135
79702 5508
112520 233
112520 561
112520 940
112520 604
112520 815
112487 1790
46944 2435
46944 3158
112487 2046
46944 3547
63319 2992
63319 3441
63319 3519
63319 1964
128883 1065
63319 1783
63302 4513
96093 3663
79749 238
79749 90
46990 798
46990 690
79744 1674
46932 3550
79749 44
46932 4020
46990 1154
46932 4221
79744 2633
79744 2384
96117 762
112501 1375
128875 1462
128875 1742
128875 1777
128875 2194
30563 1852
112417 5202
112417 8749
112417 2883
14203 56
46962 500
46962 576
95864 2683
96112 690
128885 2166
95864 5784
96112 583
46962 773
46962 1103
14203 783
96108 2268
14171 1594
14171 2412
30582 1463
30582 1747
128863 358
128877 1746
128863 2400
128877 899
46929 3765
46929 3804
46929 3936
46929 3436
128877 2385
128877 1671
128877 1339
46929 4454
128877 808
128863 841
128863 3568
63308 533
63361 1762
63361 1612
63308 1241
63361 1639
46999 300
46999 765
46999 231
46999 383
30584 1895
46999 333
46999 154
128895 1004
128895 1398
46999 86
30584 2133
30584 2361
46999 102
30584 2899
30584 486
63339 1943
46972 358
79768 797
63369 1567
79741 1553
79741 1517
63369 1424
63384 181
112486 113
14178 1844
14178 2168
112485 2214
14178 1856
112485 2715
112485 1192
112486 135
112485 2546
112485 2168
14178 2489
63384 497
112485 1443
112486 99
128888 4425
96130 2356
14178 2499
30572 637
63354 994
128902 895
30558 1839
30558 2261
128902 198
30572 2018
30572 1518
63354 274
30572 97
30558 2438
30558 2421
112477 1212
30596 683
112477 4149
112477 3928
112477 3793
63129 6432
63129 14239
63129 18033
63129 16500
63129 3351
96101 1388
96101 1408
79757 343
112515 1055
95867 6227
112515 514
30590 127
30590 2005
95867 2294
30590 2028
30589 906
96101 2107
112515 1
95867 7280
128882 2829
30590 6
96126 2718
79757 620
128882 3218
95867 6198
95867 2375
30556 2895
30556 3153
30556 4047
96096 4022
30579 513
112514 614
30579 625
47006 318
30579 1126
30579 524
96068 4197
63363 1460
96068 2835
46964 1679
96068 2494
96068 4102
63362 2056
112514 419
96138 2537
96138 9
63363 692
30579 545
47006 387
30333 5224
30333 7673
46961 1562
30333 7471
30333 6293
96125 1289
128903 1509
63365 270
63365 658
46983 3208
63365 11
46983 1795
79682 5754
79682 6801
128836 6061
79682 7234
128836 3290
79682 6315
128836 8016
128836 3921
79682 4925
46977 194
63239 11061
63335 1284
63335 4024
96132 1098
112511 2451
128874 463
128874 4247
112454 4180
112454 4525
112454 4872
112454 5411
112454 4712
112454 3812
128830 2231
128830 7390
128906 2213
47014 635
13945 6369
128906 1739
47014 356
13945 4339
13945 1801
128906 272
128906 2495
112513 603
30587 1119
96139 461
96139 549
96139 441
96139 533
96139 370
14194 546
46989 577
79699 1485
14194 418
96139 720
79699 3611
14194 1306
96139 742
14194 855
96139 587
79699 133
46989 1356
79699 4373
79699 4808
14194 657
46989 1368
112517 1375
30555 1472
13949 3636
13949 3799
30555 2348
30555 2762
13949 6695
13949 892
30555 2783
79756 420
128893 1593
128887 3369
30594 1708
112541 105
63098 5232
63098 5372
30332 6995
30332 5726
30332 5195
30594 1558
30332 3059
112541 73
63098 7074
128634 7989
79739 22
79739 640
96143 13
46714 2130
46965 1834
79739 76
46714 2645
46965 1322
46714 6869
46714 6007
46714 2772
46965 3891
46965 2
79739 82
46998 485
63357 458
63357 465
63357 1204
46998 1237
96121 2128
63357 246
96121 624
46998 901
96121 207
63349 5021
46905 9838
46905 7695
14170 905
14170 5486
30490 8277
30490 8507
30490 9036
30490 8247
30490 5700
30490 7713
30490 5380
14206 298
14206 820
14206 1803
14185 1114
46980 817
14185 1843
128876 1174
79750 793
14185 2161
14185 2128
79750 1823
14185 1484
128876 1015
79735 1616
63310 4579
46975 3364
79735 2192
63310 4782
63310 5998
46975 3204
63310 5506
63310 5248
79735 2458
112516 4025
30542 4403
63389 1125
63389 376
63389 713
112490 4259
30542 3475
112490 1123
30542 4890
30607 172
30542 252
112503 1793
112503 2145
112249 1589
112249 1359
95871 7870
95871 3484
112249 6192
95871 120
95871 8693
112503 3180
112249 1118
30571 3975
46955 244
46955 160
46955 534
14221 2937
63368 5130
63333 4925
63333 6703
63333 6247
63333 5326
79731 2689
96128 1573
63316 1554
63316 2536
63316 1960
63316 1755
128881 2439
128881 1644
128930 844
128930 855
128930 300
46970 2787
128930 16
46970 2725
112521 1377
79729 2033
128914 1876
13944 4001
128914 2635
79729 50
112255 5442
112255 6093
112255 6230
79729 3929
13948 8799
13944 9019
95870 7551
95870 7915
13944 7710
13944 5227
128914 2320
96148 249
112255 5339
13948 5983
112253 7211
128873 918
128936 411
30330 2918
30330 5185
128936 92
30330 5516
30330 3919
30328 8893
128936 13
30328 1970
30330 2720
30328 499
96127 1676
128936 8
128873 2935
96127 63
128900 1508
112538 827
46844 10366
112538 557
46844 11197
46844 12118
46844 12088
46844 12690
46844 12953
14208 743
14208 4302
14208 3299
14208 1351
79746 752
46981 1481
112509 2208
46981 2900
112509 2724
96124 2811
46981 2629
46981 2568
46981 105
46984 1805
79746 2473
96124 5
112509 1672
112502 1119
112502 1939
96116 983
96116 1989
96116 1517
96116 1938
96116 1581
96116 1937
96116 2444
96116 1891
112403 7782
112403 9769
112403 9561
112403 10263
112403 11187
79764 446
128901 1232
79764 711
128901 2084
128901 1886
128901 1858
79760 1210
79760 3055
79760 2167
30583 137
30583 2263
30583 2000
30583 1371
63099 6378
63099 9897
63099 5446
14214 3045
46978 1442
14219 290
46978 1885
46978 715
63096 8404
14219 1816
46978 2141
63096 6879
14219 1825
63096 4816
96087 2712
96087 3549
96087 4379
96087 5004
14201 604
112529 1061
95869 7754
95869 7865
14201 2056
95869 8045
95869 357
112537 1030
14201 2294
95869 7890
112529 1858
14205 981
14205 1843
14205 4284
14205 4022
14205 893
14224 70
14224 1506
14224 2251
63343 3393
47015 293
14224 1000
47015 428
112252 6471
112252 9009
112252 7252
63343 2190
112252 2914
63343 1835
14224 1768
112252 2022
96171 2024
96095 581
96095 1290
96095 6084
96095 1999
128918 190
128918 1469
30581 1271
30581 2066
30581 2922
30581 3864
30581 2578
96109 2091
96109 2064
96109 2942
96109 2901
96109 2635
96109 2200
96109 2631
96109 2065
46942 7888
30606 720
30606 2536
30606 2861
30606 940
128928 1050
128928 2913
14232 397
112499 1817
63347 1844
128637 2362
13950 6864
30334 7992
30334 9052
30334 8456
30334 5503
63347 1952
128637 9622
128919 1435
30334 5503
13950 6828
63347 4973
128637 8988
112499 4605
47009 2035
14232 2182
112505 1725
112505 4642
79753 610
47017 32
46963 1478
30329 7469
95866 7549
30329 8704
95866 3065
46963 1332
14227 1642
46713 10616
95866 9329
95866 8046
79753 1118
63103 8041
95868 8385
95866 4650
95868 1559
30618 1000
95868 8568
95866 5804
30329 9527
46713 7403
47017 1552
63103 596
30600 3516
63103 7
79753 12
96147 4409
79738 3706
46963 1856
63356 365
63102 4467
63102 9086
46719 10805
63356 672
79767 2638
112523 2360
96134 792
63324 1392
96111 2731
14211 1876
96134 1927
63324 3171
96134 2763
14211 4057
96134 5648
96111 4735
63324 3784
63358 6753
14207 2073
14207 1721
14207 3265
112549 2530
30610 798
30610 1155
30610 1747
30610 1851
30610 1269
46718 7305
46718 7448
30610 1082
30610 1323
46718 6537
46718 6570
14187 1305
14187 1728
14187 2822
14187 4474
14187 3442
14187 4713
14187 5288
14187 2370
96149 590
96149 163
13947 1304
79480 2458
96149 1976
96149 2685
96149 1005
79480 4805
79480 9779
79480 7569
30614 2648
13947 9318
13947 5486
13947 3507
30614 1788
79480 5586
14235 1591
14235 1771
128917 756
79762 929
79762 1826
79485 6245
63393 2120
79762 1144
30335 8017
79755 2406
30335 8683
79755 2474
79762 2694
79485 8972
96140 2675
112250 10728
79745 3729
79755 2539
30335 683
30335 9295
30335 570
112250 7265
128917 1989
79755 2052
112519 2496
96140 3229
79745 4934
112250 2
128917 4
79485 7036
63097 371
63097 9752
63097 7999
79484 11953
79791 1595
46822 13592
46822 13968
46822 13897
46822 15211
46822 15855
46822 15262
30608 1524
30608 1920
30608 2047
30608 2043
30608 2170
30608 658
79761 563
79740 2599
79740 3729
96136 1593
96136 2989
96136 3288
14210 1279
14210 1366
14210 1396
14210 2952
14210 2553
63370 2779
47001 1714
47001 2756
47001 418
47001 2333
47001 2219
47001 292
63370 5440
30602 607
14234 1125
79743 1646
79752 2351
79752 2707
14234 1782
14234 2158
30602 3763
79752 5688
14234 2094
14234 1457
79743 5788
30602 4638
79743 4818
14244 715
14244 1812
79486 3409
79486 8646
79486 9729
79486 10258
79486 2754
14244 1804
79486 7829
14244 2057
79737 108
79737 709
79737 1930
79737 2560
79737 4938
79737 4575
79737 5445
14216 1283
14217 669
128920 1875
14217 960
14217 1075
79482 8525
128920 4415
14216 2544
79473 10116
14216 4786
79473 11655
46971 2966
14217 1783
79473 12005
128920 1528
79473 10209
79482 10256
128633 11929
79482 4823
14216 2700
79473 7270
128633 11925
46712 149
112565 298
30331 4770
79483 7431
46712 8320
46712 8061
95865 11203
46712 4182
46712 6055
63373 4534
46712 5380
95865 12917
63373 4687
95859 15005
63373 4281
30331 8221
112565 1108
95865 5
79483 9724
112557 2148
112557 2159
63338 934
63338 4824
63338 3360
63338 1024
63338 8112
63338 1463
63400 1143
63400 2507
63400 2571
63400 2363
63400 1840
63400 2667
46985 4429
79747 1425
79747 1385
46968 2701
46968 3734
46968 2325
79747 3055
46968 2715
79747 3255
79747 1
13946 11366
13946 4793
46988 1597
46988 2081
46988 2293
30623 420
63367 561
63367 854
63367 1185
30623 1100
30623 667
63364 490
13951 7850
30623 249
63364 1462
13951 9116
63367 2203
13951 8034
63386 1962
30623 2290
63364 1204
63386 2655
13951 10507
63386 585
63367 2473
13951 8737
128632 4540
13951 3377
13951 7137
128632 12580
13951 1884
112548 692
128909 2401
112548 2056
112548 1867
112548 51
128909 4259
30605 496
79789 779
63374 2054
79789 1195
30605 1477
79789 1729
128638 10981
128638 9166
128638 12147
79789 1218
128638 8621
30605 1571
63374 4220
30595 5107
128635 429
128635 209
63359 818
128635 1016
63359 1001
128941 900
128941 972
128635 8376
128635 4840
128635 6868
128635 11277
128941 627
128941 766
63359 2691
30322 15296
128910 5197
14218 886
14218 4237
14218 1178
14218 3140
46954 2206
46954 2898
46954 3311
46954 3826
46954 4592
46954 6731
112533 2217
112533 4913
79733 210
79733 4583
79733 7184
46986 66
112518 123
46986 385
46986 889
46986 611
46986 783
112518 3385
112518 3918
128897 2805
46986 1276
14248 2574
112518 280
112478 2289
112478 6101
112478 4256
112478 2954
112478 1011
14229 2720
128933 2681
14229 6203
14193 2963
14193 3601
14193 5034
14193 4885
14193 4885
14240 595
63379 267
63432 2063
63379 4908
63432 4050
63379 4053
46716 11133
63432 2381
46716 3097
14240 3217
96120 5576
14202 4615
14202 5470
96120 5759
63332 4565
47012 2335
96120 4746
46715 3683
46715 4290
46715 10106
79766 2413
46715 7111
95863 13987
46715 4110
95863 11006
47020 1971
79766 1998
128899 1836
128899 2223
128899 4407
128899 4607
128899 5575
128899 4162
128899 2730
112545 15
128915 2067
112545 3504
128915 3527
112545 3086
112545 3229
128915 3587
112545 2951
128915 933
79781 637
79781 3584
63229 17782
79754 5841
30550 3360
30550 7944
30550 9093
14209 269
14209 819
14209 4029
128889 3190
96153 3618
14209 944
128889 3042
96153 2288
96144 1146
96144 4185
79770 12
79770 749
79770 4044
79770 3743
128802 15651
112510 956
128892 1901
128892 2268
30611 2077
112510 2860
128892 2804
128892 3669
112510 3711
30611 3310
112510 1939
30611 3903
13938 13632
112510 1791
128892 3984
128892 2900
112510 4274
13938 15284
30611 2880
13938 11689
14225 257
128925 2538
79805 2435
14225 2281
14225 1798
128925 3984
14260 4164
79805 1319
14260 2557
79765 2790
79765 2962
79765 4692
79765 3163
79765 3417
79765 2441
79799 116
96179 1975
79799 1321
30622 2488
79799 1512
30622 2940
79799 3234
30622 2414
96179 5053
96129 3939
96129 3866
128927 1624
128927 1546
128927 1885
128927 3730
128927 113
112540 4693
96146 1592
96146 2924
96146 1097
96146 4191
96146 5874
96161 4114
128884 6792
79763 5131
46992 616
46992 1593
128923 2133
46992 2566
63408 3141
112526 1082
112526 3507
128923 3656
63408 4917
128923 2317
46992 3309
63408 5879
112526 4170
112526 4113
46992 1666
63408 5416
63397 4193
96160 5101
96169 3708
63395 551
63395 1370
63366 3821
63366 4759
63395 898
30323 14787
112527 3665
112527 977
112527 3696
30323 16287
63366 5969
30620 1357
30620 5625
79759 5132
79759 5116
79759 6864
79759 1979
14233 203
96177 677
112539 736
96177 1310
96177 1210
112539 72
112554 2931
112554 3466
112554 3505
112539 3709
14233 3267
96177 3299
112554 2594
96177 2996
112554 290
112531 2823
112531 5219
96173 3729
30597 8051
14222 5399
14268 4604
128912 342
128912 9811
47002 1344
47002 1391
47002 2644
47002 2950
47002 2522
14246 3261
47002 2287
96168 2161
96168 4083
96168 4114
96168 1930
96175 3194
96175 2173
96162 3357
128976 571
128636 4048
14226 3422
14226 4289
128626 9858
128976 282
128976 2126
128944 1408
128626 14713
14226 4379
128636 12686
30327 15802
14226 3378
95857 16339
128944 2640
13943 16754
13943 16266
30327 13340
128636 11409
13943 14532
128626 4203
128944 4618
14215 1604
95861 16000
14226 24
95856 17988
128976 20
14215 6272
128976 2
13943 10358
128626 13221
95861 15869
46710 18135
30326 18742
128935 714
128935 3751
128935 2114
128935 4005
128935 1113
112534 4394
30599 5558
30599 5987
30599 6650
30599 5787
30599 4869
79782 2358
79782 4341
63382 478
63382 1491
63382 2110
63382 3684
79773 2441
79773 3092
79773 3324
79773 3972
79773 5012
79773 4667
63448 1308
63448 724
63448 2296
30639 3926
30639 2552
30641 1340
14243 1680
14243 1928
14230 4269
14230 4618
14243 3126
14243 2
47000 5403
96159 4819
14230 21
79474 19177
30641 4147
63089 18419
13940 7341
112243 10352
112243 15540
112243 11867
95858 10398
112243 12977
95858 14914
13940 18032
95858 16456
112243 5409
13940 13452
63095 13606
63095 16480
96151 3848
96151 4514
96151 5840
96151 4000
96151 3392
96151 1220
63372 2643
79772 2500
79772 5536
79772 4845
79772 4863
79772 3592
63372 3953
63372 3590
112546 3702
112546 4822
112546 6080
79776 4220
79776 5720
63375 3040
63351 4036
63351 6162
63375 2102
63375 4365
63351 4268
63375 398
128939 1063
30612 1703
30612 2806
30612 3860
128939 3075
30612 5648
30612 5542
128939 3118
96157 1007
96157 5496
63100 4572
128908 5720
63100 11252
128908 4565
46705 15203
128908 4397
46705 16088
63394 5483
63394 3417
46705 16441
95862 16970
63394 5280
128908 3830
46705 13335
63100 7284
47025 5164
96145 2657
46987 3172
46987 2792
96145 1758
128631 10841
96181 3423
128631 15035
46987 5079
96181 1200
46997 5728
46997 7415
128631 12403
96145 5834
79779 3315
79779 11
128630 17526
79779 14
96181 2944
63390 3678
46987 4003
46997 4792
128630 15471
79807 4430
79807 4959
63402 4223
63402 4504
63402 4930
63378 2066
63378 4676
63378 6046
63378 5669
112254 13287
112254 9439
112254 864
96152 7597
128907 3202
128907 7174
128907 4302
14262 865
14250 1243
79813 2101
14250 1763
14262 1782
14262 3792
14262 834
79813 4755
14262 11
112547 4174
14250 2353
79813 4461
30628 7100
47004 1878
30619 5449
47004 6205
63401 4135
79783 7331
79783 2136
79783 6388
13937 3869
79798 161
46995 2443
14257 3154
46708 6523
13937 10656
14257 3541
14257 3539
13937 14578
79798 1212
46995 5998
46708 17116
46711 17235
79798 2686
46708 16032
96142 4721
96142 4984
46708 3457
30324 18012
46711 8019
13937 7417
96185 3210
96185 5286
128938 4757
96185 4237
128938 3846
96185 4037
128938 3821
128938 3029
112552 1022
112552 2649
112552 2754
112552 1479
112552 1801
112552 2841
112552 4098
112552 5895
112552 3969
30616 3316
30616 3619
30616 3150
30616 5634
30616 5101
30616 4380
63380 4443
63380 3341
63380 3436
63380 2281
14238 6406
128947 4465
14265 3704
128947 4890
128947 5056
63405 4612
63405 4808
112566 4399
14265 3859
63405 1301
112246 19056
112566 3803
63405 4769
112566 3178
30631 6497
112246 9674
79786 4498
30630 1270
30613 1959
30630 1052
79479 1069
30630 1119
30613 3438
30630 2011
30613 3474
79479 4040
13941 15405
30613 5892
30630 1573
13936 13599
112247 17442
30629 4677
46707 17745
112247 15154
63383 5866
13941 15764
112247 13670
30630 1044
46707 15523
13936 20326
79479 19803
30634 5298
30634 12
47028 5608
63383 5118
30629 5071
13936 3018
128891 5857
128891 5659
128891 5038
128891 5947
128891 8800
128891 8880
128891 8694
128891 5262
46994 1621
46994 6824
46994 342
30621 2525
30621 2385
30621 2839
30621 3133
30621 3225
30621 5165
30621 4624
96158 1004
30633 4121
30325 6577
96158 3887
96158 3864
30325 19179
96158 3213
30325 19244
30633 5940
30633 6431
30325 19476
63387 1819
63387 4044
63387 4151
63387 5996
63387 3134
46706 20218
63387 22
47003 3577
47003 525
128943 1759
14270 1811
14270 3813
79815 4832
79477 15767
47008 1717
47008 4083
14270 2944
47008 734
128943 4652
79815 732
79823 4438
79477 19034
79823 4816
128943 4157
112563 4772
96172 1162
96172 4032
96172 4420
96172 4863
79790 4028
79790 4935
