13956 1
63133 1
30346 1
13931 1
46743 1
30368 1
46822 1
112266 1
63136 1
30348 1
13932 1
30550 1
30369 1
46749 1
46697 1
112403 1
112280 1
46727 1
128647 1
79500 1
46744 1
30370 1
30377 1
112299 1
30341 1
30374 1
13933 1
13988 1
46741 1
112314 1
63229 1
95849 1
13973 1
13934 1
65612 1
128644 1
30365 1
46725 1
30462 1
79527 1
63404 0
98304 0
128620 0
13949 0
112416 0
96162 0
63429 0
46850 0
30475 0
30582 0
128881 0
96041 0
63373 0
79794 0
112377 0
79805 0
14019 0
63215 0
63234 0
96119 0
79767 0
63448 0
79707 0
96050 0
14188 0
14260 0
112381 0
14167 0
96141 0
63425 0
30485 0
79743 0
96001 0
14134 0
14156 0
96108 0
112548 0
30445 0
128943 0
96125 0
79742 0
65536 0
79610 0
13946 0
63346 0
63357 0
13950 0
96135 0
79807 0
14138 0
112482 0
46914 0
46999 0
63321 0
128908 0
14131 0
96147 0
128847 0
46951 0
96100 0
128930 0
63402 0
128970 0
14080 0
46957 0
128690 0
14092 0
79683 0
96107 0
128860 0
30553 0
14159 0
128843 0
128804 0
96084 0
63372 0
112436 0
30609 0
63388 0
14151 0
79634 0
14145 0
46856 0
112447 0
30565 0
112511 0
128788 0
63307 0
47014 0
63393 0
79697 0
79648 0
30526 0
112451 0
128901 0
63269 0
14182 0
96032 0
30548 0
30610 0
79799 0
79788 0
14212 0
128944 0
96018 0
30631 0
79782 0
63193 0
79620 0
14148 0
63238 0
30627 0
46896 0
14256 0
30563 0
128811 0
30491 0
14250 0
14068 0
96064 0
79709 0
30601 0
16384 0
46833 0
63241 0
63318 0
30586 0
95993 0
128780 0
128838 0
30522 0
112501 0
79758 0
47049 0
14034 0
79672 0
112494 0
96008 0
79677 0
14270 0
30443 0
30564 0
46997 0
112448 0
63416 0
79466 0
63274 0
128928 0
46853 0
112437 0
79699 0
128879 0
30602 0
46828 0
112469 0
95979 0
46832 0
79636 0
79703 0
112458 0
14205 0
128923 0
14075 0
63260 0
112455 0
112496 0
128721 0
79669 0
128841 0
96076 0
128809 0
112459 0
30590 0
30596 0
96168 0
81920 0
96099 0
46945 0
63371 0
63219 0
14093 0
128867 0
46970 0
63391 0
96054 0
30532 0
30561 0
46966 0
96200 0
112337 0
30449 0
46851 0
14053 0
30496 0
30520 0
63335 0
46953 0
14236 0
112491 0
95985 0
96180 0
96005 0
112497 0
14210 0
128700 0
14067 0
46928 0
30556 0
128621 0
30608 0
63202 0
128882 0
32768 0
79651 0
96058 0
14278 0
32769 0
95853 0
14023 0
30481 0
79705 0
63326 0
96185 0
98305 0
79464 0
95991 0
47000 0
63399 0
46844 0
96067 0
63398 0
14296 0
79569 0
14150 0
79701 0
112546 0
14012 0
79556 0
14146 0
46998 0
30605 0
63272 0
46973 0
30418 0
112391 0
14104 0
128854 0
79773 0
79593 0
63310 0
96104 0
128918 0
96030 0
79712 0
46701 0
95976 0
79654 0
63083 0
95983 0
63354 0
79766 0
16385 0
128842 0
112481 0
30579 0
81921 0
128886 0
96209 0
63242 0
79731 0
63366 0
128897 0
79808 0
128734 0
96010 0
30533 0
79685 0
14228 0
96139 0
128833 0
63352 0
30592 0
46717 0
46797 0
63200 0
30507 0
30612 0
112395 0
14133 0
14219 0
30451 0
63284 0
30658 0
30448 0
30517 0
96144 0
1 0
112402 0
96116 0
128706 0
96033 0
63281 0
63356 0
128939 0
95871 0
79735 0
65537 0
112568 0
96208 0
46780 0
30488 0
46880 0
46924 0
112486 0
112248 0
46837 0
46877 0
79663 0
46944 0
63405 0
46982 0
112527 0
79583 0
46852 0
79730 0
112508 0
14266 0
46918 0
63380 0
95943 0
112520 0
112405 0
30568 0
96111 0
63387 0
112543 0
95939 0
30437 0
96036 0
46932 0
112536 0
49153 0
112471 0
46981 0
79574 0
14184 0
14208 0
14193 0
30644 0
128717 0
14173 0
14199 0
46963 0
30622 0
128757 0
96007 0
128764 0
30613 0
79544 0
30521 0
46899 0
112560 0
79542 0
95997 0
30470 0
112411 0
46986 0
47003 0
30543 0
63329 0
128758 0
14077 0
30529 0
46988 0
63175 0
46866 0
128941 0
63415 0
30412 0
14003 0
95870 0
79725 0
79793 0
128890 0
112517 0
14265 0
14046 0
14083 0
30506 0
30571 0
128777 0
96051 0
79728 0
63381 0
79644 0
112487 0
79625 0
63322 0
96015 0
63395 0
30416 0
30447 0
128781 0
63253 0
128819 0
46990 0
112579 0
79775 0
96009 0
112420 0
63363 0
46812 0
46819 0
128772 0
79616 0
63317 0
112541 0
30619 0
79632 0
63364 0
112235 0
112378 0
128840 0
112504 0
112232 0
46803 0
128762 0
128766 0
114689 0
112321 0
30404 0
63240 0
96166 0
46798 0
79601 0
46975 0
30387 0
14022 0
30511 0
14200 0
79568 0
14059 0
112463 0
112354 0
79717 0
14095 0
112366 0
128812 0
79680 0
96151 0
112251 0
79582 0
79602 0
30510 0
128862 0
14162 0
79740 0
128948 0
63301 0
63199 0
30518 0
46882 0
63291 0
63287 0
79592 0
14172 0
128789 0
46898 0
79603 0
14132 0
112454 0
63345 0
128863 0
30503 0
14116 0
14177 0
128761 0
14119 0
96113 0
79722 0
63283 0
46864 0
79676 0
46907 0
128765 0
112498 0
30547 0
46772 0
95968 0
112577 0
30411 0
112426 0
79710 0
79581 0
46841 0
95965 0
14106 0
46912 0
79716 0
96112 0
14240 0
112589 0
14013 0
30562 0
95986 0
79657 0
112472 0
46948 0
128927 0
128801 0
46858 0
79734 0
128903 0
112534 0
96025 0
112439 0
96086 0
112540 0
63190 0
63362 0
30628 0
63427 0
112539 0
16386 0
63086 0
46700 0
128767 0
98306 0
14085 0
112462 0
128726 0
81922 0
128864 0
128907 0
112538 0
95938 0
30498 0
2 0
112371 0
79732 0
30625 0
65538 0
30410 0
95996 0
30394 0
112470 0
95978 0
79754 0
112310 0
63201 0
112388 0
46872 0
30433 0
14072 0
63184 0
79587 0
46795 0
79607 0
14189 0
30603 0
63375 0
63172 0
95945 0
96081 0
112475 0
112368 0
128818 0
128709 0
46878 0
30545 0
79612 0
63258 0
47029 0
63151 0
30399 0
46787 0
96043 0
128698 0
112393 0
63309 0
112480 0
79661 0
79578 0
112422 0
30473 0
96057 0
79686 0
96034 0
63340 0
30649 0
30531 0
14196 0
96120 0
95947 0
46823 0
14074 0
79628 0
30508 0
128851 0
96130 0
46952 0
79753 0
95995 0
128800 0
63277 0
14174 0
63339 0
46893 0
128872 0
114690 0
112233 0
95926 0
95981 0
63255 0
95855 0
14069 0
14099 0
112449 0
79704 0
95854 0
46774 0
128723 0
95999 0
112531 0
128971 0
46949 0
46956 0
95988 0
14056 0
30539 0
46769 0
14006 0
79576 0
46875 0
112485 0
128893 0
14207 0
30392 0
79688 0
30570 0
46968 0
128947 0
128954 0
32770 0
30426 0
128859 0
96039 0
96014 0
46713 0
79614 0
96155 0
30390 0
30403 0
96060 0
79768 0
30436 0
128792 0
96129 0
46884 0
14032 0
96056 0
46781 0
128810 0
96095 0
96109 0
128815 0
63239 0
63313 0
46714 0
96160 0
46874 0
30573 0
30623 0
63227 0
14102 0
46867 0
63311 0
63360 0
112369 0
128828 0
46943 0
30569 0
95967 0
96017 0
112460 0
30530 0
96079 0
112249 0
79678 0
14129 0
79726 0
63348 0
14111 0
112516 0
46715 0
96078 0
63392 0
79776 0
46946 0
112359 0
14124 0
128871 0
63308 0
30651 0
128748 0
112418 0
96089 0
128827 0
14011 0
30480 0
30482 0
112452 0
46846 0
96122 0
49154 0
128817 0
96071 0
79744 0
112537 0
79622 0
96134 0
47005 0
30332 0
30655 0
95946 0
128831 0
30524 0
112317 0
14239 0
112320 0
79706 0
112549 0
128718 0
46888 0
46926 0
63261 0
30419 0
128825 0
63295 0
128774 0
128823 0
96188 0
128701 0
14026 0
79667 0
128866 0
96027 0
30439 0
96031 0
30452 0
128824 0
63293 0
96097 0
128922 0
30467 0
112464 0
95956 0
14076 0
112399 0
112565 0
96154 0
30527 0
96110 0
30620 0
14178 0
112515 0
96124 0
95977 0
30513 0
14062 0
128902 0
96080 0
63230 0
128799 0
46917 0
30504 0
14045 0
79608 0
14175 0
112521 0
95980 0
128858 0
79543 0
14060 0
14225 0
46964 0
128743 0
128821 0
128846 0
63400 0
128820 0
63377 0
30544 0
96085 0
96087 0
112545 0
30384 0
112349 0
46825 0
79643 0
63244 0
96028 0
63290 0
112505 0
47026 0
79645 0
30551 0
112530 0
63286 0
13947 0
30400 0
14036 0
49155 0
14198 0
112518 0
14103 0
112500 0
79784 0
128832 0
63170 0
95948 0
95973 0
30471 0
79795 0
14113 0
46916 0
13948 0
79736 0
79749 0
95969 0
79640 0
30495 0
112334 0
46869 0
63304 0
46829 0
96053 0
14197 0
112372 0
128989 0
63207 0
128877 0
128739 0
30499 0
128837 0
63349 0
46947 0
79627 0
63312 0
96128 0
128935 0
95851 0
112254 0
112450 0
14170 0
63378 0
112526 0
63168 0
79696 0
14206 0
112407 0
112492 0
14257 0
46991 0
14221 0
79785 0
128725 0
96047 0
128856 0
46892 0
63344 0
112406 0
112443 0
46992 0
63243 0
96061 0
79692 0
30587 0
14166 0
128905 0
96040 0
63195 0
96114 0
14220 0
112380 0
63288 0
63368 0
47020 0
46840 0
79763 0
14115 0
46976 0
47033 0
128617 0
95959 0
14061 0
63294 0
63384 0
14078 0
14190 0
96171 0
14191 0
112553 0
14105 0
46927 0
128965 0
112330 0
128752 0
96037 0
112423 0
32771 0
79646 0
79665 0
63231 0
14244 0
63383 0
112346 0
112387 0
79679 0
14237 0
96059 0
128849 0
95867 0
112338 0
30434 0
128874 0
112542 0
79778 0
46910 0
63327 0
30558 0
14141 0
112566 0
112590 0
46950 0
112428 0
96083 0
79681 0
79711 0
128793 0
96105 0
63389 0
79660 0
30617 0
14234 0
30633 0
128807 0
96159 0
30476 0
47007 0
96022 0
96090 0
30577 0
3 0
63367 0
63268 0
63361 0
14203 0
79756 0
14136 0
128878 0
79746 0
96179 0
63263 0
63236 0
112529 0
46980 0
128784 0
79630 0
112444 0
96143 0
79757 0
112361 0
30624 0
14094 0
112457 0
14096 0
79649 0
79760 0
79652 0
79658 0
14143 0
46925 0
47001 0
46908 0
14082 0
96186 0
112499 0
98307 0
128623 0
128704 0
63325 0
128926 0
112410 0
128900 0
14271 0
128783 0
79668 0
112335 0
112358 0
14123 0
32772 0
30313 0
95921 0
79589 0
128887 0
98308 0
30314 0
79553 0
14025 0
63216 0
112396 0
30479 0
14117 0
63382 0
95923 0
112311 0
14014 0
46901 0
96046 0
46778 0
79618 0
112476 0
96066 0
46820 0
96049 0
46931 0
128791 0
14109 0
63233 0
30330 0
46768 0
128731 0
112417 0
112328 0
95958 0
128885 0
81924 0
79554 0
79656 0
16388 0
14029 0
95974 0
14144 0
128845 0
128724 0
30484 0
95933 0
112382 0
14223 0
46804 0
112394 0
14098 0
30512 0
46873 0
46902 0
79481 0
30642 0
95931 0
30406 0
128853 0
63440 0
63328 0
46961 0
128763 0
46870 0
128875 0
63265 0
14204 0
30555 0
14201 0
14155 0
128771 0
112363 0
128829 0
14035 0
112350 0
30432 0
46938 0
46842 0
96021 0
63338 0
79818 0
30457 0
46955 0
112562 0
14213 0
46793 0
128753 0
96019 0
46960 0
79708 0
112446 0
79752 0
14179 0
79483 0
112357 0
46941 0
79714 0
79702 0
79750 0
46994 0
79675 0
14039 0
79595 0
47018 0
96201 0
112301 0
128891 0
14127 0
63341 0
128906 0
79666 0
112503 0
30567 0
46862 0
14176 0
63332 0
96177 0
63228 0
63247 0
112513 0
46796 0
112408 0
96038 0
128835 0
30538 0
79621 0
128813 0
63226 0
14202 0
63223 0
63299 0
14222 0
79633 0
112532 0
112535 0
63237 0
46859 0
46903 0
46939 0
114692 0
128616 0
63162 0
46790 0
63206 0
95989 0
65540 0
112237 0
46845 0
4 0
30465 0
63297 0
112367 0
63187 0
30474 0
46702 0
96152 0
79761 0
63085 0
112348 0
112427 0
63319 0
128869 0
128736 0
128955 0
46900 0
63303 0
95982 0
79629 0
96158 0
63180 0
63214 0
14160 0
128803 0
30409 0
63350 0
79565 0
79623 0
14158 0
128747 0
47022 0
14049 0
46883 0
14149 0
128705 0
95952 0
63210 0
128898 0
14042 0
14097 0
63203 0
46897 0
30589 0
63220 0
79650 0
112506 0
30575 0
30455 0
46839 0
30541 0
14273 0
46887 0
63191 0
46824 0
128798 0
112442 0
46983 0
32773 0
46703 0
63270 0
112461 0
30319 0
46786 0
63186 0
128776 0
63298 0
47012 0
96190 0
96023 0
128834 0
98309 0
128727 0
128618 0
14169 0
128770 0
46971 0
79693 0
46978 0
30536 0
30584 0
95954 0
79584 0
46838 0
112392 0
96055 0
30588 0
65541 0
30335 0
30554 0
95963 0
128839 0
112307 0
63222 0
128895 0
63155 0
63208 0
112489 0
79762 0
112438 0
14161 0
128876 0
112552 0
79741 0
30611 0
129000 0
96068 0
128806 0
79469 0
30438 0
16389 0
95865 0
112430 0
14194 0
30425 0
63198 0
128768 0
63250 0
81925 0
128699 0
46805 0
63252 0
128814 0
30461 0
63256 0
112398 0
30469 0
63282 0
96004 0
96044 0
96189 0
63333 0
46954 0
14122 0
14157 0
112514 0
46848 0
128750 0
96011 0
63267 0
46913 0
79485 0
14216 0
128865 0
63225 0
79655 0
46894 0
30514 0
128830 0
63342 0
128931 0
96070 0
79687 0
96069 0
63334 0
96121 0
46802 0
47015 0
14055 0
14142 0
79689 0
112495 0
79804 0
112609 0
30559 0
30597 0
46885 0
112490 0
112601 0
128794 0
63369 0
14233 0
96140 0
79638 0
128797 0
63403 0
79777 0
112507 0
30423 0
46993 0
14100 0
63259 0
63082 0
30540 0
112424 0
46920 0
79684 0
96117 0
96073 0
14243 0
112239 0
114693 0
63096 0
79468 0
112323 0
128796 0
30635 0
46890 0
96161 0
30629 0
46911 0
79575 0
95998 0
96184 0
112375 0
49157 0
112468 0
96169 0
14165 0
63343 0
47002 0
96024 0
63314 0
112322 0
30468 0
112528 0
96092 0
63370 0
95949 0
30523 0
96172 0
79715 0
30316 0
95932 0
46696 0
46891 0
96123 0
96157 0
49158 0
30389 0
46806 0
79617 0
30566 0
114694 0
46906 0
112308 0
128880 0
14226 0
79470 0
46811 0
112502 0
32774 0
63177 0
46830 0
112401 0
79546 0
30464 0
14214 0
95942 0
46826 0
30549 0
98310 0
112303 0
128729 0
30607 0
46801 0
14064 0
79790 0
128722 0
14130 0
14187 0
79759 0
112483 0
14110 0
95869 0
63097 0
46985 0
30535 0
112445 0
128844 0
30460 0
112397 0
79659 0
63217 0
96077 0
14288 0
128920 0
128889 0
14114 0
30576 0
46895 0
112431 0
14043 0
63205 0
63331 0
79609 0
79695 0
112234 0
79540 0
46815 0
63235 0
81926 0
112238 0
16390 0
95994 0
46935 0
63419 0
128755 0
128857 0
63390 0
79613 0
30557 0
46817 0
96102 0
14183 0
128924 0
112425 0
79764 0
14248 0
128744 0
46855 0
112316 0
79586 0
96136 0
63179 0
79471 0
14010 0
65542 0
95848 0
6 0
47045 0
95941 0
30440 0
96082 0
30537 0
128785 0
63385 0
30431 0
79562 0
63262 0
30427 0
112341 0
112332 0
14057 0
46860 0
46886 0
14168 0
95930 0
30408 0
46940 0
63197 0
79694 0
112419 0
112473 0
63276 0
128883 0
95928 0
112342 0
30515 0
30528 0
14211 0
79821 0
63306 0
30560 0
128775 0
63182 0
46834 0
30580 0
63397 0
112585 0
63275 0
46904 0
96088 0
95936 0
112390 0
79713 0
112326 0
14048 0
79637 0
63305 0
49159 0
30315 0
46809 0
128619 0
46863 0
128622 0
128696 0
14018 0
96062 0
16391 0
63407 0
81927 0
95850 0
63320 0
63087 0
79560 0
7 0
46879 0
128884 0
79590 0
96045 0
65543 0
63273 0
112474 0
79604 0
30598 0
112466 0
79801 0
30446 0
95972 0
14164 0
128873 0
98311 0
14227 0
30502 0
63189 0
30450 0
30497 0
112384 0
63337 0
128868 0
96098 0
46987 0
30493 0
63213 0
112386 0
128822 0
30583 0
63396 0
63330 0
96063 0
46984 0
112465 0
112493 0
112533 0
112433 0
30581 0
79641 0
63302 0
95918 0
14063 0
14047 0
128778 0
46921 0
95975 0
112383 0
30572 0
14027 0
30534 0
63251 0
14152 0
112456 0
14253 0
63266 0
79673 0
112385 0
63080 0
96074 0
112435 0
79747 0
79647 0
14024 0
63413 0
112434 0
96075 0
79815 0
79783 0
79674 0
96127 0
112557 0
30615 0
79765 0
112523 0
96203 0
63101 0
30459 0
128938 0
30637 0
96012 0
79772 0
14281 0
128745 0
112351 0
79727 0
63296 0
63324 0
128933 0
128787 0
30333 0
63386 0
14259 0
128861 0
47031 0
96149 0
112581 0
63248 0
96156 0
128992 0
46936 0
30405 0
112421 0
112524 0
96181 0
30666 0
14118 0
32776 0
112256 0
46847 0
95872 0
112364 0
14185 0
81928 0
30424 0
30336 0
16392 0
63257 0
46720 0
63232 0
14112 0
65544 0
46794 0
79700 0
8 0
14087 0
30516 0
112370 0
46861 0
128693 0
79541 0
112379 0
46959 0
128805 0
128836 0
30604 0
30413 0
95970 0
114696 0
63104 0
96006 0
30509 0
49160 0
95919 0
63323 0
14050 0
63292 0
128714 0
30454 0
128786 0
63167 0
79670 0
30458 0
96042 0
30542 0
128936 0
128708 0
47017 0
63359 0
96191 0
30585 0
128968 0
14037 0
63289 0
63211 0
112484 0
30505 0
46919 0
14071 0
30646 0
30472 0
14041 0
30478 0
63355 0
128894 0
14217 0
98312 0
79563 0
46800 0
14088 0
128773 0
46813 0
14120 0
128852 0
14209 0
14017 0
112319 0
30599 0
13928 0
14020 0
128713 0
46929 0
30420 0
79559 0
112333 0
79721 0
79770 0
95971 0
79606 0
128816 0
96091 0
63353 0
46933 0
46857 0
79487 0
79545 0
63218 0
14125 0
128741 0
14140 0
112519 0
63456 0
112373 0
46712 0
128735 0
46808 0
46979 0
63264 0
79551 0
79480 0
14108 0
128967 0
95990 0
128728 0
96096 0
96131 0
128707 0
128685 0
79573 0
112365 0
79781 0
63401 0
63472 0
98313 0
63105 0
46969 0
95962 0
14031 0
30466 0
32777 0
30640 0
79789 0
65545 0
96103 0
14058 0
63183 0
16393 0
95873 0
14218 0
81929 0
112257 0
30477 0
14186 0
112512 0
95864 0
112563 0
14192 0
63279 0
63376 0
79780 0
112352 0
96145 0
79555 0
79626 0
9 0
128640 0
14030 0
79814 0
30421 0
30337 0
128632 0
14180 0
30578 0
128909 0
30494 0
63159 0
79597 0
14051 0
46909 0
128870 0
79813 0
63315 0
112477 0
128914 0
79639 0
14230 0
79733 0
112558 0
46942 0
46814 0
79691 0
114697 0
47008 0
49161 0
79558 0
46807 0
96133 0
14086 0
79564 0
96020 0
96013 0
128795 0
112414 0
79484 0
112509 0
95987 0
96016 0
63464 0
128710 0
96002 0
30329 0
63246 0
79737 0
46915 0
79682 0
47036 0
30407 0
46716 0
14238 0
46965 0
79611 0
112329 0
128912 0
128896 0
30396 0
16394 0
46792 0
81930 0
30338 0
30388 0
112258 0
46821 0
128981 0
79615 0
65546 0
10 0
128697 0
79671 0
47006 0
96148 0
47047 0
63106 0
112250 0
114698 0
46958 0
128641 0
79489 0
30594 0
49162 0
30606 0
30653 0
112404 0
112324 0
112413 0
95924 0
14195 0
63316 0
14028 0
30501 0
79745 0
63188 0
47009 0
95955 0
14232 0
95866 0
79779 0
14081 0
63336 0
95874 0
30422 0
96029 0
32778 0
63204 0
63173 0
14107 0
46799 0
63347 0
112389 0
95944 0
112400 0
46719 0
79548 0
63221 0
79635 0
46962 0
128899 0
47044 0
14066 0
63280 0
63278 0
96132 0
14054 0
96175 0
128751 0
13954 0
79738 0
95920 0
128730 0
128932 0
11 0
128642 0
63171 0
65547 0
128737 0
30486 0
30525 0
96048 0
30500 0
112347 0
128919 0
14171 0
95927 0
128808 0
14215 0
30621 0
79724 0
30453 0
79664 0
112440 0
96199 0
112554 0
63394 0
14139 0
112478 0
112429 0
79739 0
112570 0
79491 0
49163 0
63098 0
114699 0
112355 0
79662 0
98315 0
30339 0
112432 0
79490 0
14004 0
63196 0
32779 0
14040 0
79723 0
30595 0
30435 0
112360 0
79690 0
128925 0
30546 0
79482 0
13955 0
16395 0
46722 0
46788 0
47010 0
81931 0
63176 0
128634 0
14263 0
79598 0
14126 0
128910 0
95950 0
112356 0
63412 0
128639 0
95964 0
14284 0
30489 0
96170 0
14137 0
14246 0
46831 0
128719 0
96000 0
128769 0
46827 0
114700 0
63107 0
49164 0
96118 0
128703 0
63185 0
14065 0
14147 0
14242 0
128733 0
32780 0
95951 0
96192 0
128643 0
96193 0
47034 0
128973 0
95984 0
16396 0
14268 0
63099 0
47030 0
96094 0
95875 0
79550 0
79809 0
98316 0
14002 0
13999 0
79591 0
46724 0
63374 0
96210 0
79624 0
30647 0
30442 0
14181 0
30674 0
30519 0
96052 0
79486 0
46791 0
112259 0
65548 0
128720 0
12 0
14262 0
30428 0
112453 0
79600 0
30395 0
46972 0
30414 0
30593 0
30641 0
128850 0
46816 0
14073 0
128779 0
14091 0
112336 0
30401 0
112409 0
46996 0
96153 0
30340 0
14128 0
14101 0
128826 0
79719 0
46835 0
63224 0
79642 0
14021 0
112340 0
112374 0
79588 0
14135 0
30591 0
46810 0
63432 0
63358 0
63285 0
96173 0
47027 0
128636 0
128959 0
47004 0
79599 0
46937 0
95876 0
112253 0
46836 0
30614 0
63249 0
30616 0
14070 0
79492 0
96072 0
79653 0
112488 0
96165 0
14 0
128915 0
49166 0
65550 0
46876 0
14153 0
128855 0
128732 0
63365 0
63178 0
46889 0
128904 0
30492 0
112412 0
14007 0
14154 0
96026 0
95917 0
112441 0
96126 0
128740 0
95966 0
95877 0
46930 0
30574 0
112261 0
79572 0
30630 0
114702 0
112309 0
112331 0
96138 0
95934 0
30429 0
14121 0
79493 0
98318 0
30487 0
32782 0
63158 0
46871 0
30671 0
95961 0
32783 0
79494 0
98319 0
79755 0
96115 0
81935 0
95878 0
16399 0
46868 0
79802 0
15 0
30342 0
63110 0
14044 0
65551 0
114703 0
47025 0
47032 0
49167 0
46726 0
63245 0
14251 0
30318 0
96197 0
14089 0
63165 0
79698 0
14033 0
46818 0
112569 0
95960 0
63212 0
14235 0
128976 0
14079 0
112415 0
63194 0
79771 0
46765 0
46977 0
79798 0
49168 0
114704 0
30343 0
112343 0
32784 0
98320 0
46923 0
79822 0
79585 0
30648 0
79533 0
112353 0
112362 0
46934 0
112255 0
128790 0
30634 0
30618 0
63300 0
14016 0
128638 0
14084 0
128646 0
47053 0
128782 0
14280 0
46782 0
47011 0
128888 0
30552 0
112262 0
112263 0
16400 0
81936 0
49169 0
79495 0
114705 0
63111 0
128742 0
79577 0
96178 0
98321 0
30344 0
32785 0
13952 0
96035 0
81937 0
16401 0
128937 0
128934 0
95992 0
47021 0
112582 0
79720 0
30328 0
96146 0
79488 0
128749 0
79826 0
17 0
95879 0
65553 0
30636 0
96106 0
18 0
46728 0
65554 0
30483 0
13953 0
16402 0
49170 0
128648 0
114706 0
13960 0
32786 0
63112 0
98322 0
96003 0
30639 0
95925 0
30600 0
14276 0
112264 0
81938 0
79496 0
14015 0
79823 0
63271 0
30334 0
63149 0
14163 0
63443 0
32787 0
98323 0
30345 0
13945 0
30397 0
14052 0
13961 0
128848 0
46843 0
112597 0
63408 0
95940 0
16403 0
81939 0
79547 0
46989 0
96065 0
46721 0
79631 0
65555 0
128746 0
49171 0
95881 0
19 0
79619 0
128916 0
128945 0
96183 0
16404 0
81940 0
79817 0
95935 0
63351 0
13962 0
95953 0
128649 0
30444 0
20 0
79497 0
46789 0
112265 0
65556 0
128712 0
63181 0
49172 0
114708 0
46865 0
112312 0
46730 0
32788 0
98324 0
79791 0
79580 0
112467 0
16405 0
95882 0
63114 0
65557 0
21 0
79570 0
30441 0
49173 0
128650 0
114709 0
112345 0
79718 0
30415 0
14229 0
112550 0
79498 0
128756 0
63102 0
98325 0
128651 0
32789 0
30456 0
14009 0
128695 0
79571 0
46967 0
79579 0
32790 0
46731 0
98326 0
112267 0
63451 0
112339 0
128917 0
79549 0
81942 0
79499 0
16406 0
63115 0
65558 0
79594 0
30347 0
22 0
63166 0
128711 0
46767 0
14038 0
46995 0
112567 0
13957 0
49174 0
95883 0
114710 0
63163 0
30490 0
49175 0
96142 0
114711 0
95884 0
128892 0
46881 0
112547 0
63417 0
46732 0
128911 0
63108 0
65559 0
128987 0
128952 0
63116 0
30386 0
95868 0
13964 0
98327 0
32791 0
63192 0
30657 0
79786 0
14224 0
112573 0
96093 0
14008 0
16407 0
81943 0
128645 0
81944 0
16408 0
63423 0
13965 0
46849 0
63421 0
112559 0
14264 0
65560 0
63117 0
24 0
47037 0
30398 0
46733 0
30349 0
112318 0
114712 0
49176 0
63161 0
46770 0
112479 0
49177 0
112269 0
79501 0
114713 0
47039 0
13966 0
98329 0
32793 0
47060 0
79502 0
16409 0
128653 0
128716 0
81945 0
46922 0
79796 0
14249 0
25 0
128946 0
46773 0
46734 0
128654 0
26 0
30417 0
65562 0
46779 0
30632 0
79596 0
112270 0
114714 0
49178 0
46784 0
30350 0
98330 0
32794 0
79751 0
81946 0
13959 0
16410 0
63118 0
128702 0
128984 0
79729 0
46974 0
95886 0
128957 0
112525 0
27 0
30663 0
65563 0
95887 0
30351 0
112344 0
79503 0
128655 0
49179 0
114715 0
30682 0
63410 0
128635 0
98331 0
63119 0
30391 0
63209 0
32795 0
63103 0
16411 0
112271 0
81947 0
79800 0
13967 0
95922 0
95957 0
79567 0
32796 0
63120 0
98332 0
112306 0
114716 0
95937 0
81948 0
79504 0
65564 0
13968 0
28 0
13944 0
30385 0
49180 0
46736 0
30352 0
30331 0
30656 0
128759 0
114717 0
63121 0
49181 0
46737 0
32797 0
98333 0
112272 0
128656 0
81949 0
16413 0
30353 0
63169 0
65565 0
112576 0
29 0
128963 0
46905 0
13969 0
79505 0
30661 0
65566 0
30 0
79816 0
16414 0
112571 0
30650 0
63100 0
128657 0
13951 0
114718 0
79506 0
49182 0
79561 0
32798 0
112273 0
98334 0
63122 0
79552 0
46854 0
81950 0
13970 0
112376 0
95889 0
16415 0
30354 0
81951 0
112274 0
95890 0
65567 0
31 0
79774 0
79507 0
49183 0
128658 0
114719 0
63379 0
32799 0
46738 0
98335 0
96187 0
63123 0
81952 0
128659 0
96101 0
16416 0
65568 0
95891 0
32 0
46739 0
49184 0
114720 0
112275 0
14291 0
98336 0
13971 0
96150 0
16417 0
81953 0
63124 0
112268 0
112276 0
112252 0
112510 0
47016 0
98337 0
30638 0
79811 0
13972 0
95892 0
65569 0
46776 0
33 0
47024 0
49185 0
30356 0
114721 0
79508 0
32801 0
46740 0
32802 0
98338 0
128942 0
79538 0
128660 0
16418 0
81954 0
34 0
95885 0
65570 0
63125 0
49186 0
30357 0
114722 0
79810 0
32803 0
112277 0
98339 0
95894 0
128661 0
81955 0
16419 0
79509 0
112327 0
95893 0
65571 0
35 0
114723 0
30358 0
46771 0
49187 0
112278 0
98340 0
32804 0
81956 0
63126 0
16420 0
46742 0
46718 0
79510 0
65572 0
36 0
128979 0
63254 0
63127 0
128662 0
114724 0
49188 0
30359 0
128663 0
32805 0
112279 0
98341 0
95888 0
16421 0
81957 0
79511 0
112584 0
95895 0
96182 0
96211 0
65573 0
37 0
65574 0
30360 0
38 0
49190 0
114726 0
14261 0
63174 0
128688 0
95896 0
79512 0
47028 0
13976 0
112281 0
79513 0
49191 0
114727 0
128664 0
81959 0
30361 0
16423 0
65575 0
39 0
14304 0
46746 0
114728 0
49192 0
128802 0
79536 0
79605 0
128665 0
98344 0
95897 0
32808 0
16424 0
46745 0
81960 0
40 0
63130 0
65576 0
128738 0
13978 0
63439 0
49193 0
112282 0
114729 0
32809 0
79514 0
98345 0
30363 0
16425 0
30362 0
81961 0
128666 0
112578 0
95898 0
128962 0
128633 0
79515 0
81962 0
95899 0
16426 0
96163 0
112325 0
112283 0
65578 0
42 0
13979 0
47013 0
49194 0
63131 0
114730 0
14272 0
32810 0
46747 0
98346 0
128667 0
46775 0
32811 0
79516 0
98347 0
46748 0
95900 0
112315 0
16427 0
81963 0
63132 0
43 0
65579 0
63156 0
30364 0
13980 0
49195 0
114731 0
112605 0
14231 0
96164 0
79806 0
114732 0
49196 0
128637 0
98348 0
32812 0
13981 0
32813 0
128715 0
98349 0
128669 0
79517 0
30366 0
13982 0
32814 0
46750 0
98350 0
112544 0
16430 0
63134 0
81966 0
79518 0
96174 0
112561 0
46 0
95902 0
65582 0
63164 0
13983 0
49198 0
128670 0
114734 0
47 0
63135 0
112287 0
16431 0
81967 0
65583 0
30367 0
95903 0
49199 0
46751 0
114735 0
32815 0
79519 0
79787 0
112593 0
30382 0
98351 0
128671 0
98352 0
32816 0
95904 0
79520 0
46752 0
48 0
128672 0
32817 0
98353 0
16433 0
81969 0
46753 0
49 0
65585 0
30463 0
128913 0
47055 0
50 0
63137 0
65586 0
114738 0
95906 0
46785 0
49202 0
128673 0
79539 0
128951 0
32818 0
112289 0
98354 0
95905 0
63431 0
79521 0
16434 0
81970 0
112595 0
49203 0
114739 0
128692 0
16435 0
14090 0
79522 0
81971 0
128674 0
16436 0
79523 0
81972 0
95907 0
30371 0
65588 0
63139 0
112291 0
52 0
46755 0
79803 0
112551 0
114740 0
128675 0
49204 0
32820 0
98356 0
16437 0
30372 0
46766 0
81973 0
95908 0
30664 0
65589 0
79524 0
53 0
112284 0
14252 0
49205 0
114741 0
46756 0
98357 0
32821 0
63140 0
96176 0
54 0
128676 0
32822 0
46757 0
65590 0
49206 0
114742 0
30373 0
112285 0
98358 0
14267 0
95901 0
30430 0
32823 0
79525 0
98359 0
95909 0
81975 0
63142 0
128677 0
16439 0
112293 0
65591 0
55 0
114743 0
112286 0
49207 0
13990 0
96202 0
114744 0
49208 0
95910 0
112294 0
98360 0
32824 0
16440 0
128678 0
81976 0
30690 0
63143 0
16441 0
81977 0
30654 0
30375 0
96167 0
112587 0
95911 0
65593 0
112295 0
49209 0
114745 0
128679 0
13991 0
46759 0
32825 0
98361 0
96194 0
16442 0
79528 0
81978 0
112296 0
13984 0
65594 0
63144 0
58 0
30376 0
112288 0
114746 0
46760 0
98362 0
32826 0
13992 0
128921 0
112574 0
59 0
13985 0
65595 0
13986 0
16443 0
114747 0
63145 0
46761 0
49211 0
13993 0
98363 0
128680 0
81979 0
95912 0
63435 0
32827 0
32828 0
98364 0
95913 0
128760 0
63138 0
16444 0
112297 0
112290 0
81980 0
16445 0
46762 0
81981 0
30378 0
61 0
79530 0
65597 0
95914 0
63146 0
98365 0
128682 0
32829 0
112298 0
13987 0
49213 0
114749 0
79748 0
128683 0
114750 0
63147 0
49214 0
79531 0
98366 0
32830 0
65598 0
30379 0
16446 0
81982 0
46763 0
62 0
63 0
65599 0
95929 0
63426 0
63157 0
95915 0
95916 0
128975 0
112300 0
114751 0
98367 0
46764 0
32831 0
13996 0
32832 0
128684 0
98368 0
79532 0
64 0
30380 0
47068 0
16448 0
63148 0
81984 0
128689 0
13997 0
63141 0
65600 0
65 0
65601 0
112313 0
114753 0
49217 0
63153 0
32833 0
81985 0
30381 0
16449 0
30402 0
128694 0
66 0
63150 0
114754 0
128686 0
49218 0
30383 0
98370 0
32834 0
46758 0
63160 0
79526 0
13998 0
81986 0
112302 0
79534 0
16450 0
65602 0
128687 0
49219 0
114755 0
98371 0
81987 0
16451 0
65603 0
79537 0
67 0
49220 0
114756 0
98372 0
32836 0
14000 0
79535 0
30668 0
128754 0
16452 0
81988 0
16453 0
63152 0
81989 0
69 0
65605 0
114757 0
49221 0
32837 0
98373 0
79529 0
14275 0
14001 0
32838 0
112305 0
98374 0
13994 0
16454 0
70 0
65606 0
49222 0
114758 0
81990 0
16455 0
81991 0
79557 0
71 0
65607 0
79830 0
49223 0
128691 0
114759 0
79566 0
49224 0
114760 0
32840 0
98376 0
14247 0
14286 0
65608 0
72 0
13995 0
81992 0
16456 0
63424 0
81993 0
16457 0
73 0
65609 0
47019 0
49225 0
114761 0
49226 0
114762 0
16458 0
30645 0
98378 0
81994 0
63154 0
74 0
65610 0
32843 0
75 0
65611 0
114763 0
49227 0
98379 0
81995 0
30626 0
46777 0
112304 0
98380 0
14005 0
81996 0
16460 0
96219 0
46783 0
76 0
47048 0
114764 0
49228 0
49229 0
114765 0
32845 0
98381 0
16461 0
81997 0
65613 0
77 0
49230 0
114766 0
30393 0
32846 0
98382 0
30660 0
16462 0
81998 0
78 0
65614 0
128652 0
65549 0
46699 0
13 0
0 0
13929 0
63113 0
13975 0
114688 0
79769 0
32775 0
30317 0
79465 0
112236 0
13958 0
95880 0
49152 0
46698 0
13963 0
114691 0
16412 0
98355 0
81958 0
46735 0
79467 0
81932 0
32839 0
81923 0
16459 0
81965 0
32847 0
46723 0
98383 0
30355 0
63129 0
95852 0
63081 0
57 0
81964 0
81968 0
49156 0
65580 0
5 0
68 0
49165 0
60 0
65577 0
32807 0
13930 0
41 0
16429 0
98377 0
32842 0
98314 0
65552 0
65581 0
114701 0
32806 0
45 0
16428 0
81974 0
112247 0
16432 0
44 0
32800 0
32844 0
16438 0
16463 0
81999 0
79 0
65615 0
49231 0
16387 0
112244 0
114707 0
114737 0
30325 0
16464 0
82000 0
80 0
65616 0
49232 0
114768 0
49215 0
98384 0
32848 0
32819 0
98369 0
46707 0
79472 0
98342 0
30327 0
95861 0
82001 0
16465 0
65617 0
81 0
49233 0
114769 0
32849 0
98385 0
128629 0
13943 0
128625 0
95856 0
79475 0
63090 0
65604 0
46710 0
63091 0
63092 0
63094 0
81941 0
30324 0
30323 0
46705 0
13942 0
46709 0
128631 0
95857 0
79478 0
13936 0
112241 0
30321 0
128630 0
79479 0
46711 0
112243 0
79476 0
79474 0
13937 0
46704 0
63095 0
112242 0
95859 0
30322 0
46708 0
49201 0
13938 0
13940 0
95863 0
79473 0
112246 0
