0 73
13930 59
65536 62
13929 73
13946 36
63401 11
14230 13
128687 49
63176 14
95940 78
128907 53
128741 93
14034 78
14205 81
79699 31
46962 52
14122 25
112483 92
128864 91
128936 56
79653 76
128719 89
63305 160
79563 161
128738 55
14192 127
128879 114
96001 57
112488 136
14182 197
63269 92
128804 33
46791 184
128806 90
63371 171
30566 159
79711 9
112484 175
128850 121
63341 111
30509 184
14107 202
30491 95
79713 289
79665 304
46870 289
46938 114
112464 228
96018 89
14068 85
96054 365
96005 78
128788 197
30560 190
46860 85
128872 198
112361 66
30481 427
96047 78
112487 171
14181 155
79646 522
63193 483
46882 344
46833 525
112481 402
96079 402
46906 188
14053 561
63266 442
63293 166
14022 682
112472 184
112468 597
79577 791
63212 397
79671 787
14057 949
96095 846
63151 770
95970 543
79644 949
30506 1016
30444 535
128824 1158
112427 445
128801 443
112454 1184
79578 1163
112382 1372
96088 1200
79595 861
112433 1701
96026 767
79649 820
96061 1093
46902 1235
128732 264
79559 293
112372 855
79541 270
79661 2024
95999 594
79706 1763
128773 1398
46930 720
128816 1232
128729 824
63282 1806
63081 1527
14036 711
112307 1307
14153 1320
112528 1268
63208 1043
79611 2578
46768 2614
112456 2602
112351 558
30466 319
96023 1011
63165 300
46699 1094
128798 2925
30423 369
30407 2322
79656 444
30541 786
46865 3440
30469 3200
96003 708
96006 4128
46817 1466
30318 3421
128720 2125
63358 3056
128830 3780
79588 2120
79733 3323
79626 3883
79586 5971
128795 6258
30428 4737
79585 6905
79572 5350
79555 6514
79600 3970
63209 4415
46792 3369
14084 12159
46698 11636
96035 10597
79561 11556
79488 5170
46721 4296
46871 10896
95852 8028
79567 11562
63178 7107
95961 14124
95922 13140
79533 6475
32775 9454
128749 14951
95953 18898
30490 16266
128712 6550
95935 6856
128715 7918
128645 7933
128694 17986
79467 20139
46905 24542
46723 15723
65549 17561
49152 33357
128652 10130
114688 35253
114691 35565
13963 15402
46735 11331
13 25945
128802 39082
63113 25423
112236 43012
79566 41222
128754 35478
13975 10873
13958 34423
46766 21676
30430 52864
14001 36446
30355 24751
79537 2716
63141 5928
79465 61273
95880 46559
30317 71520
63129 38080

