32768.0 2
49152.0 2
65536.0 2
81920.0 2
98304.0 2
114688.0 2
0.0 2
16384.0 2
49152.0 2
65536.0 1
81920.0 2
114688.0 2
0.0 2
16384.0 2
32768.0 2
49152.0 2
65536.0 0
81920.0 0
98304.0 2
114688.0 2
0.0 0
16384.0 0
49152.0 0
65536.0 2
81920.0 0
98304.0 0
114688.0 0
0.0 0
16384.0 0
49152.0 0
65536.0 0
81920.0 0
114688.0 0
0.0 0
16384.0 0
49152.0 0
65536.0 0
81920.0 0
114688.0 0
0.0 0
16384.0 0
32768.0 0
49152.0 0
65536.0 0
114688.0 0
0.0 0
16384.0 0
49152.0 0
65536.0 0
114688.0 0
0.0 0
49152.0 0
65536.0 0
81920.0 0
114688.0 0
0.0 0
16384.0 0
49152.0 0
65536.0 0
81920.0 0
98304.0 0
114688.0 0
0.0 0
49152.0 0
65536.0 0
81920.0 0
98304.0 0
114688.0 0
0.0 0
16384.0 0
32768.0 0
49152.0 0
65536.0 0
81920.0 0
114688.0 0
0.0 0
16384.0 0
32768.0 0
49152.0 0
65536.0 0
81920.0 0
98304.0 0
114688.0 0
0.0 0
16384.0 0
32768.0 0
49152.0 0
65536.0 0
81920.0 0
98304.0 0
114688.0 0
0.0 0
16384.0 0
49152.0 0
65536.0 0
81920.0 0
114688.0 0
0.0 0
16384.0 0
32768.0 0
49152.0 0
65536.0 0
114688.0 0
0.0 0
16384.0 0
32768.0 0
49152.0 0
65536.0 0
81920.0 0
98304.0 0
114688.0 0
0.0 0
16384.0 0
49152.0 0
65536.0 0
81920.0 0
114688.0 0
0.0 0
16384.0 0
49152.0 0
65536.0 0
81920.0 0
114688.0 0
0.0 0
16384.0 0
32768.0 0
49152.0 0
65536.0 0
81920.0 0
98304.0 0
114688.0 0
0.0 0
16384.0 0
32768.0 0
49152.0 0
65536.0 0
81920.0 0
98304.0 0
114688.0 0
0.0 0
49152.0 0
65536.0 0
81920.0 0
114688.0 0
0.0 0
49152.0 0
65536.0 0
81920.0 0
98304.0 0
114688.0 0
0.0 0
16384.0 0
32768.0 0
49152.0 0
65536.0 0
81920.0 0
98304.0 0
114688.0 0
0.0 0
16384.0 0
49152.0 0
65536.0 0
81920.0 0
114688.0 0
0.0 0
16384.0 0
32768.0 0
49152.0 0
65536.0 0
81920.0 0
114688.0 0
0.0 0
16384.0 0
49152.0 0
65536.0 0
114688.0 0
0.0 0
16384.0 0
49152.0 0
65536.0 0
81920.0 0
114688.0 0
0.0 0
16384.0 0
32768.0 0
49152.0 0
65536.0 0
81920.0 0
98304.0 0
114688.0 0
0.0 0
16384.0 0
32768.0 0
49152.0 0
65536.0 0
81920.0 0
98304.0 0
114688.0 0
0.0 0
16384.0 0
32768.0 0
49152.0 0
65536.0 0
114688.0 0
0.0 0
16384.0 0
49152.0 0
65536.0 0
81920.0 0
98304.0 0
114688.0 0
0.0 0
16384.0 0
32768.0 0
49152.0 0
65536.0 0
81920.0 0
114688.0 0
0.0 0
16384.0 0
49152.0 0
65536.0 0
81920.0 0
98304.0 0
114688.0 0
0.0 0
16384.0 0
49152.0 0
65536.0 0
81920.0 0
114688.0 0
0.0 0
16384.0 0
49152.0 0
65536.0 0
81920.0 0
114688.0 0
0.0 0
16384.0 0
49152.0 0
65536.0 0
114688.0 0
0.0 0
16384.0 0
49152.0 0
65536.0 0
114688.0 0
0.0 0
16384.0 0
49152.0 0
65536.0 0
81920.0 0
98304.0 0
114688.0 0
0.0 0
16384.0 0
49152.0 0
65536.0 0
81920.0 0
114688.0 0
0.0 0
16384.0 0
32768.0 0
49152.0 0
65536.0 0
81920.0 0
114688.0 0
0.0 0
16384.0 0
49152.0 0
65536.0 0
81920.0 0
98304.0 0
114688.0 0
0.0 0
16384.0 0
49152.0 0
65536.0 0
81920.0 0
98304.0 0
114688.0 0
0.0 0
16384.0 0
49152.0 0
65536.0 0
81920.0 0
114688.0 0
0.0 0
49152.0 0
65536.0 0
114688.0 0
0.0 0
49152.0 0
65536.0 0
81920.0 0
98304.0 0
114688.0 0
0.0 0
16384.0 0
32768.0 0
49152.0 0
65536.0 0
81920.0 0
114688.0 0
0.0 0
16384.0 0
49152.0 0
65536.0 0
81920.0 0
114688.0 0
0.0 0
16384.0 0
49152.0 0
65536.0 0
114688.0 0
0.0 0
16384.0 0
49152.0 0
65536.0 0
114688.0 0
0.0 0
16384.0 0
49152.0 0
65536.0 0
81920.0 0
114688.0 0
0.0 0
49152.0 0
65536.0 0
81920.0 0
98304.0 0
114688.0 0
0.0 0
49152.0 0
65536.0 0
81920.0 0
114688.0 0
0.0 0
16384.0 0
32768.0 0
49152.0 0
65536.0 0
114688.0 0
0.0 0
16384.0 0
49152.0 0
65536.0 0
81920.0 0
114688.0 0
0.0 0
16384.0 0
49152.0 0
65536.0 0
81920.0 0
114688.0 0
0.0 0
16384.0 0
49152.0 0
65536.0 0
81920.0 0
114688.0 0
0.0 0
16384.0 0
49152.0 0
65536.0 0
114688.0 0
0.0 0
16384.0 0
32768.0 0
49152.0 0
65536.0 0
81920.0 0
98304.0 0
114688.0 0
0.0 0
16384.0 0
32768.0 0
49152.0 0
65536.0 0
81920.0 0
98304.0 0
114688.0 0
0.0 0
32768.0 0
49152.0 0
65536.0 0
98304.0 0
114688.0 0
1.0 0
32769.0 0
49153.0 0
65537.0 0
98305.0 0
114689.0 0
1.0 0
16385.0 0
32769.0 0
49153.0 0
65537.0 0
81921.0 0
98305.0 0
114689.0 0
1.0 0
16385.0 2
32769.0 2
49153.0 2
98305.0 2
114689.0 2
1.0 2
16385.0 2
32769.0 2
49153.0 2
65537.0 2
81921.0 2
98305.0 2
114689.0 2
1.0 2
32769.0 2
49153.0 2
65537.0 2
81921.0 2
98305.0 2
114689.0 2
1.0 2
32769.0 2
49153.0 2
65537.0 2
98305.0 2
114689.0 2
1.0 2
16385.0 2
32769.0 2
49153.0 2
65537.0 2
81921.0 2
98305.0 2
16385.0 2
32769.0 2
81921.0 2
98305.0 2
114689.0 2
16385.0 2
32769.0 2
49153.0 2
65537.0 2
81921.0 2
98305.0 2
114689.0 2
16385.0 2
32769.0 2
49153.0 2
65537.0 2
81921.0 2
98305.0 2
114689.0 2
1.0 2
16385.0 2
32769.0 2
49153.0 2
65537.0 2
81921.0 2
98305.0 2
114689.0 2
16385.0 2
32769.0 2
49153.0 2
65537.0 2
81921.0 2
98305.0 2
114689.0 2
16385.0 2
32769.0 2
49153.0 2
81921.0 2
98305.0 2
114689.0 2
16385.0 2
32769.0 2
49153.0 2
65537.0 2
81921.0 2
98305.0 2
1.0 2
16385.0 2
32769.0 2
49153.0 2
65537.0 2
81921.0 2
98305.0 2
1.0 2
16385.0 2
32769.0 2
65537.0 2
81921.0 2
98305.0 2
114689.0 2
1.0 2
16385.0 2
32769.0 2
49153.0 2
65537.0 2
81921.0 2
98305.0 2
1.0 2
16385.0 2
32769.0 2
49153.0 2
65537.0 2
81921.0 2
98305.0 2
1.0 2
16385.0 2
32769.0 2
65537.0 2
81921.0 2
1.0 2
16385.0 2
32769.0 2
65537.0 2
81921.0 2
98305.0 2
1.0 2
16385.0 2
32769.0 2
65537.0 2
81921.0 2
98305.0 2
1.0 2
16385.0 2
32769.0 2
49153.0 2
65537.0 2
81921.0 2
98305.0 2
114689.0 2
1.0 2
16385.0 2
32769.0 2
49153.0 2
65537.0 2
81921.0 2
98305.0 2
1.0 2
16385.0 2
65537.0 2
81921.0 2
98305.0 2
114689.0 2
1.0 2
16385.0 2
32769.0 2
65537.0 2
81921.0 2
98305.0 2
1.0 2
16385.0 2
65537.0 2
81921.0 2
98305.0 2
114689.0 2
1.0 2
16385.0 2
32769.0 2
65537.0 2
81921.0 2
98305.0 2
114689.0 2
1.0 2
16385.0 2
32769.0 2
65537.0 2
81921.0 2
98305.0 2
1.0 2
16385.0 2
65537.0 2
81921.0 2
98305.0 2
1.0 2
16385.0 2
32769.0 2
49153.0 2
65537.0 2
81921.0 2
98305.0 2
1.0 2
16385.0 2
32769.0 2
49153.0 2
65537.0 2
81921.0 2
1.0 2
16385.0 2
65537.0 2
81921.0 2
98305.0 2
1.0 2
16385.0 2
32769.0 2
65537.0 0
81921.0 2
98305.0 2
114689.0 2
1.0 2
16385.0 2
65537.0 2
81921.0 2
98305.0 0
1.0 0
16385.0 0
32769.0 0
49153.0 2
65537.0 0
81921.0 2
98305.0 0
1.0 0
16385.0 0
65537.0 2
81921.0 2
98305.0 0
1.0 0
16385.0 0
65537.0 0
81921.0 0
98305.0 0
1.0 0
16385.0 2
32769.0 0
49153.0 0
65537.0 0
81921.0 0
98305.0 0
1.0 0
16385.0 0
65537.0 0
81921.0 0
1.0 0
16385.0 0
32769.0 0
49153.0 0
65537.0 0
81921.0 0
98305.0 0
1.0 2
16385.0 0
65537.0 0
81921.0 0
98305.0 0
114689.0 0
1.0 0
16385.0 0
49153.0 0
65537.0 0
81921.0 0
114689.0 2
1.0 0
16385.0 0
49153.0 0
65537.0 0
81921.0 0
98305.0 0
114689.0 0
1.0 0
16385.0 2
49153.0 0
65537.0 0
81921.0 0
114689.0 0
1.0 0
16385.0 2
49153.0 0
65537.0 0
81921.0 2
98305.0 0
114689.0 0
1.0 0
16385.0 2
32769.0 0
49153.0 0
65537.0 2
114689.0 0
1.0 0
16385.0 2
49153.0 0
65537.0 0
81921.0 2
98305.0 0
114689.0 0
1.0 0
49153.0 2
65537.0 0
81921.0 0
98305.0 0
114689.0 2
1.0 0
16385.0 0
32769.0 0
49153.0 0
65537.0 2
81921.0 0
114689.0 0
1.0 0
16385.0 0
49153.0 0
65537.0 0
114689.0 0
1.0 0
49153.0 0
65537.0 2
81921.0 0
114689.0 0
1.0 0
16385.0 0
49153.0 0
65537.0 0
114689.0 2
1.0 0
16385.0 0
32769.0 0
49153.0 0
65537.0 2
81921.0 0
114689.0 0
1.0 0
16385.0 0
32769.0 2
49153.0 0
65537.0 0
81921.0 0
98305.0 0
114689.0 0
1.0 0
16385.0 0
32769.0 0
49153.0 0
65537.0 0
114689.0 0
1.0 0
16385.0 0
32769.0 0
49153.0 0
65537.0 0
81921.0 0
98305.0 0
114689.0 0
1.0 0
16385.0 0
32769.0 0
49153.0 0
98305.0 0
114689.0 0
32769.0 0
49153.0 0
65537.0 0
98305.0 0
114689.0 0
1.0 0
16385.0 0
32769.0 0
49153.0 0
65537.0 0
98305.0 0
114689.0 0
1.0 0
32769.0 0
49153.0 0
65537.0 0
81921.0 0
98305.0 0
16385.0 0
32769.0 0
81921.0 0
98305.0 0
114689.0 0
1.0 0
16385.0 0
32769.0 0
49153.0 0
65537.0 0
81921.0 0
98305.0 0
114689.0 0
1.0 0
16385.0 0
32769.0 0
49153.0 0
65537.0 0
81921.0 0
98305.0 0
114689.0 0
16386.0 0
32770.0 0
49154.0 0
65538.0 0
81922.0 0
98306.0 0
114690.0 0
2.0 0
16386.0 0
32770.0 0
49154.0 0
81922.0 0
98306.0 0
16386.0 0
32770.0 0
49154.0 2
65538.0 2
81922.0 2
98306.0 2
2.0 2
16386.0 2
32770.0 2
65538.0 2
81922.0 2
98306.0 2
2.0 2
16386.0 2
65538.0 2
81922.0 2
2.0 2
16386.0 2
32770.0 2
65538.0 2
81922.0 2
2.0 2
16386.0 2
32770.0 2
65538.0 2
81922.0 2
98306.0 2
114690.0 2
2.0 2
16386.0 2
65538.0 2
81922.0 2
98306.0 2
2.0 2
16386.0 2
32770.0 2
65538.0 2
81922.0 2
2.0 2
16386.0 2
32770.0 2
65538.0 2
81922.0 2
98306.0 2
2.0 2
16386.0 2
32770.0 2
49154.0 2
65538.0 2
81922.0 2
98306.0 2
2.0 2
16386.0 2
32770.0 2
65538.0 2
81922.0 2
98306.0 2
114690.0 2
2.0 2
16386.0 2
65538.0 2
81922.0 2
98306.0 2
2.0 2
16386.0 2
32770.0 2
65538.0 2
81922.0 2
98306.0 2
114690.0 2
2.0 2
16386.0 2
32770.0 2
49154.0 2
65538.0 2
81922.0 2
98306.0 2
114690.0 2
2.0 2
16386.0 2
32770.0 2
65538.0 2
81922.0 2
2.0 2
16386.0 2
32770.0 2
49154.0 2
65538.0 2
81922.0 2
114690.0 2
2.0 2
16386.0 2
32770.0 2
49154.0 2
98306.0 2
114690.0 2
2.0 2
16386.0 2
32770.0 2
49154.0 2
65538.0 2
81922.0 2
98306.0 2
114690.0 2
2.0 2
16386.0 2
32770.0 2
49154.0 2
65538.0 2
98306.0 2
114690.0 2
32770.0 2
49154.0 2
65538.0 2
81922.0 2
98306.0 2
114690.0 2
32770.0 2
49154.0 2
65538.0 2
98306.0 2
114690.0 2
2.0 2
32770.0 2
49154.0 2
65538.0 2
81922.0 2
98306.0 2
114690.0 2
2.0 2
16386.0 2
32770.0 2
49154.0 2
98306.0 2
114690.0 2
2.0 2
32770.0 2
49154.0 2
65538.0 2
81922.0 2
98306.0 2
114690.0 2
2.0 2
16386.0 2
32770.0 2
49154.0 2
81922.0 2
98306.0 2
114690.0 2
16386.0 2
32770.0 2
65538.0 2
81922.0 2
98306.0 2
2.0 2
16386.0 2
32770.0 2
49154.0 2
65538.0 2
81922.0 2
98306.0 2
114690.0 2
2.0 2
16386.0 2
32770.0 2
65538.0 2
81922.0 2
2.0 2
16386.0 2
32770.0 2
65538.0 2
81922.0 2
98306.0 2
114690.0 2
2.0 2
16386.0 2
32770.0 2
49154.0 2
65538.0 2
81922.0 2
98306.0 2
2.0 2
16386.0 2
32770.0 2
49154.0 2
65538.0 2
81922.0 2
2.0 2
16386.0 2
65538.0 2
81922.0 2
98306.0 2
114690.0 2
2.0 2
16386.0 2
32770.0 2
65538.0 2
81922.0 2
98306.0 2
114690.0 2
2.0 2
16386.0 2
32770.0 2
49154.0 2
65538.0 2
81922.0 2
2.0 2
16386.0 2
32770.0 2
65538.0 2
81922.0 2
98306.0 2
2.0 2
16386.0 2
32770.0 2
49154.0 2
65538.0 2
81922.0 2
98306.0 2
114690.0 2
2.0 2
16386.0 2
32770.0 2
65538.0 2
81922.0 2
98306.0 2
114690.0 2
2.0 2
16386.0 2
65538.0 2
81922.0 2
98306.0 2
2.0 2
16386.0 2
32770.0 2
65538.0 2
81922.0 2
98306.0 2
114690.0 2
2.0 2
49154.0 2
65538.0 2
81922.0 2
114690.0 0
2.0 0
49154.0 0
65538.0 2
81922.0 0
114690.0 0
2.0 0
16386.0 0
32770.0 0
49154.0 2
65538.0 2
81922.0 0
98306.0 2
114690.0 0
2.0 0
16386.0 2
49154.0 0
65538.0 2
81922.0 0
98306.0 0
114690.0 2
2.0 0
16386.0 0
32770.0 0
49154.0 2
65538.0 0
81922.0 0
98306.0 2
114690.0 2
2.0 0
16386.0 0
49154.0 2
65538.0 0
81922.0 0
98306.0 2
114690.0 2
2.0 0
32770.0 0
49154.0 0
65538.0 2
81922.0 0
98306.0 0
114690.0 0
2.0 2
16386.0 0
32770.0 0
49154.0 2
81922.0 0
98306.0 0
114690.0 0
2.0 2
16386.0 0
32770.0 0
81922.0 2
98306.0 0
114690.0 0
16386.0 0
32770.0 2
65538.0 0
81922.0 0
98306.0 0
114690.0 2
2.0 0
16386.0 0
65538.0 0
81922.0 0
98306.0 0
2.0 0
16386.0 0
32770.0 0
49154.0 2
65538.0 0
81922.0 0
98306.0 0
114690.0 0
2.0 0
16386.0 2
32770.0 0
49154.0 0
65538.0 0
81922.0 0
98306.0 0
114690.0 0
2.0 0
16386.0 0
32770.0 2
49154.0 0
65538.0 0
81922.0 0
114690.0 2
2.0 0
49154.0 0
65538.0 0
81922.0 0
114690.0 0
2.0 0
49154.0 0
65538.0 2
81922.0 0
98306.0 0
114690.0 0
2.0 0
16386.0 0
49154.0 0
65538.0 0
81922.0 0
98306.0 2
114690.0 0
2.0 0
16386.0 0
49154.0 0
65538.0 2
114690.0 0
2.0 0
49154.0 0
65538.0 0
114690.0 0
2.0 0
49154.0 2
65538.0 0
81922.0 0
114690.0 0
2.0 0
16386.0 0
49154.0 0
65538.0 2
81922.0 0
114690.0 0
2.0 0
16386.0 0
32770.0 0
49154.0 0
65538.0 0
81922.0 0
114690.0 0
2.0 0
16386.0 0
49154.0 0
65538.0 0
81922.0 0
114690.0 0
3.0 0
16387.0 0
32771.0 0
49155.0 0
65539.0 0
81923.0 0
114691.0 0
3.0 0
16387.0 0
32771.0 0
49155.0 0
65539.0 0
81923.0 0
98307.0 0
114691.0 0
3.0 2
16387.0 2
49155.0 2
65539.0 2
81923.0 2
114691.0 2
3.0 2
16387.0 2
32771.0 2
49155.0 2
65539.0 2
81923.0 2
114691.0 2
3.0 2
16387.0 2
32771.0 2
49155.0 2
65539.0 2
114691.0 2
3.0 2
16387.0 2
32771.0 2
49155.0 2
65539.0 2
81923.0 2
98307.0 2
114691.0 2
3.0 2
16387.0 2
32771.0 2
49155.0 2
65539.0 2
81923.0 2
114691.0 2
3.0 2
16387.0 2
49155.0 2
65539.0 2
81923.0 2
114691.0 2
3.0 2
16387.0 2
49155.0 2
65539.0 2
81923.0 2
98307.0 2
114691.0 2
3.0 2
49155.0 2
65539.0 2
81923.0 2
114691.0 2
3.0 2
16387.0 2
49155.0 2
65539.0 2
81923.0 2
114691.0 2
3.0 2
49155.0 2
65539.0 2
81923.0 2
98307.0 2
114691.0 2
3.0 2
16387.0 2
49155.0 2
65539.0 2
81923.0 2
114691.0 2
3.0 2
16387.0 2
49155.0 2
65539.0 2
81923.0 2
114691.0 2
3.0 2
16387.0 2
32771.0 2
49155.0 2
65539.0 2
81923.0 2
98307.0 2
114691.0 2
3.0 2
16387.0 2
49155.0 2
65539.0 2
81923.0 2
114691.0 2
3.0 2
16387.0 2
32771.0 2
49155.0 2
65539.0 2
114691.0 2
3.0 2
49155.0 2
65539.0 2
81923.0 2
114691.0 2
3.0 2
49155.0 2
65539.0 2
114691.0 2
3.0 2
16387.0 2
49155.0 2
65539.0 2
81923.0 2
98307.0 2
114691.0 2
3.0 2
16387.0 2
32771.0 2
49155.0 2
65539.0 2
81923.0 2
98307.0 2
114691.0 2
3.0 2
49155.0 2
65539.0 2
114691.0 2
3.0 2
16387.0 2
32771.0 2
49155.0 2
65539.0 2
81923.0 2
98307.0 2
114691.0 2
3.0 2
16387.0 2
32771.0 2
49155.0 2
65539.0 2
81923.0 2
114691.0 2
3.0 2
16387.0 2
32771.0 2
49155.0 2
65539.0 2
81923.0 2
114691.0 2
3.0 2
16387.0 2
49155.0 2
65539.0 2
81923.0 2
114691.0 2
3.0 2
16387.0 2
49155.0 2
65539.0 2
114691.0 2
3.0 2
16387.0 2
32771.0 2
49155.0 2
65539.0 2
81923.0 2
98307.0 2
114691.0 2
3.0 2
16387.0 2
32771.0 2
49155.0 2
65539.0 2
114691.0 2
3.0 2
16387.0 2
32771.0 2
49155.0 2
65539.0 2
81923.0 2
98307.0 2
114691.0 2
3.0 2
16387.0 2
49155.0 2
65539.0 2
81923.0 2
114691.0 2
3.0 2
49155.0 2
65539.0 2
81923.0 2
98307.0 2
114691.0 2
3.0 2
16387.0 2
32771.0 2
49155.0 2
65539.0 2
81923.0 2
114691.0 2
3.0 2
16387.0 2
32771.0 2
49155.0 2
65539.0 2
81923.0 2
114691.0 2
3.0 2
16387.0 2
49155.0 2
65539.0 2
114691.0 2
3.0 2
16387.0 2
49155.0 2
65539.0 2
81923.0 2
114691.0 2
3.0 2
16387.0 2
32771.0 2
49155.0 2
65539.0 2
81923.0 2
114691.0 2
3.0 2
16387.0 2
32771.0 2
49155.0 2
65539.0 2
81923.0 2
98307.0 2
114691.0 2
3.0 2
16387.0 2
32771.0 2
49155.0 2
65539.0 2
81923.0 2
114691.0 2
3.0 2
16387.0 2
32771.0 2
49155.0 2
65539.0 2
81923.0 2
114691.0 2
3.0 2
49155.0 2
65539.0 0
114691.0 2
3.0 2
49155.0 2
65539.0 2
114691.0 2
3.0 0
16387.0 0
49155.0 2
65539.0 0
114691.0 0
3.0 2
16387.0 0
32771.0 0
49155.0 0
65539.0 0
114691.0 0
3.0 0
49155.0 0
65539.0 0
114691.0 0
3.0 0
16387.0 0
32771.0 0
49155.0 0
65539.0 0
81923.0 0
98307.0 0
114691.0 2
3.0 0
16387.0 0
49155.0 0
65539.0 0
81923.0 0
98307.0 0
114691.0 0
3.0 0
16387.0 0
49155.0 2
65539.0 0
114691.0 0
3.0 0
16387.0 1
32771.0 0
49155.0 0
65539.0 2
81923.0 0
114691.0 0
3.0 0
16387.0 1
32771.0 0
49155.0 0
65539.0 2
81923.0 0
98307.0 0
114691.0 0
3.0 0
16387.0 0
49155.0 2
65539.0 0
81923.0 0
114691.0 0
3.0 0
16387.0 0
32771.0 0
49155.0 2
65539.0 0
81923.0 0
114691.0 0
3.0 1
16387.0 0
32771.0 0
49155.0 0
65539.0 0
114691.0 0
3.0 2
16387.0 0
49155.0 0
65539.0 0
114691.0 2
3.0 0
16387.0 0
49155.0 2
65539.0 0
81923.0 0
98307.0 0
114691.0 2
3.0 0
16387.0 0
32771.0 0
49155.0 0
65539.0 0
81923.0 0
98307.0 0
114691.0 0
3.0 0
16387.0 0
32771.0 0
49155.0 0
65539.0 0
81923.0 1
114691.0 0
3.0 0
16387.0 0
49155.0 2
65539.0 0
81923.0 0
114691.0 0
3.0 1
16387.0 0
32771.0 0
49155.0 0
65539.0 2
81923.0 0
98307.0 0
114691.0 0
3.0 0
16387.0 0
49155.0 0
65539.0 0
81923.0 0
114691.0 0
3.0 0
16387.0 0
32771.0 0
49155.0 1
65539.0 0
98307.0 0
114691.0 0
32771.0 1
49155.0 0
65539.0 0
81923.0 0
98307.0 0
114691.0 0
3.0 0
16387.0 0
32771.0 0
49155.0 0
98307.0 1
114691.0 0
32772.0 0
49156.0 0
65540.0 0
98308.0 0
114692.0 0
4.0 0
32772.0 0
49156.0 2
65540.0 0
98308.0 0
114692.0 0
4.0 1
32772.0 0
49156.0 1
98308.0 0
114692.0 2
4.0 2
32772.0 2
49156.0 2
65540.0 2
81924.0 2
98308.0 2
114692.0 2
32772.0 2
49156.0 2
65540.0 2
98308.0 2
114692.0 2
4.0 2
16388.0 2
32772.0 2
49156.0 2
65540.0 2
98308.0 2
114692.0 2
4.0 2
32772.0 2
49156.0 2
98308.0 2
114692.0 2
4.0 2
16388.0 2
32772.0 2
49156.0 2
65540.0 2
81924.0 2
98308.0 2
114692.0 2
4.0 2
16388.0 2
32772.0 2
81924.0 2
98308.0 2
114692.0 2
16388.0 2
32772.0 2
49156.0 2
81924.0 2
98308.0 2
114692.0 2
4.0 2
16388.0 2
32772.0 2
81924.0 2
98308.0 2
114692.0 2
16388.0 2
32772.0 2
49156.0 2
81924.0 2
98308.0 2
114692.0 2
4.0 2
16388.0 2
32772.0 2
81924.0 2
98308.0 2
114692.0 2
16388.0 2
32772.0 2
81924.0 2
98308.0 2
114692.0 2
4.0 2
16388.0 2
32772.0 2
81924.0 2
98308.0 2
114692.0 2
4.0 2
16388.0 2
32772.0 2
49156.0 2
65540.0 2
81924.0 2
98308.0 2
114692.0 2
4.0 2
16388.0 2
32772.0 2
81924.0 2
98308.0 2
16388.0 2
32772.0 2
49156.0 2
81924.0 2
98308.0 2
114692.0 2
16388.0 2
32772.0 2
49156.0 2
65540.0 2
81924.0 2
98308.0 2
114692.0 2
16388.0 2
32772.0 2
49156.0 2
65540.0 2
81924.0 2
98308.0 2
114692.0 2
4.0 2
16388.0 2
32772.0 2
49156.0 2
81924.0 2
98308.0 2
114692.0 2
16388.0 2
32772.0 2
49156.0 2
65540.0 2
81924.0 2
98308.0 2
114692.0 2
4.0 2
16388.0 2
32772.0 2
49156.0 2
65540.0 2
81924.0 2
98308.0 2
114692.0 2
4.0 2
16388.0 2
32772.0 2
81924.0 2
98308.0 2
114692.0 2
4.0 2
16388.0 2
32772.0 2
49156.0 2
65540.0 2
81924.0 2
98308.0 2
114692.0 2
16388.0 2
32772.0 2
81924.0 2
98308.0 2
114692.0 2
4.0 2
16388.0 2
32772.0 2
49156.0 2
81924.0 2
98308.0 2
114692.0 2
4.0 2
16388.0 2
32772.0 2
49156.0 2
65540.0 2
81924.0 2
98308.0 2
114692.0 2
16388.0 2
32772.0 2
49156.0 2
65540.0 2
81924.0 2
98308.0 2
16388.0 2
32772.0 2
49156.0 2
81924.0 2
98308.0 2
114692.0 2
4.0 2
16388.0 2
32772.0 2
49156.0 2
81924.0 2
98308.0 2
114692.0 2
16388.0 2
32772.0 2
49156.0 2
65540.0 2
81924.0 2
98308.0 2
114692.0 2
4.0 2
16388.0 2
32772.0 2
49156.0 2
81924.0 2
98308.0 2
114692.0 2
4.0 2
16388.0 2
32772.0 2
81924.0 2
98308.0 2
114692.0 2
16388.0 2
32772.0 2
49156.0 2
81924.0 2
98308.0 2
16388.0 2
32772.0 2
49156.0 2
65540.0 2
81924.0 2
98308.0 2
16388.0 2
32772.0 2
49156.0 2
81924.0 2
98308.0 2
114692.0 2
16388.0 2
32772.0 2
49156.0 2
65540.0 2
81924.0 2
98308.0 2
16388.0 2
32772.0 2
49156.0 2
81924.0 2
98308.0 2
114692.0 2
16388.0 2
32772.0 2
49156.0 2
65540.0 2
81924.0 2
98308.0 2
114692.0 2
16388.0 2
32772.0 2
49156.0 2
65540.0 2
81924.0 2
98308.0 2
114692.0 2
16388.0 2
32772.0 2
49156.0 2
65540.0 2
81924.0 2
98308.0 2
16388.0 0
32772.0 2
49156.0 2
65540.0 2
81924.0 2
98308.0 2
114692.0 2
4.0 2
16388.0 2
65540.0 2
81924.0 2
4.0 2
16388.0 2
32772.0 2
49156.0 2
65540.0 2
81924.0 2
98308.0 2
114692.0 2
4.0 2
16388.0 2
32772.0 2
49156.0 2
65540.0 2
81924.0 2
98308.0 0
114692.0 2
4.0 2
16388.0 2
32772.0 2
49156.0 2
65540.0 2
81924.0 2
98308.0 0
114692.0 2
4.0 2
16388.0 0
32772.0 2
49156.0 2
65540.0 2
81924.0 0
98308.0 0
114692.0 2
4.0 2
16388.0 0
32772.0 2
49156.0 2
65540.0 2
81924.0 0
98308.0 0
114692.0 2
4.0 2
16388.0 0
32772.0 0
49156.0 2
65540.0 2
81924.0 0
98308.0 0
114692.0 2
32772.0 2
49156.0 0
65540.0 0
98308.0 2
114692.0 2
4.0 0
16388.0 0
32772.0 2
49156.0 2
65540.0 0
81924.0 0
98308.0 2
114692.0 2
32772.0 0
49156.0 2
65540.0 0
81924.0 2
98308.0 2
114692.0 0
4.0 0
16388.0 2
32772.0 2
49156.0 0
65540.0 0
98308.0 2
114692.0 0
4.0 0
16388.0 2
32772.0 0
49156.0 0
65540.0 2
81924.0 0
98308.0 0
114692.0 0
4.0 2
16388.0 0
32772.0 0
49156.0 0
65540.0 2
81924.0 0
98308.0 0
114692.0 2
4.0 0
16388.0 0
32772.0 0
49156.0 2
65540.0 0
98308.0 0
114692.0 0
4.0 2
16388.0 0
32772.0 0
49156.0 0
65540.0 2
81924.0 0
98308.0 0
114692.0 0
4.0 2
32772.0 0
49156.0 0
98308.0 0
114692.0 2
32772.0 0
49156.0 0
65540.0 2
81924.0 0
98308.0 0
114692.0 0
4.0 2
32772.0 0
49156.0 0
65540.0 0
98308.0 2
114692.0 0
4.0 0
16388.0 0
32772.0 0
49156.0 0
65540.0 0
98308.0 2
114692.0 0
32772.0 0
49156.0 0
65540.0 2
98308.0 0
114692.0 0
32773.0 2
49157.0 0
65541.0 0
81925.0 2
98309.0 0
114693.0 0
5.0 0
16389.0 2
32773.0 0
49157.0 0
65541.0 0
98309.0 0
114693.0 2
5.0 0
32773.0 0
49157.0 2
65541.0 2
98309.0 2
114693.0 2
5.0 2
32773.0 2
49157.0 2
98309.0 2
114693.0 2
32773.0 2
49157.0 2
65541.0 2
81925.0 2
98309.0 2
114693.0 2
5.0 2
16389.0 2
32773.0 2
49157.0 2
65541.0 2
98309.0 2
114693.0 2
5.0 2
16389.0 2
32773.0 2
49157.0 2
65541.0 2
81925.0 2
98309.0 2
114693.0 2
5.0 2
32773.0 2
49157.0 2
65541.0 2
98309.0 2
114693.0 2
32773.0 2
49157.0 2
65541.0 2
98309.0 2
114693.0 2
32773.0 2
49157.0 2
65541.0 2
81925.0 2
98309.0 2
114693.0 2
32773.0 2
49157.0 2
98309.0 2
114693.0 2
5.0 2
32773.0 2
49157.0 2
65541.0 2
98309.0 2
114693.0 2
5.0 2
32773.0 2
49157.0 2
98309.0 2
114693.0 2
5.0 2
16389.0 2
32773.0 2
49157.0 2
65541.0 2
98309.0 2
114693.0 2
32773.0 2
49157.0 2
65541.0 2
98309.0 2
114693.0 2
5.0 2
32773.0 2
49157.0 2
65541.0 2
98309.0 2
114693.0 2
5.0 2
32773.0 2
49157.0 2
65541.0 2
81925.0 2
98309.0 2
114693.0 2
5.0 2
16389.0 2
32773.0 2
49157.0 2
65541.0 2
81925.0 2
98309.0 2
114693.0 2
16389.0 2
32773.0 2
49157.0 2
65541.0 2
81925.0 2
98309.0 2
114693.0 2
16389.0 2
32773.0 2
49157.0 2
81925.0 2
98309.0 2
114693.0 2
16389.0 2
32773.0 2
81925.0 2
98309.0 2
114693.0 2
5.0 2
16389.0 2
32773.0 2
81925.0 2
98309.0 2
114693.0 2
16389.0 2
32773.0 2
49157.0 2
81925.0 2
98309.0 2
16389.0 2
32773.0 2
49157.0 2
65541.0 2
81925.0 2
98309.0 2
114693.0 2
16389.0 2
32773.0 2
49157.0 2
81925.0 2
98309.0 2
16389.0 2
32773.0 2
49157.0 2
65541.0 2
81925.0 2
98309.0 2
114693.0 2
5.0 2
16389.0 2
32773.0 2
49157.0 2
81925.0 2
98309.0 2
114693.0 2
16389.0 2
32773.0 2
81925.0 2
98309.0 2
16389.0 2
32773.0 2
81925.0 2
98309.0 2
114693.0 2
16389.0 2
32773.0 2
81925.0 2
98309.0 2
16389.0 2
32773.0 2
81925.0 2
98309.0 2
114693.0 2
16389.0 2
32773.0 2
49157.0 2
65541.0 2
81925.0 2
98309.0 2
114693.0 2
16389.0 2
32773.0 2
49157.0 2
81925.0 2
98309.0 2
16389.0 2
32773.0 2
81925.0 2
98309.0 2
16389.0 2
32773.0 2
49157.0 2
81925.0 2
98309.0 2
114693.0 2
16389.0 2
32773.0 2
49157.0 2
65541.0 2
81925.0 2
98309.0 2
114693.0 2
5.0 2
16389.0 2
32773.0 2
49157.0 2
81925.0 2
98309.0 2
114693.0 2
16389.0 2
32773.0 2
81925.0 2
98309.0 2
114693.0 2
5.0 2
16389.0 2
32773.0 2
49157.0 2
65541.0 2
81925.0 2
98309.0 2
114693.0 2
5.0 2
16389.0 2
32773.0 2
49157.0 2
81925.0 2
98309.0 2
16389.0 2
32773.0 2
49157.0 2
65541.0 2
81925.0 2
98309.0 2
114693.0 2
5.0 2
16389.0 2
32773.0 2
81925.0 2
98309.0 2
114693.0 2
5.0 2
16389.0 2
32773.0 2
49157.0 2
65541.0 2
81925.0 2
98309.0 2
114693.0 2
5.0 2
16389.0 2
32773.0 2
49157.0 2
65541.0 2
81925.0 2
98309.0 2
16389.0 2
32773.0 2
81925.0 2
98309.0 2
114693.0 2
16389.0 2
32773.0 2
81925.0 2
98309.0 2
114693.0 2
16389.0 2
32773.0 2
49157.0 2
65541.0 2
81925.0 2
98309.0 2
114693.0 0
16389.0 2
32773.0 2
49157.0 2
65541.0 2
81925.0 2
98309.0 2
114693.0 2
5.0 2
16389.0 2
32773.0 2
81925.0 2
98309.0 2
16389.0 2
32773.0 2
49157.0 2
65541.0 2
81925.0 2
98309.0 2
114693.0 2
5.0 2
16389.0 2
32773.0 2
81925.0 2
98309.0 2
114693.0 2
16389.0 2
32773.0 2
49157.0 2
81925.0 0
98309.0 2
114693.0 2
16389.0 2
32773.0 2
49157.0 2
65541.0 2
81925.0 2
114693.0 0
5.0 2
16389.0 0
32773.0 2
49157.0 2
65541.0 0
81925.0 2
114693.0 2
5.0 0
16389.0 2
32773.0 2
49157.0 0
65541.0 2
81925.0 2
98309.0 2
114693.0 0
5.0 2
16389.0 2
32773.0 0
49157.0 2
65541.0 2
81925.0 2
98309.0 0
114693.0 2
5.0 2
16389.0 0
49157.0 0
65541.0 2
81925.0 2
98309.0 0
114693.0 0
5.0 2
49157.0 2
65541.0 0
81925.0 2
98309.0 2
114693.0 2
5.0 0
16389.0 0
49157.0 2
65541.0 2
114693.0 0
5.0 2
16389.0 2
49157.0 0
65541.0 0
81925.0 2
114693.0 0
5.0 2
16389.0 0
49157.0 0
65541.0 0
81925.0 2
98309.0 2
114693.0 0
5.0 2
16389.0 0
49157.0 2
65541.0 2
81925.0 2
114693.0 2
5.0 2
49157.0 0
65541.0 2
81925.0 2
98309.0 0
114693.0 2
6.0 2
16390.0 0
32774.0 0
49158.0 2
65542.0 2
81926.0 2
98310.0 2
114694.0 2
6.0 0
16390.0 2
49158.0 0
65542.0 2
81926.0 2
98310.0 0
114694.0 0
6.0 2
16390.0 2
32774.0 2
49158.0 2
65542.0 2
114694.0 2
6.0 2
16390.0 2
49158.0 2
65542.0 2
81926.0 2
98310.0 2
114694.0 2
6.0 2
16390.0 2
49158.0 2
65542.0 2
114694.0 2
6.0 2
16390.0 2
49158.0 2
65542.0 2
81926.0 2
98310.0 2
114694.0 2
6.0 2
32774.0 2
49158.0 2
65542.0 2
81926.0 2
98310.0 2
114694.0 2
6.0 2
32774.0 2
49158.0 2
65542.0 2
81926.0 2
98310.0 2
114694.0 2
6.0 2
32774.0 2
49158.0 2
65542.0 2
81926.0 2
98310.0 2
114694.0 2
32774.0 2
49158.0 2
65542.0 2
98310.0 2
114694.0 2
6.0 2
16390.0 2
32774.0 2
49158.0 2
65542.0 2
98310.0 2
114694.0 2
6.0 2
16390.0 2
32774.0 2
49158.0 2
98310.0 2
114694.0 2
6.0 2
32774.0 2
49158.0 2
65542.0 2
98310.0 2
114694.0 2
6.0 2
32774.0 2
49158.0 2
98310.0 2
114694.0 2
32774.0 2
49158.0 2
65542.0 2
98310.0 2
114694.0 2
32774.0 2
49158.0 2
65542.0 2
98310.0 2
114694.0 2
6.0 2
32774.0 2
49158.0 2
65542.0 2
81926.0 2
98310.0 2
114694.0 2
32774.0 2
49158.0 2
65542.0 2
98310.0 2
114694.0 2
6.0 2
16390.0 2
32774.0 2
49158.0 2
65542.0 2
81926.0 2
98310.0 2
114694.0 2
6.0 2
16390.0 2
32774.0 2
49158.0 2
65542.0 2
98310.0 2
114694.0 2
6.0 2
32774.0 2
49158.0 2
98310.0 2
114694.0 2
32774.0 2
49158.0 2
98310.0 2
114694.0 2
6.0 2
16390.0 2
32774.0 2
49158.0 2
65542.0 2
81926.0 2
98310.0 2
114694.0 2
6.0 2
16390.0 2
32774.0 2
49158.0 2
65542.0 2
81926.0 2
98310.0 2
114694.0 2
6.0 2
16390.0 2
32774.0 2
49158.0 2
65542.0 2
98310.0 2
114694.0 2
6.0 2
32774.0 2
49158.0 2
65542.0 2
98310.0 2
114694.0 2
6.0 2
16390.0 2
32774.0 2
49158.0 2
65542.0 2
98310.0 2
114694.0 2
6.0 2
16390.0 2
32774.0 2
49158.0 2
65542.0 2
98310.0 2
114694.0 2
6.0 2
16390.0 2
32774.0 2
49158.0 2
65542.0 2
81926.0 2
98310.0 2
114694.0 2
6.0 2
32774.0 2
49158.0 2
65542.0 2
81926.0 2
98310.0 2
114694.0 2
6.0 2
16390.0 2
32774.0 2
81926.0 2
98310.0 2
16390.0 2
32774.0 2
49158.0 2
81926.0 2
98310.0 2
114694.0 2
16390.0 2
32774.0 2
81926.0 2
98310.0 2
114694.0 2
16390.0 2
32774.0 2
49158.0 2
65542.0 2
81926.0 2
98310.0 2
114694.0 2
16390.0 2
32774.0 2
49158.0 2
81926.0 2
98310.0 2
16390.0 2
32774.0 2
49158.0 2
81926.0 2
98310.0 2
114694.0 2
16390.0 2
32774.0 2
49158.0 2
81926.0 2
98310.0 2
114694.0 2
6.0 2
16390.0 2
32774.0 2
49158.0 2
81926.0 2
98310.0 2
114694.0 2
6.0 2
16390.0 2
32774.0 2
49158.0 2
81926.0 2
98310.0 2
16390.0 2
32774.0 2
81926.0 2
98310.0 2
114694.0 2
16390.0 2
32774.0 2
49158.0 2
65542.0 2
81926.0 2
98310.0 2
114694.0 2
6.0 2
16390.0 2
32774.0 2
49158.0 2
65542.0 2
81926.0 2
98310.0 2
16390.0 2
32774.0 2
