32768.0 0
49152.0 0
65536.0 0
81920.0 0
98304.0 0
114688.0 0
0.0 0
16384.0 0
49152.0 0
65536.0 0
81920.0 0
114688.0 0
0.0 0
16384.0 0
32768.0 0
49152.0 0
65536.0 0
81920.0 0
98304.0 0
114688.0 0
0.0 0
16384.0 0
49152.0 0
65536.0 0
81920.0 0
98304.0 0
114688.0 0
0.0 0
16384.0 0
49152.0 0
65536.0 0
81920.0 0
114688.0 0
0.0 0
16384.0 0
49152.0 0
65536.0 0
81920.0 0
114688.0 0
0.0 0
16384.0 0
32768.0 0
49152.0 0
65536.0 0
114688.0 0
0.0 0
16384.0 0
49152.0 0
65536.0 0
114688.0 0
0.0 0
49152.0 0
65536.0 0
81920.0 0
114688.0 0
0.0 0
16384.0 0
49152.0 0
65536.0 0
81920.0 0
98304.0 0
114688.0 0
0.0 0
49152.0 0
65536.0 0
81920.0 0
98304.0 0
114688.0 0
0.0 0
16384.0 0
32768.0 0
49152.0 0
65536.0 0
81920.0 0
114688.0 0
0.0 0
16384.0 0
32768.0 0
49152.0 0
65536.0 0
81920.0 0
98304.0 0
114688.0 0
0.0 0
16384.0 0
32768.0 0
49152.0 0
65536.0 0
81920.0 0
98304.0 0
114688.0 0
0.0 0
16384.0 0
49152.0 0
65536.0 0
81920.0 0
114688.0 0
0.0 0
16384.0 0
32768.0 0
49152.0 0
65536.0 0
114688.0 0
0.0 0
16384.0 0
32768.0 0
49152.0 0
65536.0 0
81920.0 0
98304.0 0
114688.0 0
0.0 0
16384.0 0
49152.0 0
65536.0 0
81920.0 0
114688.0 0
0.0 0
16384.0 0
49152.0 0
65536.0 0
81920.0 0
114688.0 0
0.0 0
16384.0 0
32768.0 0
49152.0 0
65536.0 0
81920.0 0
98304.0 0
114688.0 0
0.0 0
16384.0 0
32768.0 0
49152.0 0
65536.0 0
81920.0 0
98304.0 0
114688.0 0
0.0 0
49152.0 0
65536.0 0
81920.0 0
114688.0 0
0.0 0
49152.0 0
65536.0 0
81920.0 0
98304.0 0
114688.0 0
0.0 0
16384.0 0
32768.0 0
49152.0 0
65536.0 0
81920.0 0
98304.0 0
114688.0 0
0.0 0
16384.0 0
49152.0 0
65536.0 0
81920.0 0
114688.0 0
0.0 0
16384.0 0
32768.0 0
49152.0 0
65536.0 0
81920.0 0
114688.0 0
0.0 0
16384.0 0
49152.0 0
65536.0 0
114688.0 0
0.0 0
16384.0 0
49152.0 0
65536.0 0
81920.0 0
114688.0 0
0.0 0
16384.0 0
32768.0 0
49152.0 0
65536.0 0
81920.0 0
98304.0 0
114688.0 0
0.0 0
16384.0 0
32768.0 0
49152.0 0
65536.0 0
81920.0 0
98304.0 0
114688.0 0
0.0 0
16384.0 0
32768.0 0
49152.0 0
65536.0 0
114688.0 0
0.0 0
16384.0 0
49152.0 0
65536.0 0
81920.0 0
98304.0 0
114688.0 0
0.0 0
16384.0 0
32768.0 0
49152.0 0
65536.0 0
81920.0 0
114688.0 0
0.0 0
16384.0 0
49152.0 0
65536.0 0
81920.0 0
98304.0 0
114688.0 0
0.0 0
16384.0 0
49152.0 0
65536.0 0
81920.0 0
114688.0 0
0.0 0
16384.0 0
49152.0 0
65536.0 0
81920.0 0
114688.0 0
0.0 0
16384.0 0
49152.0 0
65536.0 0
114688.0 0
0.0 0
16384.0 0
49152.0 0
65536.0 0
114688.0 0
0.0 0
16384.0 0
49152.0 0
65536.0 0
81920.0 0
98304.0 0
114688.0 0
0.0 0
16384.0 0
49152.0 0
65536.0 0
81920.0 0
114688.0 0
0.0 0
16384.0 0
32768.0 0
49152.0 0
65536.0 0
81920.0 0
114688.0 0
0.0 0
16384.0 0
49152.0 0
65536.0 0
81920.0 0
98304.0 0
114688.0 0
0.0 0
16384.0 0
49152.0 0
65536.0 0
81920.0 0
98304.0 0
114688.0 0
0.0 0
16384.0 0
49152.0 0
65536.0 0
81920.0 0
114688.0 0
0.0 0
49152.0 0
65536.0 0
114688.0 0
0.0 0
49152.0 0
65536.0 0
81920.0 0
98304.0 0
114688.0 0
0.0 0
16384.0 0
32768.0 0
49152.0 0
65536.0 0
81920.0 0
114688.0 0
0.0 0
16384.0 0
49152.0 0
65536.0 0
81920.0 0
114688.0 0
0.0 0
16384.0 0
49152.0 0
65536.0 0
114688.0 0
0.0 0
16384.0 0
49152.0 0
65536.0 0
114688.0 0
0.0 0
16384.0 0
49152.0 0
65536.0 0
81920.0 0
114688.0 0
0.0 0
49152.0 0
65536.0 0
81920.0 0
98304.0 0
114688.0 0
0.0 0
49152.0 0
65536.0 0
81920.0 0
114688.0 0
0.0 0
16384.0 0
32768.0 0
49152.0 0
65536.0 0
114688.0 0
0.0 0
16384.0 0
49152.0 0
65536.0 0
81920.0 0
114688.0 0
0.0 0
16384.0 0
49152.0 0
65536.0 0
81920.0 0
114688.0 0
0.0 0
16384.0 0
49152.0 0
65536.0 0
81920.0 0
114688.0 0
0.0 0
16384.0 0
49152.0 0
65536.0 0
114688.0 0
0.0 0
16384.0 0
32768.0 0
49152.0 0
65536.0 0
81920.0 0
98304.0 0
114688.0 0
0.0 0
16384.0 0
32768.0 0
49152.0 0
65536.0 0
81920.0 0
98304.0 0
114688.0 0
0.0 0
32768.0 0
49152.0 0
65536.0 0
98304.0 0
114688.0 0
1.0 0
32769.0 0
49153.0 0
65537.0 0
98305.0 0
114689.0 0
1.0 0
16385.0 0
32769.0 0
49153.0 0
65537.0 0
81921.0 0
98305.0 0
114689.0 0
1.0 0
16385.0 0
32769.0 0
49153.0 0
98305.0 0
114689.0 0
1.0 0
16385.0 0
32769.0 0
49153.0 0
65537.0 0
81921.0 0
98305.0 0
114689.0 0
1.0 0
32769.0 0
49153.0 0
65537.0 0
81921.0 0
98305.0 0
114689.0 0
1.0 0
32769.0 0
49153.0 0
65537.0 0
98305.0 0
114689.0 0
1.0 0
16385.0 0
32769.0 0
49153.0 0
65537.0 0
81921.0 0
98305.0 0
16385.0 0
32769.0 0
81921.0 0
98305.0 0
114689.0 0
16385.0 0
32769.0 0
49153.0 0
65537.0 0
81921.0 0
98305.0 0
114689.0 0
16385.0 0
32769.0 0
49153.0 0
65537.0 0
81921.0 0
98305.0 0
114689.0 0
1.0 0
16385.0 0
32769.0 0
49153.0 0
65537.0 0
81921.0 0
98305.0 0
114689.0 0
16385.0 0
32769.0 0
49153.0 0
65537.0 0
81921.0 0
98305.0 0
114689.0 0
16385.0 0
32769.0 0
49153.0 0
81921.0 0
98305.0 0
114689.0 0
16385.0 0
32769.0 0
49153.0 0
65537.0 0
81921.0 0
98305.0 0
1.0 0
16385.0 0
32769.0 0
49153.0 0
65537.0 0
81921.0 0
98305.0 0
1.0 0
16385.0 0
32769.0 0
65537.0 0
81921.0 0
98305.0 0
114689.0 0
1.0 0
16385.0 0
32769.0 0
49153.0 0
65537.0 0
81921.0 0
98305.0 0
1.0 0
16385.0 0
32769.0 0
49153.0 0
65537.0 0
81921.0 0
98305.0 0
1.0 0
16385.0 0
32769.0 0
65537.0 0
81921.0 0
1.0 0
16385.0 0
32769.0 0
65537.0 0
81921.0 0
98305.0 0
1.0 0
16385.0 0
32769.0 0
65537.0 0
81921.0 0
98305.0 0
1.0 0
16385.0 0
32769.0 0
49153.0 0
65537.0 0
81921.0 0
98305.0 0
114689.0 0
1.0 0
16385.0 0
32769.0 0
49153.0 0
65537.0 0
81921.0 0
98305.0 0
1.0 0
16385.0 0
65537.0 0
81921.0 0
98305.0 0
114689.0 0
1.0 0
16385.0 0
32769.0 0
65537.0 0
81921.0 0
98305.0 0
1.0 0
16385.0 0
65537.0 0
81921.0 0
98305.0 0
114689.0 0
1.0 0
16385.0 0
32769.0 0
65537.0 0
81921.0 0
98305.0 0
114689.0 0
1.0 0
16385.0 0
32769.0 0
65537.0 0
81921.0 0
98305.0 0
1.0 0
16385.0 0
65537.0 0
81921.0 0
98305.0 0
1.0 0
16385.0 0
32769.0 0
49153.0 0
65537.0 0
81921.0 0
98305.0 0
1.0 0
16385.0 0
32769.0 0
49153.0 0
65537.0 0
81921.0 0
1.0 0
16385.0 0
65537.0 0
81921.0 0
98305.0 0
1.0 0
16385.0 0
32769.0 0
65537.0 0
81921.0 0
98305.0 0
114689.0 0
1.0 0
16385.0 0
65537.0 0
81921.0 0
98305.0 0
1.0 0
16385.0 0
32769.0 0
49153.0 0
65537.0 0
81921.0 0
98305.0 0
1.0 0
16385.0 0
65537.0 0
81921.0 0
98305.0 0
1.0 0
16385.0 0
65537.0 0
81921.0 0
98305.0 0
1.0 0
16385.0 0
32769.0 0
49153.0 0
65537.0 0
81921.0 0
98305.0 0
1.0 0
16385.0 0
65537.0 0
81921.0 0
1.0 0
16385.0 0
32769.0 0
49153.0 0
65537.0 0
81921.0 0
98305.0 0
1.0 0
16385.0 0
65537.0 0
81921.0 0
98305.0 0
114689.0 0
1.0 0
16385.0 0
49153.0 0
65537.0 0
81921.0 0
114689.0 0
1.0 0
16385.0 0
49153.0 0
65537.0 0
81921.0 0
98305.0 0
114689.0 0
1.0 0
16385.0 0
49153.0 0
65537.0 0
81921.0 0
114689.0 0
1.0 0
16385.0 0
49153.0 0
65537.0 0
81921.0 0
98305.0 0
114689.0 0
1.0 0
16385.0 0
32769.0 0
49153.0 0
65537.0 0
114689.0 0
1.0 0
16385.0 0
49153.0 0
65537.0 0
81921.0 0
98305.0 0
114689.0 0
1.0 0
49153.0 0
65537.0 0
81921.0 0
98305.0 0
114689.0 0
1.0 0
16385.0 0
32769.0 0
49153.0 0
65537.0 0
81921.0 0
114689.0 0
1.0 0
16385.0 0
49153.0 0
65537.0 0
114689.0 0
1.0 0
49153.0 0
65537.0 0
81921.0 0
114689.0 0
1.0 0
16385.0 0
49153.0 0
65537.0 0
114689.0 0
1.0 0
16385.0 0
32769.0 0
49153.0 0
65537.0 0
81921.0 0
114689.0 0
1.0 0
16385.0 0
32769.0 0
49153.0 0
65537.0 0
81921.0 0
98305.0 0
114689.0 0
1.0 0
16385.0 0
32769.0 0
49153.0 0
65537.0 0
114689.0 0
1.0 0
16385.0 0
32769.0 0
