32768.0 0
49152.0 0
65536.0 0
81920.0 0
98304.0 0
114688.0 0
0.0 0
16384.0 0
49152.0 0
65536.0 0
81920.0 0
114688.0 0
0.0 0
16384.0 0
32768.0 0
49152.0 0
65536.0 0
81920.0 0
98304.0 0
114688.0 0
0.0 0
16384.0 0
49152.0 0
65536.0 0
81920.0 0
98304.0 0
114688.0 0
0.0 0
16384.0 0
49152.0 0
65536.0 0
81920.0 0
114688.0 0
0.0 0
16384.0 0
49152.0 0
65536.0 0
81920.0 0
114688.0 0
0.0 0
16384.0 0
32768.0 0
49152.0 0
65536.0 0
114688.0 0
0.0 0
16384.0 0
49152.0 0
65536.0 0
114688.0 0
0.0 0
49152.0 0
65536.0 0
81920.0 0
114688.0 0
0.0 0
16384.0 0
49152.0 0
65536.0 0
81920.0 0
98304.0 0
114688.0 0
0.0 0
49152.0 0
65536.0 0
81920.0 0
98304.0 0
114688.0 0
0.0 0
16384.0 0
32768.0 0
49152.0 0
65536.0 0
81920.0 0
114688.0 0
0.0 0
16384.0 0
32768.0 0
49152.0 0
65536.0 0
81920.0 0
98304.0 0
114688.0 0
0.0 0
16384.0 0
32768.0 0
49152.0 0
65536.0 0
81920.0 0
98304.0 0
114688.0 0
0.0 0
16384.0 0
49152.0 0
65536.0 0
81920.0 0
114688.0 0
0.0 0
16384.0 0
32768.0 0
49152.0 0
65536.0 0
114688.0 0
0.0 0
16384.0 0
32768.0 0
49152.0 0
65536.0 0
81920.0 0
98304.0 0
114688.0 0
0.0 0
16384.0 0
49152.0 0
65536.0 0
81920.0 0
114688.0 0
0.0 0
16384.0 0
49152.0 0
65536.0 0
81920.0 0
114688.0 0
0.0 0
16384.0 0
32768.0 0
49152.0 0
65536.0 0
81920.0 0
98304.0 0
114688.0 0
0.0 0
16384.0 0
32768.0 0
49152.0 0
65536.0 0
81920.0 0
98304.0 0
114688.0 0
0.0 0
49152.0 0
65536.0 0
81920.0 0
114688.0 0
0.0 0
49152.0 0
65536.0 0
81920.0 0
98304.0 0
114688.0 0
0.0 0
16384.0 0
32768.0 0
49152.0 0
65536.0 0
81920.0 0
98304.0 0
114688.0 0
0.0 0
16384.0 0
49152.0 0
65536.0 0
81920.0 0
114688.0 0
0.0 0
16384.0 0
32768.0 0
49152.0 0
65536.0 0
81920.0 0
114688.0 0
0.0 0
16384.0 0
49152.0 0
65536.0 0
114688.0 0
0.0 0
16384.0 0
49152.0 0
65536.0 0
81920.0 0
114688.0 0
0.0 0
16384.0 0
32768.0 0
49152.0 0
65536.0 0
81920.0 0
98304.0 0
114688.0 0
0.0 0
16384.0 0
32768.0 0
49152.0 0
65536.0 0
81920.0 0
