65538 10
114842 25
198 18
114881 14
114733 50
114860 17
82139 2
217 17
114721 58
82094 35
65569 65
114918 12
27 78
65789 17
115033 10
114783 61
114869 48
115009 22
115039 17
0 87
114793 80
114864 75
16622 53
98330 63
114915 61
115061 51
32816 123
114773 121
114782 125
114829 122
114894 117
213 119
114715 162
98340 189
82298 126
49410 77
313 114
245 83
115067 155
19 219
114831 240
98569 155
114906 219
114882 242
33026 179
114991 175
98588 144
98354 370
114778 423
114839 427
380 201
98579 385
382 434
82175 380
16766 281
115029 489
259 502
33117 397
0 634
114792 766
65769 662
308 337
114865 786
115043 489
381 721
82101 967
235 727
33057 699
114986 463
33078 964
114988 370
307 725
98590 873
82124 313
114742 1086
82218 900
98387 1099
114996 906
114947 687
341 921
16690 1068
16607 398
98539 383
49449 1142
65588 261
82320 766
33041 751
385 1061
82030 281
114802 272
110 297
114834 1570
114858 1578
65611 377
49234 351
16418 1637
49258 747
82031 732
114814 540
65652 830
114757 1996
58 546
16442 855
16434 462
252 1316
114732 1206
48 1272
33006 1890
98700 2198
49252 1457
49253 1495
108 1477
44 866
114776 2664
223 1933
49281 687
81972 1548
82195 2341
65642 1250
16507 702
114765 1640
114775 1613
114859 609
49254 2194
114767 1374
114830 656
82042 1569
16448 880
82079 1495
65668 1608
81965 2594
229 4394
65650 2618
98420 3774
114726 2638
81966 5306
65644 6110
98411 18042
