4 6111
5 4
6 37334
7 4968
8 5145
9 105
10 46668
11 9811
12 16984
13 281
14 5752
15 728
16 6263
17 2664
18 6237
19 7308
20 3930
21 5979
22 16459
23 9
24 1297
25 4
26 9182
27 12182
28 20927
29 22186
30 7514
31 10496
32 44984
33 34702
34 6144
35 4354
36 16788
37 22984
38 4329
39 6155
40 6146
41 11554
42 2923
43 5454
44 3086
45 2098
46 7123
47 7111
48 4400
49 7213
50 5376
51 13100
52 1002
53 2714
54 986
55 1
56 2273
57 3415
58 1984
59 1
60 1
61 9945
62 2842
63 8555
64 2828
68 51685
69 9838
70 36123
71 7
72 13013
73 2789
74 6195
75 3316
76 17818
77 6877
78 34137
79 7930
80 12357
81 1707
82 3199
83 8191
84 9484
85 5852
86 4193
87 647
88 1098
89 2842
90 2112
91 2108
92 895
93 166
94 4286
95 22041
96 2600
97 1608
98 5656
99 21554
100 2554
101 2550
102 3061
103 3780
104 3034
105 4286
106 16678
107 8142
108 1
109 733
110 2862
111 11489
112 3696
113 20
114 2138
115 2081
116 2423
117 20193
118 1761
119 6232
120 7627
121 7206
122 3818
123 20044
124 2315
125 3506
126 1844
127 4480
128 5269
129 12153
131 31367
132 5
133 2884
134 2880
135 3660
136 1361
137 4348
138 1157
139 10382
140 3614
141 4317
142 1952
143 8755
144 627
145 26996
146 8144
147 14639
148 1
149 1472
150 1676
151 2541
152 1364
153 1
154 2518
155 38825
156 5203
157 9684
158 36041
159 2453
160 6989
161 2358
162 3442
163 3421
164 48677
165 655
166 15164
167 2396
168 3352
169 6
170 6806
171 1866
172 9770
173 495
174 1
175 15
176 753
177 28239
178 5554
179 8
180 14580
181 1409
182 4028
183 2182
184 460
185 3199
186 6550
187 2456
188 4603
189 2214
190 2606
191 11350
192 902
193 4547
194 3143
198 61393
199 1117
200 2731
201 6
202 2505
203 4578
204 1942
205 180
206 323
207 3
208 17323
209 9086
210 6382
211 6741
212 728
213 805
214 1163
215 8942
216 1974
217 3711
218 5132
219 8138
220 2036
221 1499
222 2800
223 4029
224 3415
225 9946
226 1063
227 1425
228 11409
229 3937
230 31667
231 20169
232 39104
233 6621
234 16191
235 4608
236 3281
237 4510
238 20014
239 11247
240 11832
241 19943
242 25049
243 30322
244 13243
245 3
246 836
247 19875
248 13206
249 4503
250 1015
251 8877
252 4021
253 3
254 1295
255 1310
256 11023
257 2760
258 7
259 4885
261 19580
262 603
263 1
264 687
265 5543
266 805
267 16099
268 19510
269 1
270 15667
271 8608
272 934
273 5
274 16159
275 5502
276 19358
277 10800
278 28824
279 8750
280 1543
281 8726
282 2
283 28556
284 10644
285 1465
286 7382
287 3
288 1003
289 8653
290 7362
291 8608
292 23218
293 35550
294 1599
295 1
296 8581
297 8569
298 7
299 2378
300 34574
301 27739
302 18439
303 5355
304 44369
305 5263
306 3931
307 4283
308 4675
309 14883
310 2656
311 19091
312 33910
313 6209
314 1
315 7921
316 18069
317 43572
318 10257
319 14684
320 375
321 104
322 2739
323 22215
324 22195
328 42709
329 6115
330 2632
331 17794
332 55544
333 10961
335 4815
336 19373
337 6094
338 25698
339 2413
340 2923
341 4163
342 21856
343 2
344 17547
345 17534
346 865
347 7
348 31254
349 5162
350 6986
351 17303
352 18649
353 870
354 21442
355 1181
356 5
357 1
358 9947
359 13589
360 2
361 2293
362 17036
363 23972
364 3
365 5939
366 620
367 1
368 4602
369 3
370 3693
371 5060
372 2
373 123
374 16729
375 1
376 16726
377 3
378 14666
379 2732
380 5008
381 4388
382 4996
383 60485
384 38204
385 3984
386 1008
387 16367
388 1
389 32074
391 30468
392 3
393 8
394 9533
395 30221
396 4223
397 13702
398 9504
399 9500
400 13077
401 6985
402 1213
403 5
404 5755
405 23912
406 10104
407 2923
408 23972
409 1664
410 8358
411 14
412 7
413 14016
414 27966
415 36890
416 15558
417 11187
418 5734
419 13364
420 5293
421 1
422 5149
423 15650
424 4
425 2027
426 5
427 1687
428 4080
429 1
430 6
431 2394
432 1
433 9581
434 6
435 2
436 1
437 29849
438 5836
439 2
440 7215
441 1348
442 1
443 1
444 1
445 1
446 5
447 1
448 1
449 1
450 5122
451 31255
452 17157
453 19055
454 4185
458 11695
459 4852
460 1
461 3
462 3199
463 8610
465 31292
466 33666
467 44946
468 4195
469 2004
470 14
471 35550
472 13717
473 1189
474 1
475 3023
476 1
477 1982
478 51100
479 1
480 1
481 10724
482 10
483 4
484 1237
485 8044
486 1911
487 20362
488 706
489 6886
490 8130
491 9
492 1
493 52321
494 21083
495 24601
496 5
497 9784
498 41289
499 14909
500 581
501 18
502 21943
503 10
504 5
505 1
506 2
507 35212
508 15447
509 35148
511 8
512 5
513 14343
514 18045
516 63746
517 34116
518 23667
519 1
521 14886
522 5
523 3790
524 7751
525 14362
526 17510
527 6767
528 185
529 3
530 3064
531 18239
532 2055
533 11926
534 56309
535 5
536 1
537 1495
538 1
539 6
540 4
541 5
542 3370
543 18985
544 14
545 2101
546 13
547 2
548 4
549 2
550 18880
551 5
552 21
553 9898
554 15718
555 1
556 13707
557 7
558 15889
559 7
560 1
561 1
562 4029
563 16144
564 5060
565 10479
566 10958
567 2
568 3
569 9331
570 26528
571 11544
572 20271
573 32237
574 15646
575 3
576 38181
577 1
578 9
579 2870
580 21162
581 16685
582 19241
583 35100
584 4
588 23730
589 24158
590 42780
593 29040
594 16371
595 5128
596 1
597 7560
598 3430
599 6
600 10
601 35192
602 62188
604 31568
605 53076
606 24023
607 9644
608 13825
609 6429
610 5559
611 3
612 1
613 43123
614 22999
615 3
616 2
617 15463
618 34638
619 2
621 21660
622 47059
623 45068
624 2521
625 21645
626 16169
627 15711
628 14
629 5
630 19151
631 16670
632 7189
633 4994
634 13439
635 4
636 11
637 3427
638 23296
639 3
640 17246
641 11512
642 5
643 4
644 2
645 1
646 6
647 30163
648 7
649 4
651 19280
652 35544
653 13
654 1
655 6
656 1
657 5058
658 7
659 1
660 1302
661 8516
662 4816
663 5880
664 31730
665 36563
667 5634
668 2665
669 1
670 5
672 4
673 1
674 6264
675 46764
676 1
677 2
678 7
679 12
680 4869
681 21925
682 5
683 4
684 11174
685 11786
686 866
687 13
688 11
689 2
690 2
691 2
692 30503
693 4341
694 11
695 5907
696 1
697 30496
698 15880
699 5
700 2
702 3
703 24361
704 13108
705 10975
706 12442
707 1
708 1
709 39627
710 23500
711 32412
712 1
713 1
714 9852
718 1
719 20173
720 22251
721 1
722 1
724 25059
725 3
727 54703
728 30499
729 1
730 1
731 9102
732 3
734 22522
735 55571
736 3
737 1
738 17634
739 26
740 8898
741 1
742 2
743 7
744 7390
745 36708
746 10626
747 54388
748 9189
749 2
750 1
751 1504
752 1
753 8
754 5481
755 1
757 5935
758 10412
760 15339
761 1
762 1
763 17339
764 9510
765 14
766 1
767 6
768 1
769 1699
770 1725
771 21911
772 1
773 4
774 1
775 1734
776 37944
777 2
778 16012
779 23372
781 35107
782 8247
783 1
784 1
785 1
786 5
787 10998
788 2
789 3032
790 19119
791 7
792 1
793 1
794 38180
795 2
796 1
797 1
798 22815
799 2
800 3094
801 1
802 1
803 2293
804 7235
805 18542
806 8475
807 7294
808 7276
809 2
810 7
812 3089
813 2
814 5578
815 15349
816 34024
817 1
818 34072
819 4226
820 1
821 6
823 21
824 1
825 1
826 4
827 1
828 3
829 1
830 6
831 1
832 1
833 4
834 4
835 1
837 7579
838 5
839 1
840 7
841 4
842 10
843 5690
844 1
847 11668
848 5
850 48062
851 1
852 6
853 8
854 1
855 9525
856 3865
858 8841
860 1
861 4
862 3
863 25
864 1
865 6923
866 1
867 2
868 18336
869 1
870 10731
871 1
872 1
873 12858
874 8886
875 9
876 7968
877 4
878 1
879 1
880 14
881 7
882 1
883 2
885 34537
886 11360
887 6121
888 16
889 8181
890 39868
891 12501
892 2
894 11883
895 5556
896 14965
897 5
899 11599
900 5169
902 35247
904 1
905 12779
906 605
907 1
908 4
909 1
911 19799
913 1
915 1838
916 1
917 2
918 3
919 3
920 11
921 19877
923 6
924 1
927 6
928 19778
932 4444
934 1
935 12
936 2
937 3
938 2
939 2
940 5
941 5232
942 19782
943 19185
945 10333
949 2
950 13533
951 6233
953 13559
954 6
955 4
956 5
957 1
958 35767
959 5156
961 17581
962 18014
963 18383
964 9053
965 8
966 1
967 3
968 1
969 7
970 4
971 16147
972 17432
973 3
974 2
978 19389
979 8114
980 5
981 2
984 1
985 21013
986 15891
988 13512
989 11037
992 21784
993 35844
996 9929
997 6716
998 3
999 9
1000 4285
1001 4
1002 1
1003 1
1004 14390
1005 20261
1006 5
1007 3
1008 1
1012 7001
1013 1
1014 4
1015 10
1016 3
1017 20595
1020 295
1025 7009
1027 7924
1028 21941
1030 5
1031 17525
1032 3
1035 1
1036 2
1038 21001
1039 15067
1041 17624
1042 3
1047 17652
1049 3
1050 3
1051 1
1052 1
1056 5982
1069 7039
1071 7134
1072 21559
1077 12906
1078 5800
1079 11362
1080 8765
1083 8550
1084 2065
1089 5112
1092 3
1096 3
1100 1
1101 1
1102 11334
1103 9
1104 2
1110 12941
1112 18093
1113 8
1121 19349
1124 3
1126 11767
1127 2
1128 18134
1132 1777
1134 14834
1143 3
1144 1
1145 1
1147 1
1158 10721
1159 1241
1161 18151
1165 19790
1169 7
1171 1
1177 4
1181 3
1182 7
1187 4
1190 4
1193 2358
1194 3337
1198 1
1199 1
1203 1
1204 7523
1206 1
1207 7574
1210 7654
1225 3
1228 8
1231 2
1232 1
1238 1
13937 8992
13943 1
13988 3563
14095 11481
14098 2414
14100 319
14101 1
14104 1
14111 1
14114 1
14115 2
14127 17
14135 222
14182 83
16387 55799
16388 3113
16389 33338
16390 58815
16391 9750
16392 33920
16393 3715
16394 79771
16395 10996
16396 25647
16397 2202
16398 1656
16399 3
16400 4682
16401 1306
16402 14597
16403 7249
16404 56308
16405 1
16406 23275
16407 3019
16408 3008
16409 8646
16410 51850
16411 32535
16412 19224
16413 4775
16414 9124
16415 9089
16416 12596
16417 995
16418 4441
16419 4126
16420 4114
16421 4985
16422 6176
16423 6159
16424 6083
16425 3525
16426 2347
16427 6973
16428 7
16429 374
16430 10195
16431 1259
16432 6099
16433 289
16434 3189
16435 5391
16436 3463
16437 8
16438 1
16439 2154
16440 5375
16441 8685
16442 4389
16443 3199
16444 1
16445 5359
16446 4907
16447 7094
16448 2894
16452 4842
16453 3946
16454 9803
16455 5
16456 20919
16457 19027
16458 11716
16459 5148
16460 17309
16461 4586
16462 2733
16463 3682
16464 6887
16465 12330
16466 8217
16467 2676
16468 3604
16469 2139
16470 87
16471 18026
16472 13934
16473 4907
16474 11349
16475 5726
16476 20809
16478 4424
16479 3876
16480 3517
16481 9226
16482 13992
16483 2
16484 7898
16485 28216
16486 3805
16487 2234
16488 3424
16489 9064
16490 7791
16491 13502
16492 2132
16493 1386
16494 407
16495 23369
16496 3
16497 27297
16498 8
16499 6750
16500 1709
16501 10846
16502 3862
16503 11302
16504 3031
16505 5035
16506 12621
16507 565
16508 468
16509 2305
16510 11123
16511 13720
16512 2948
16513 4446
16515 4448
16516 4693
16517 2733
16518 2658
16519 7338
16520 3648
16521 12712
16522 8476
16523 3317
16524 3809
16525 3385
16526 5849
16527 6160
16528 1
16529 30569
16530 2687
16531 4631
16532 2593
16533 2116
16534 3
16535 8
16536 15798
16537 4477
16538 23732
16539 10649
16540 404
16541 1
16542 27224
16543 142
16544 880
16545 1044
16546 5886
16547 1000
16548 1
16549 1
16550 2478
16551 31560
16552 3350
16553 1186
16554 1690
16555 1202
16556 6751
16557 38
16558 33835
16559 15080
16560 2
16561 349
16562 3977
16563 7
16564 3903
16565 3
16566 764
16567 2143
16568 1599
16569 812
16570 29498
16571 3057
16572 5273
16573 307
16574 1841
16575 608
16576 2983
16577 304
16578 3786
16582 31195
16583 10
16584 4442
16585 179
16586 1115
16587 33521
16588 31166
16589 13677
16590 3270
16591 267
16592 9081
16593 1315
16594 373
16595 5106
16596 1485
16597 5799
16598 3
16599 4121
16600 1982
16601 31034
16602 706
16603 38664
16604 10053
16605 1352
16606 1599
16607 4672
16608 599
16609 7910
16610 4
16611 30862
16612 30842
16613 1479
16614 7801
16615 11379
16616 30709
16617 3331
16618 16179
16619 11314
16620 2735
16621 1902
16622 9259
16623 8742
16624 60193
16625 13309
16626 12162
16627 16016
16628 13999
16629 2576
16630 5102
16631 8662
16632 3
16633 2209
16634 284
16635 9084
16636 9
16637 182
16638 819
16639 4341
16640 6272
16641 19663
16642 13064
16643 2
16645 6188
16646 3
16647 8951
16648 93
16649 1171
16650 1980
16651 12956
16652 69569
16653 562
16654 29390
16655 24208
16656 4206
16657 13000
16658 1
16659 10834
16660 8814
16661 166
16662 36400
16663 15452
16664 8734
16665 74885
16666 6356
16667 19
16668 1
16669 1
16670 6669
16671 1
16672 3308
16673 5
16674 9523
16675 12539
16676 759
16677 14
16678 1087
16679 1819
16680 15150
16681 12487
16682 7308
16683 5160
16684 7284
16685 8512
16686 22505
16687 12371
16688 5
16689 5
16690 4289
16691 5127
16692 27334
16693 6269
16694 10954
16695 7147
16696 16077
16697 12267
16698 12215
16699 7514
16700 10332
16701 1
16702 17987
16703 22328
16704 33902
16705 4614
16706 139
16707 19785
16708 10778
16712 48369
16713 22113
16715 25957
16716 12291
16717 5955
16718 8265
16719 1770
16720 6341
16721 42070
16722 21933
16723 4
16724 11861
16725 4137
16726 26174
16727 14383
16728 7843
16729 17627
16730 4483
16731 8
16732 4
16733 21670
16734 14189
16735 22315
16736 17705
16737 17274
16738 17182
16739 5126
16740 1429
16741 2018
16742 9944
16743 7
16744 4591
16745 9900
16746 8041
16747 7
16748 16459
16749 15366
16750 5
16751 8765
16752 6
16753 20116
16754 18480
16755 13682
16756 6877
16757 16780
16758 5035
16759 17181
16760 22857
16761 1411
16762 9748
16763 11279
16764 20629
16765 2079
16766 4998
16767 37526
16769 6
16770 39115
16771 222
16772 12828
16773 16845
16774 69238
16775 49417
16776 16306
16777 15656
16778 11096
16779 24249
16780 4797
16781 30098
16782 4586
16783 14329
16784 24155
16785 20142
16786 5964
16787 5
16788 25742
16789 8978
16790 2
16791 2
16792 4241
16793 3
16794 37736
16795 12
16796 1
16797 2
16798 29290
16799 8563
16800 5
16801 1
16802 4277
16803 14213
16804 1
16805 2
16806 10802
16807 5323
16808 8318
16809 3
16810 3
16811 1
16812 1
16813 1
16814 2
16815 16784
16816 2243
16817 7367
16818 13745
16819 2
16820 1
16821 2
16822 21460
16823 765
16824 11409
16825 6257
16826 107
16827 1
16828 5
16829 50725
16830 6604
16831 37849
16832 1180
16833 1
16834 1
16835 27881
16836 3810
16837 1
16838 20215
16842 5340
16843 2
16844 2287
16845 1237
16846 2424
16847 9
16848 7519
16849 3566
16850 4738
16851 2750
16852 2
16853 5188
16854 1675
16855 20504
16856 14399
16857 2
16858 2
16859 1
16860 1
16861 4190
16862 14421
16863 17415
16864 1
16865 6883
16866 2
16867 1
16868 1
16869 3
16870 2
16871 11
16872 5
16873 7
16874 1
16875 6368
16876 1591
16877 11138
16878 31789
16879 23370
16880 2
16881 14910
16882 3
16883 14377
16884 14480
16885 1
16886 4
16887 1
16888 1
16890 42291
16891 11762
16892 8157
16893 9083
16894 7008
16895 4797
16896 5
16897 32414
16900 11776
16901 41466
16902 10460
16903 1
16907 2
16908 14
16909 11802
16910 13
16911 2845
16912 3970
16913 9256
16914 7
16916 3
16917 1
16918 3
16919 16901
16920 3377
16921 4242
16922 60063
16923 8
16924 29953
16925 11260
16926 6566
16927 32499
16928 21244
16929 25001
16930 2
16931 1
16932 12973
16933 2
16934 6356
16935 8480
16936 1
16937 7
16938 22436
16939 4
16940 19185
16941 850
16942 2
16943 3
16944 1
16945 26377
16946 1008
16948 2427
16949 44864
16950 19869
16951 2
16952 1
16953 37
16954 6504
16955 4
16956 17365
16957 16572
16958 8460
16959 1536
16960 9642
16961 1532
16962 52826
16963 4
16964 20110
16965 8318
16966 3
16967 24311
16968 52832
16972 10436
16974 2
16975 1
16976 8137
16977 10218
16978 1
16979 10975
16980 1
16981 18171
16982 30443
16983 20273
16984 7703
16985 2
16986 23796
16987 12487
16988 49210
16989 11
16990 1
16991 10
16992 2
16993 35730
16994 20269
16996 6
16997 5
16998 13111
16999 2796
17000 19360
17001 4185
17003 11067
17004 1561
17005 90
17006 70733
17007 8247
17008 4
17009 47818
17010 23912
17011 21697
17012 40061
17013 26360
17014 73
17015 2
17016 5
17017 1
17018 1
17019 360
17020 1
17021 18216
17022 42083
17023 2
17024 1
17025 1
17026 10495
17027 40673
17028 5
17029 3
17030 2
17031 2
17032 16188
17033 8
17035 36290
17036 3
17037 1
17038 15
17039 13442
17040 2
17041 9
17042 6
17043 6
17044 1
17045 1
17046 6
17047 3
17048 1
17049 1
17050 6208
17051 19870
17052 7
17053 1
17054 41274
17055 5
17056 21282
17057 53933
17058 3
17059 29111
17060 15
17061 14664
17062 27539
17063 4
17064 271
17065 2
17066 32211
17067 4529
17068 8155
17069 1
17070 2600
17071 6452
17072 1
17073 4
17074 4
17075 8
17077 24244
17079 1520
17080 2
17081 1
17082 1
17083 1
17084 8367
17085 8
17086 30587
17088 7038
17089 4
17090 8769
17091 3
17092 13233
17094 13216
17095 1
17096 1
17097 1518
17098 1
17100 30186
17101 44200
17102 21524
17103 1
17104 1
17105 8
17106 4
17107 17295
17108 4
17109 6
17110 1
17111 21854
17112 11060
17114 3244
17115 16391
17116 1
17117 5139
17118 3
17119 8172
17120 1836
17121 12
17122 10088
17124 3
17125 21998
17126 10
17127 19688
17128 7
17129 4
17130 1
17131 1
17132 2
17133 16474
17134 25639
17135 5293
17136 1
17137 1
17138 1
17139 9898
17142 2
17143 11172
17144 13184
17145 8
17146 10
17147 3
17148 7
17149 1
17150 5
17151 3
17152 11
17153 1
17154 1
17155 27412
17156 2
17157 9
17158 1
17159 1
17160 9
17161 4
17162 5544
17163 13650
17166 4
17167 2
17168 2
17169 1
17170 1
17171 2
17172 5452
17173 24289
17174 11
17175 11
17176 1
17177 1
17178 96
17179 3
17180 10
17181 13318
17182 12281
17183 1
17184 1
17185 2
17186 3
17187 1
17188 12628
17189 14
17190 25166
17191 19058
17192 1
17193 2
17194 10
17195 1
17196 29356
17197 5048
17198 1
17199 3546
17200 1
17201 1
17202 6
17203 16729
17204 1
17205 1
17206 1
17208 12675
17209 12685
17210 1
17211 34089
17212 7
17213 1
17214 2
17215 22766
17216 24814
17217 32600
17218 4
17219 1
17220 15392
17221 14
17222 7
17223 19959
17224 34545
17225 3
17226 1
17227 6
17228 7
17230 5026
17231 3
17232 29427
17233 4
17234 11157
17235 1
17236 2
17237 1
17238 1
17239 1
17240 26491
17241 3
17242 33000
17244 3
17245 20555
17246 3
17247 6544
17248 1
17249 5
17250 10
17251 3
17252 2
17253 1
17254 2
17255 1
17256 2940
17257 18262
17258 13
17259 2
17260 4
17261 1
17262 1
17263 3
17264 8880
17265 1
17266 18163
17267 11291
17268 5
17269 1
17270 19813
17271 8925
17272 25380
17274 1
17275 5
17276 10709
17277 1
17278 5312
17279 18317
17280 12591
17281 8922
17282 5238
17283 35156
17284 1
17285 1
17286 23620
17287 23530
17288 1
17289 4192
17290 1
17291 1
17292 1
17293 11846
17295 12812
17296 2
17297 7
17299 1
17301 6252
17303 13398
17304 4435
17305 7710
17306 4
17307 1
17308 1
17309 1
17310 8
17311 8234
17312 1
17313 9
17314 8960
17315 16541
17316 2
17317 4260
17318 4276
17319 30153
17321 35682
17322 5
17323 6279
17324 5243
17325 5169
17326 2696
17327 3
17329 6984
17330 6286
17331 4
17332 17347
17333 7
17334 6331
17338 16427
17339 6
17340 6361
17341 1
17343 17528
17345 20807
17346 1
17347 3
17348 1
17349 28838
17350 1
17351 1
17352 11932
17353 1
17355 3
17356 1
17358 6319
17361 5375
17362 4
17363 19945
17364 3
17365 4
17366 5
17367 2
17368 4
17369 15575
17372 1
17373 1
17374 3
17376 14346
17377 389
17378 7962
17379 2
17380 6
17381 20
17383 4366
17391 1
17392 5
17393 3
17395 10975
17402 3538
17403 1
17404 1
17405 264
17406 2
17407 1
17409 1
17410 11315
17412 2
17413 31072
17415 3
17416 20909
17417 2
17418 2
17419 10626
17420 27289
17423 1
17425 15058
17426 11012
17429 21243
17430 31134
17431 31135
17436 11030
17439 6
17440 1
17441 8764
17443 18679
17446 2
17447 3
17453 5
17454 3
17455 1
17460 7182
17461 4892
17463 4587
17464 946
17469 3
17474 1
17475 2
17476 14529
17486 1
17487 9069
17491 11717
17495 11677
17496 1
17502 19232
17503 8824
17504 18092
17506 5
17508 19352
17510 18115
17517 2
17518 5
17519 9100
17523 6778
17524 13196
17529 4471
17530 3
17536 1
17539 3
17541 2
17544 1
17545 1
17547 19784
17551 2
17558 1
17567 3394
17568 1
17583 8900
17584 1
17593 1
17599 6
17600 8
30312 41641
30320 1
30322 1
30326 1
30349 6111
30483 1
30485 1
30488 2401
30501 1
30505 7
30509 1
30515 38
30519 6
30533 1046
30534 1
30550 6
30640 3
32771 1125
32772 1199
32773 2229
32774 9025
32775 15318
32776 21135
32777 33943
32778 20760
32779 13007
32780 7919
32781 820
32782 28957
32783 2495
32784 28941
32785 1088
32786 7317
32787 4421
32788 19188
32789 10767
32790 21980
32791 14089
32792 4881
32793 3599
32794 7305
32795 15615
32796 15573
32797 5
32798 368
32799 1
32800 1388
32801 15505
32802 3244
32803 1801
32804 1
32805 1
32806 2370
32807 3541
32808 6141
32809 8499
32810 6369
32811 4645
32812 4632
32813 1518
32814 2762
32815 4860
32816 8359
32817 12417
32818 1
32819 8306
32820 519
32821 2
32822 5379
32823 2000
32824 3636
32825 12114
32826 2906
32827 3346
32828 873
32829 16988
32830 4587
32831 21707
32832 753
32836 9841
32837 4363
32838 50395
32839 2437
32840 14398
32841 2817
32842 6434
32843 2
32844 8313
32845 1165
32846 40570
32847 6649
32848 9786
32849 5064
32850 51574
32851 11531
32852 6750
32853 3606
32854 1
32855 12165
32856 17470
32857 12132
32858 42252
32859 5542
32860 6982
32861 1
32862 4855
32863 9
32864 17325
32865 7959
32866 6514
32867 4046
32868 9726
32869 14367
32870 13933
32871 16714
32872 5970
32873 5571
32874 176
32875 1851
32876 3753
32877 1998
32878 3713
32879 12458
32880 1957
32881 8877
32882 1166
32883 7297
32884 3646
32885 12152
32886 638
32887 9450
32888 613
32889 1106
32890 1720
32891 13812
32892 378
32893 7510
32894 1269
32895 13776
32896 1517
32897 5
32899 3018
32900 2894
32901 5957
32902 6
32903 487
32904 3
32905 1364
32906 6000
32907 750
32908 21
32909 7280
32910 8241
32911 1260
32912 50585
32913 9
32914 8361
32915 12
32916 1555
32917 9
32918 1
32919 10252
32920 2062
32921 1505
32922 2525
32923 4423
32924 2025
32925 2018
32926 4358
32927 2976
32928 6902
32929 583
32930 5551
32931 1
32932 4
32933 2325
32934 9989
32935 1422
32936 1358
32937 1522
32938 1687
32939 1496
32940 9
32941 2
32942 4740
32943 30377
32944 7311
32945 467
32946 25373
32947 2570
32948 482
32949 2
32950 3853
32951 7739
32952 14727
32953 1729
32954 1721
32955 6837
32956 13079
32957 2719
32958 8110
32959 7
32960 2563
32961 3628
32962 6855
32966 21866
32967 3101
32968 2124
32969 848
32970 1440
32971 22067
32972 21046
32973 7956
32974 5290
32975 1385
32976 18724
32977 2523
32978 1665
32979 3123
32980 3623
32981 6728
32982 1920
32983 1
32984 14359
32985 37546
32986 13566
32987 7864
32988 1960
32989 2718
32990 21087
32991 25440
32992 8489
32993 20986
32994 2
32995 41737
32996 24269
32997 39051
32998 20185
32999 3441
33000 185
33001 273
33002 38891
33003 3285
33004 13
33005 7747
33006 4091
33007 1246
33008 25086
33009 9223
33010 13547
33011 11184
33012 10184
33013 9160
33014 20
33015 5
33016 2
33017 12334
33018 47970
33019 19809
33020 7617
33021 19735
33022 184
33023 7585
33024 11013
33025 22805
33026 5575
33027 7551
33029 4288
33030 2
33031 3024
33032 13743
33033 861
33034 34264
33035 11552
33036 36134
33037 3
33038 6944
33039 4726
33040 12913
33041 4433
33042 2
33043 19020
33044 51401
33045 36435
33046 1919
33047 4802
33048 21280
33049 40085
33050 12692
33051 10689
33052 10001
33053 1
33054 4964
33055 68
33056 10892
33057 4369
33058 2336
33059 15236
33060 31143
33061 9121
33062 2504
33063 6314
33064 1
33065 3
33066 4729
33067 16716
33068 12424
33069 34475
33070 15049
33071 5033
33072 12342
33073 7237
33074 5079
33075 9927
33076 2511
33077 48059
33078 1
33079 27253
33080 27224
33081 8425
33082 14752
33083 57981
33084 18059
33085 14226
33086 14001
33087 5275
33088 22286
33089 12102
33090 4272
33091 1270
33092 6135
33096 2605
33097 4408
33098 11772
33099 26412
33100 34055
33101 12736
33102 64585
33103 8262
33104 7984
33105 1180
33106 10701
33107 17038
33108 21893
33109 14418
33110 74191
33111 41865
33112 11845
33113 3435
33114 9346
33115 1082
33116 2
33117 4515
33118 52596
33119 82436
33120 25763
33121 8106
33122 14027
33123 48894
33124 13981
33125 940
33126 5104
33127 21024
33128 25547
33129 921
33130 4529
33131 21223
33132 2
33133 11584
33134 16955
33135 41360
33136 21137
33137 11920
33138 1
33139 50713
33140 22096
33141 16799
33142 8647
33143 6505
33144 14649
33145 4142
33146 9703
33147 5930
33148 4
33149 6
33150 11266
33151 16433
33152 6051
33153 39397
33154 9095
33155 6779
33156 1
33157 33196
33159 19670
33160 1928
33161 49065
33162 1
33163 20278
33164 4804
33165 7803
33166 9730
33167 37395
33168 2410
33169 8044
33170 6660
33171 1167
33172 29813
33173 29724
33174 10902
33175 10535
33176 7
33177 6
33178 19163
33179 23050
33180 8564
33181 6
33182 4
33183 7880
33184 1
33185 4986
33186 29346
33187 3838
33188 24434
33189 7720
33190 6648
33191 2660
33192 1115
33193 1
33194 12370
33195 4478
33196 1137
33197 1
33198 3
33199 11983
33200 10103
33201 19955
33202 9087
33203 49069
33204 14165
33205 3754
33206 1123
33207 14315
33208 24132
33209 2536
33210 39554
33211 28419
33212 14639
33213 2533
33214 1
33215 2
33216 2696
33217 14182
33218 1
33219 8
33220 5
33221 1
33222 12689
33226 30104
33227 5874
33228 2
33229 20187
33230 9192
33231 18078
33232 39417
33233 2730
33234 4
33235 17560
33236 4184
33237 64501
33238 10
33239 2554
33240 19198
33241 7
33242 24811
33243 1
33244 9
33245 2
33246 5
33247 2
33248 1
33249 30590
33250 32510
33251 2
33252 14797
33253 14028
33254 6778
33255 15
33256 1639
33257 13865
33258 1
33259 8906
33260 4
33261 2663
33262 1
33263 31491
33264 59610
33265 4946
33266 4
33267 3
33268 1554
33269 21488
33270 2056
33271 22163
33272 28481
33273 503
33274 2793
33275 7
33276 2
33277 5
33278 1
33279 18505
33280 190
33281 10222
33282 7
33283 3
33284 24174
33285 3664
33286 1
33287 6515
33289 25866
33290 2643
33291 3
33292 1
33293 1
33294 8118
33295 9
33296 36638
33297 7
33298 4
33299 5
33300 3
33301 10420
33302 6
33303 3952
33304 2
33305 7080
33306 47845
33307 7
33308 9
33309 434
33310 6
33311 7
33312 25675
33313 27881
33314 30118
33315 2387
33316 6583
33317 40583
33318 1
33319 3974
33320 17383
33321 6
33324 5
33325 5
33326 6
33327 2051
33328 6
33329 2
33330 6382
33331 2
33332 3
33333 3957
33334 4895
33335 10003
33336 5114
33337 2435
33338 21348
33339 1
33340 1
33341 1
33342 14872
33343 119
33344 1553
33345 27682
33346 6
33347 2
33348 21500
33349 4
33350 2947
33351 5
33352 10471
33356 2445
33357 1
33358 6
33359 3532
33360 3
33361 3937
33362 3937
33363 33651
33364 8
33365 4
33366 41967
33368 36475
33369 3
33370 6
33371 33357
33372 23822
33373 14
33374 5170
33375 41052
33376 4084
33378 5609
33379 2511
33380 11
33381 2
33382 6
33383 803
33384 11154
33385 25490
33386 3
33387 8442
33388 1
33389 3
33390 4
33391 1
33392 46111
33393 13928
33394 30063
33395 21219
33396 31961
33397 6
33398 3
33399 22514
33400 6
33401 3
33402 8956
33404 15290
33405 10
33406 4
33407 2540
33408 1619
33409 1
33410 1
33411 5
33412 11897
33414 7
33415 1
33416 3
33417 8805
33419 23851
33420 3
33421 5
33422 31724
33423 2
33424 1
33425 2
33426 6830
33427 19511
33428 1
33429 1
33430 2
33431 1
33432 61
33433 4
33434 21549
33435 2565
33436 18
33437 2
33438 11
33439 18840
33440 6202
33441 19304
33442 11766
33443 14273
33444 12390
33445 2
33446 4864
33447 2
33448 45552
33449 8407
33450 11157
33451 13882
33452 6977
33453 65502
33454 4624
33455 42279
33456 1
33457 28353
33458 32297
33459 1656
33462 30421
33463 1
33464 20829
33465 10895
33466 9804
33467 2721
33468 2606
33469 2
33470 3
33471 33424
33472 2
33473 4649
33474 3
33475 15951
33477 8135
33478 1
33479 3
33480 45962
33482 16577
33484 17076
33485 19901
33486 3557
33487 1
33488 1
33489 2
33490 1
33493 10820
33494 53342
33495 45579
33496 6
33497 1
33498 4
33499 9911
33500 34609
33501 13238
33502 3
33503 1
33504 2
33505 2
33506 1
33507 5080
33508 1
33509 1958
33510 1620
33511 3594
33512 9
33513 3
33514 17175
33515 21992
33516 8
33517 3
33518 46635
33519 1533
33520 1
33521 1
33522 14
33523 5
33524 7
33525 2
33526 9672
33527 1908
33528 1
33529 3
33530 19830
33531 26115
33532 1916
33533 1954
33534 7
33535 1968
33536 33224
33537 33235
33538 1
33539 19203
33540 8
33541 12
33543 9117
33544 8219
33545 2
33546 2
33547 1
33549 16539
33550 1
33551 1
33552 1
33553 2140
33554 25176
33557 11
33558 1776
33559 1
33560 1
33561 3618
33562 660
33563 1
33564 10
33565 3
33566 1
33567 17
33568 14132
33570 1
33571 1
33572 1
33573 1
33574 1
33575 7277
33576 1
33577 1
33578 6
33579 25388
33580 18888
33582 31
33583 1
33584 6
33585 1
33586 30815
33587 17
33588 5
33589 3
33590 3
33591 1
33592 1
33593 1
33594 1
33595 16847
33596 11170
33597 3923
33598 16857
33599 1
33600 1
33601 1
33602 22837
33603 1
33604 19196
33605 6394
33606 4
33607 1
33608 4
33609 11756
33610 2
33611 5
33612 3
33615 14052
33616 3274
33617 7
33619 29508
33620 4
33621 1
33622 3
33623 2
33624 4
33625 1
33626 2
33628 1
33630 3934
33631 11693
33632 5
33633 7
33634 27216
33635 3246
33636 1
33637 13
33639 1
33640 34550
33641 12780
33642 1
33643 1
33645 24531
33648 12785
33649 2
33651 12282
33652 17002
33653 2
33654 30968
33655 2
33656 1
33657 4
33658 1
33659 4
33660 4
33661 8861
33662 3
33663 1590
33664 1
33665 18171
33666 19773
33668 12763
33669 1
33670 6511
33671 1
33672 6
33673 3
33674 2
33675 1
33676 1
33680 5
33681 9
33682 12
33683 29
33684 22479
33687 8
33688 2
33689 10677
33690 19779
33691 2
33694 2
33696 35570
33697 2
33698 2
33699 13642
33700 1
33701 2
33702 4290
33703 11889
33704 1
33705 3
33706 6
33707 6287
33708 12878
33710 3078
33711 3
33712 469
33713 1
33714 1
33715 3
33716 483
33717 28086
33718 8828
33719 5
33720 7
33721 8041
33724 6301
33725 6408
33726 2
33727 4
33728 1
33729 6290
33730 1
33731 2
33732 5688
33733 20657
33734 1
33737 6310
33739 3
33740 28883
33742 9330
33745 9
33746 28678
33747 2
33750 8
33751 4
33752 9646
33753 2
33754 1
33755 10318
33756 1
33757 12018
33758 1
33759 9769
33762 2
33763 15563
33766 15551
33767 18747
33768 7020
33769 20191
33770 15764
33771 5
33772 23848
33773 10
33777 15556
33778 4
33779 1
33780 2367
33786 10
33788 5
33789 1
33791 3
33793 21912
33794 17475
33796 2
33797 24741
33798 11
33799 1
33802 9696
33804 22034
33805 12289
33810 21079
33811 4
33814 1
33815 5
33817 22146
33820 21293
33821 14126
33822 2
33823 8914
33827 3
33828 9
33829 17888
33831 5
33833 6019
33835 10618
33844 5033
33848 6
33849 22647
33851 74
33854 1928
33857 4159
33859 3
33860 1
33863 9014
33864 6575
33875 5148
33888 7099
33892 2
33897 2
33898 1
33899 3
33903 19475
33909 3
33910 1648
33914 3
33930 6782
33941 1
33954 1180
33957 4
33962 3
33963 2857
33966 8944
33985 1
33988 5
33989 2
33995 3
34000 1
34002 1
34006 7758
46698 3770
46701 16
46706 4
46708 7
46709 3867
46711 5
46861 9003
46862 6279
46867 747
46868 1
46881 1
46896 7940
46905 9270
46906 8974
46915 8966
46919 1
47001 4
49155 17138
49156 420
49157 5
49158 4
49159 3
49160 15753
49161 3167
49162 6028
49163 5
49164 4858
49165 44
49166 11576
49167 10997
49168 43288
49169 36890
49171 15
49172 11995
49173 7
49174 10694
49175 5648
49176 7265
49177 2
49178 17137
49179 7545
49180 12673
49181 1
49182 3
49183 1026
49184 10480
49185 13420
49186 10456
49187 16944
49188 17272
49189 16472
49190 3831
49191 3446
49192 3714
49193 2134
49194 12051
49195 32769
49196 18758
49197 47038
49198 14440
49199 29911
49200 3142
49201 2926
49202 8339
49203 13097
49204 27439
49205 10270
49206 5942
49207 5292
49208 3030
49209 1515
49210 3946
49211 4550
49212 4532
49213 31006
49214 1828
49215 34363
49216 6298
49220 25209
49221 7022
49222 26853
49223 5117
49224 14377
49225 4076
49226 15207
49227 1753
49228 1995
49229 11638
49230 34991
49231 25830
49232 21248
49233 6814
49234 3095
49235 646
49236 3340
49237 4200
49238 4188
49239 6699
49240 20959
49241 3937
49242 5744
49243 4120
49244 6004
49245 6516
49246 7996
49247 7419
49248 4845
49249 7557
49250 32875
49251 3214
49252 4155
49253 4152
49254 2582
49255 2542
49256 2783
49257 6
49258 10
49259 1517
49260 9013
49261 1826
49262 1
49264 5494
49265 20326
49266 2
49267 351
49268 2324
49269 1
49270 1
49271 2696
49272 611
49273 13
49274 2077
49275 3791
49276 6138
49277 24829
49278 3809
49279 3286
49280 6075
49281 2409
49283 34229
49284 2256
49285 5685
49286 1003
49287 6831
49288 675
49289 531
49290 2
49291 7409
49292 2231
49293 340
49294 510
49295 3086
49296 2458
49297 1708
49298 3
49299 3601
49300 42301
49301 8312
49302 8
49303 1018
49304 1684
49305 1012
49306 2133
49307 10056
49308 3420
49309 5
49310 5
49311 311
49312 8
49313 451
49314 1134
49315 2480
49316 15222
49317 36412
49318 2688
49319 4224
49320 11888
49321 971
49322 951
49323 372
49324 2906
49325 3
49326 2300
49327 1479
49328 2614
49329 2403
49330 447
49331 6
49332 3255
49333 2061
49334 4
49335 5
49336 1270
49337 2291
49338 4044
49339 3712
49340 13712
49341 23143
49342 630
49343 402
49344 2095
49345 4092
49346 17943
49350 5182
49351 1220
49352 37036
49353 1702
49354 5486
49355 20
49356 4
49357 70045
49358 13919
49359 6728
49360 7239
49361 1287
49362 534
49363 22344
49364 7473
49365 6717
49366 2017
49367 987
49368 20077
49369 3188
49370 9155
49371 1256
49372 5340
49373 6203
49374 4516
49375 49166
49376 800
49377 30902
49378 1580
49379 5122
49380 32879
49381 7621
49382 6139
49383 16256
49384 6627
49385 14
49386 16166
49387 38825
49388 2999
49389 16136
49390 13334
49391 20558
49392 12308
49393 4312
49394 25029
49395 9173
49396 4675
49397 3706
49398 10037
49399 13216
49400 869
49401 6536
49402 855
49403 35927
49404 29957
49405 11078
49406 6751
49407 6795
49408 11036
49409 8806
49410 6480
49411 13459
49414 12808
49415 3
49416 1
49417 8945
49418 34111
49419 2777
49420 6436
49421 10880
49422 42992
49423 12227
49424 69456
49425 2238
49426 1543
49427 12886
49428 15936
49429 7683
49430 7423
49431 4190
49432 9767
49433 46028
49434 2
49435 23504
49436 21503
49437 12636
49438 2012
49439 29054
49440 10599
49441 7043
49442 12554
49443 3276
49444 4790
49445 2123
49446 8570
49447 18770
49448 15158
49449 5
49450 6290
49451 7287
49452 2061
49453 1
49454 18923
49455 7253
49456 12356
49457 22262
49458 18295
49459 29016
49460 1
49461 5
49462 3
49463 1
49464 7201
49465 14803
49466 17288
49467 6191
49468 55160
49469 193
49470 43422
49471 2669
49472 6152
49473 8347
49474 18415
49475 1
49476 12590
49480 22129
49481 4
49482 1
49483 50741
49484 42219
49485 18000
49486 5570
49487 3710
49488 2246
49489 631
49490 20011
49491 850
49492 3112
49493 2
49494 4
49495 11851
49496 52958
49497 1
49498 32598
49499 24066
49500 25956
49501 5590
49502 3582
49503 11724
49504 32323
49505 1
49506 17179
49507 2007
49508 42370
49509 17155
49510 5967
49511 1
49512 11629
49513 14110
49514 1
49515 2746
49516 13822
49517 33627
49518 10140
49519 11365
49520 5026
49521 14349
49522 13770
49523 25313
49524 21052
49525 2860
49526 4111
49527 24213
49528 6842
49529 7934
49530 5864
49531 16476
49532 1
49533 4902
49534 2
49535 6019
49536 15695
49537 39377
49538 49994
49539 8017
49540 1197
49541 41423
49543 30491
49544 3389
49545 23338
49546 16184
49547 30469
49548 3
49549 1
49550 6926
49551 54763
49552 24117
49553 14236
49554 23984
49555 5
49556 20054
49557 14
49558 15829
49559 2
49560 13439
49561 1
49562 19915
49563 1
49564 2
49565 12452
49566 28056
49567 931
49568 1
49569 9976
49570 6659
49571 2
49572 5717
49573 46796
49574 8139
49575 2582
49576 1552
49577 26343
49578 1678
49579 1
49580 6
49581 7185
49582 4
49583 2
49584 2
49585 1724
49586 11262
49587 2
49588 2677
49589 3204
49590 3496
49591 49043
49592 7
49593 4
49594 753
49595 373
49596 1
49597 1
49598 1
49599 2
49600 1
49601 1
49602 5
49603 9
49604 6
49605 9034
49606 12646
49610 24632
49611 6783
49612 1
49613 18270
49614 5621
49615 14341
49616 4168
49617 3
49618 17393
49619 14737
49621 28639
49622 4193
49623 3279
49624 7575
49627 1367
49628 4
49629 851
49630 8121
49631 25684
49632 12030
49633 4
49634 5
49635 8405
49636 17632
49637 7
49638 1271
49639 15
49640 6
49641 8127
49642 24038
49643 9908
49644 2
49645 11687
49647 2363
49648 1894
49649 16835
49650 3
49651 15299
49652 2279
49653 55273
49654 11883
49655 6
49656 5121
49657 2717
49658 1
49659 13739
49660 2200
49661 4210
49662 1
49663 19028
49664 10198
49665 1
49666 1
49667 1
49668 1419
49669 45029
49670 2225
49671 3
49673 46936
49674 45752
49675 35802
49676 9982
49677 29776
49678 5
49679 3519
49680 1067
49681 15671
49682 2
49683 2
49684 10548
49685 43463
49686 2052
49687 18885
49688 9121
49689 20
49690 18078
49691 21493
49692 7
49693 3713
49694 7
49695 3
49696 2
49697 13
49698 1
49699 1
49700 19140
49701 10325
49702 8281
49703 596
49704 17549
49705 8471
49706 3
49707 1403
49708 3395
49709 3
49710 806
49711 1
49712 26002
49713 43927
49716 11559
49717 1
49718 19164
49719 60864
49720 21155
49721 1
49722 6
49723 3
49724 21500
49725 2438
49726 58017
49728 28771
49729 7555
49730 12525
49731 4800
49732 16043
49733 5118
49734 5523
49735 17893
49736 19410
49740 10049
49741 3
49742 4887
49743 6
49744 13908
49745 15597
49746 1
49747 3
49748 9414
49749 3
49750 2
49751 21277
49752 21329
49753 16660
49754 5533
49755 20
49756 15083
49757 9
49758 10232
49759 33404
49760 7
49761 20372
49763 2505
49764 4915
49766 19178
49767 32027
49768 11145
49769 21658
49770 34283
49771 1
49772 3112
49773 12
49774 2493
49775 8
49776 8
49777 4248
49778 1
49779 2965
49780 1
49781 6
49782 1363
49783 45149
49784 19968
49785 19188
49786 51187
49788 1
49789 1
49790 1
49791 8095
49792 2529
49793 5615
49794 29233
49795 2
49796 2102
49797 19591
49798 2
49799 54007
49800 32317
49803 43692
49804 24338
49805 38153
49806 44593
49807 23163
49808 30148
49809 12
49810 36401
49811 15604
49812 43841
49814 26
49815 18
49816 8347
49817 1
49818 16437
49819 30209
49820 9
49821 6
49822 22412
49823 11
49824 1
49825 10
49826 10844
49827 1
49828 10852
49829 1
49830 33133
49832 7
49833 15675
49834 33080
49835 5702
49836 2
49837 2
49838 14
49839 2757
49840 32296
49841 811
49842 2
49843 18234
49844 1
49845 29710
49846 4716
49847 1410
49848 1
49849 65568
49850 10877
49851 42279
49852 3
49853 8774
49854 18517
49855 2604
49856 251
49859 1073
49860 36068
49861 14472
49862 21864
49863 2
49864 1
49865 43151
49866 5
49870 28540
49871 31535
49872 21842
49873 14
49874 45919
49875 5
49876 1
49877 2
49878 25888
49879 3
49880 2
49881 1
49882 21993
49883 19171
49884 36312
49885 13
49886 4
49887 55575
49889 26839
49890 2604
49891 1
49892 1
49893 1
49894 24852
49895 4
49896 7
49898 25164
49899 3
49900 22064
49901 1
49902 1
49903 1
49904 11680
49905 1
49906 8172
49907 8137
49908 25993
49909 16480
49910 1
49911 6
49912 8172
49913 1
49915 24
49917 1
49918 30238
49919 30270
49920 30303
49921 2597
49922 1
49923 11468
49924 32617
49925 2
49926 16090
49927 41761
49928 1
49929 1
49930 7
49931 1
49933 1
49934 25171
49935 8899
49936 8897
49937 38145
49939 1
49940 14364
49941 29060
49942 1
49943 1
49944 1
49945 9
49946 14
49947 14121
49948 1
49949 1
49950 1
49951 2
49952 8
49953 1
49954 8411
49955 3697
49956 19477
49957 1
49958 1
49959 31515
49960 1
49962 1
49963 1
49964 1
49965 3555
49966 4
49967 1
49968 1
49969 12662
49970 7390
49971 7
49973 2
49974 1
49975 1
49976 1
49977 1
49978 2
49979 1981
49980 3244
49981 11609
49982 17026
49983 2
49984 2
49985 12984
49986 7403
49988 7
49989 16
49990 2
49991 1
49992 17522
49993 20400
49995 6
49996 2
49997 20826
49998 11
49999 1
50000 4322
50002 27167
50004 3
50005 4371
50007 7963
50008 3886
50009 1
50010 1
50011 1
50012 3
50013 2
50014 12794
50015 27181
50016 1
50017 4
50018 17503
50019 17245
50020 10741
50021 3
50022 32995
50023 26037
50024 7
50025 3
50026 2
50027 5
50028 1
50029 2
50030 5
50031 34652
50032 5024
50033 8028
50034 13309
50035 8
50036 3
50038 1
50039 34858
50040 2
50041 1
50042 5
50043 16694
50044 39919
50045 6
50046 5
50047 1
50048 1
50049 8823
50050 1
50051 2
50052 8862
50053 19799
50054 1
50056 11764
50057 17187
50058 9537
50059 2
50060 11848
50061 15132
50064 7
50065 6230
50066 23410
50069 1
50070 2
50071 8
50072 17056
50073 28807
50074 12860
50075 18
50076 2
50077 5
50078 2
50079 7
50080 561
50081 10683
50082 17953
50085 2
50086 1
50088 2709
50090 13269
50092 11367
50093 17333
50094 4
50095 1
50096 1
50097 1
50098 11139
50099 11292
50100 1
50102 8701
50104 2
50107 13561
50108 15
50109 1
50110 1
50111 16133
50113 445
50114 2
50115 7537
50117 13646
50119 4
50120 21540
50121 1
50122 35787
50123 4722
50124 13683
50125 1
50126 6
50127 26402
50129 29121
50130 2
50131 1
50132 7356
50134 15
50135 12794
50136 6325
50137 17741
50138 1
50139 2
50140 30173
50141 2
50142 6334
50143 2
50144 6335
50145 6380
50147 13521
50149 19960
50150 1
50152 1
50153 4
50154 351
50156 27104
50157 2
50158 6835
50159 5
50160 2
50161 2
50165 1
50166 11707
50167 9584
50168 3
50171 14413
50172 14418
50176 1
50177 5
50178 4
50182 9946
50183 4
50184 1
50187 7739
50188 18637
50189 6
50200 5
50201 3
50202 9352
50205 10
50206 2
50211 1
50212 22223
50214 4
50215 18757
50216 2
50217 3
50219 4
50220 10
50221 1
50222 1
50223 1
50224 17912
50225 21604
50226 2
50229 168
50231 6378
50233 1
50235 11366
50236 2
50238 3
50239 1
50246 22878
50250 5
50252 5633
50253 4
50254 1
50256 3
50261 1
50264 12967
50266 7
50267 3
50268 116
50269 1
50270 6167
50271 5
50284 19475
50287 10391
50289 10570
50290 78
50293 71
50298 9096
50299 4
50300 1
50303 53
50311 2
50315 1231
50321 1
50328 1
50331 5643
50332 1
50336 1205
50347 1
50348 1
50364 7736
50386 15
63081 2923
63089 1
63090 6
63091 11643
63092 9001
63093 8914
63095 7832
63241 9258
63242 8957
63243 1
63244 2537
63251 18101
63253 1
63259 1
63265 1
63266 1
63268 1
63270 7
63273 4
63279 11
63293 2
65539 3387
65540 8166
65541 1500
65542 1004
65543 10686
65544 9720
65545 1797
65546 4288
65547 245
65548 15815
65549 5681
65550 9257
65551 3079
65552 8895
65553 74
65554 15819
65555 1287
65556 14625
65557 3162
65558 2938
65559 2034
65560 6179
65561 4810
65562 12199
65563 9
65564 4
65565 1
65566 2926
65567 985
65568 4740
65569 14685
65570 2404
65571 1662
65572 4340
65573 2190
65574 2807
65575 56698
65576 6396
65577 8938
65578 4657
65579 3962
65580 6334
65581 10385
65582 8793
65583 4850
65584 11993
65585 4907
65586 12197
65587 7087
65588 2307
65589 38612
65590 4192
65591 17174
65592 1
65593 32826
65594 25364
65595 50600
65596 1525
65597 22516
65598 1
65599 5284
65600 3887
65604 86596
65605 8254
65606 34004
65607 4675
65608 3796
65609 2735
65610 6035
65611 2033
65612 3715
65613 4310
65614 11863
65615 3244
65616 2459
65617 3379
65618 266
65619 12
65620 2391
65621 5519
65622 12463
65623 4487
65624 9384
65625 2855
65626 5763
65627 5538
65628 6529
65629 7787
65630 6442
65631 14042
65632 11268
65633 1
65634 5412
65635 225
65636 7906
65637 7896
65638 1839
65639 1016
65640 2527
65641 2904
65642 2593
65643 1
65644 3999
65645 6348
65646 2426
65647 670
65648 3920
65649 16915
65650 2513
65651 49949
65652 4269
65653 8804
65654 3847
65655 1684
65656 1740
65657 2771
65658 595
65659 3254
65660 3530
65661 505
65662 4
65663 3482
65664 2785
65665 4439
65667 19728
65668 2361
65669 2886
65670 1984
65671 8526
65672 5172
65673 5864
65674 666
65675 2172
65676 10765
65677 6377
65678 3651
65679 3906
65680 8410
65681 7216
65682 508
65683 7174
65684 9312
65685 5000
65686 4203
65687 2410
65688 26593
65689 4486
65690 20585
65691 10054
65692 610
65693 1616
65694 1
65695 1
65696 1
65697 2
65698 1
65699 2933
65700 1585
65701 5560
65702 554
65703 425
65704 1516
65705 529
65706 4148
65707 322
65708 1
65709 2901
65710 3940
65711 2725
65712 1316
65713 1614
65714 1481
65715 3
65716 2760
65717 5631
65718 1510
65719 1279
65720 2
65721 4
65722 459
65723 2226
65724 6534
65725 2344
65726 6827
65727 2743
65728 595
65729 1
65730 2979
65734 21851
65735 1221
65736 8261
65737 1
65738 1
65739 7759
65740 5457
65741 6760
65742 9585
65743 3411
65744 20138
65745 1641
65746 1013
65747 8185
65748 2016
65749 13609
65750 5866
65751 2468
65752 464
65753 22716
65754 31156
65755 2
65756 1249
65757 4269
65758 7428
65759 61018
65760 470
65761 9167
65762 4
65763 30877
65764 13484
65765 33348
65766 32488
65767 951
65768 1669
65769 5019
65770 7508
65771 495
65772 3830
65773 60469
65774 13330
65775 72025
65776 1094
65777 4
65778 60056
65779 3526
65780 2513
65781 3753
65782 3082
65783 7
65784 8001
65785 7650
65786 10093
65787 48845
65788 1484
65789 11070
65790 2
65791 3232
65792 1513
65793 205
65794 5
65795 624
65797 15770
65798 7511
65799 9
65800 29507
65801 24377
65802 25490
65803 7495
65805 10908
65806 6245
65807 1813
65808 58728
65809 8879
65810 5
65811 264
65812 8822
65813 12799
65814 13
65815 1
65816 1773
65817 51094
65818 3118
65819 8702
65820 16932
65821 21383
65822 35782
65823 8667
65824 11014
65825 1222
65826 2438
65827 5
65828 9669
65829 7344
65830 23188
65831 35382
65832 36129
65833 23004
65834 2631
65835 4787
65836 16044
65837 3
65838 5
65839 1
65840 7246
65841 7245
65842 7233
65843 2033
65844 22619
65845 195
65846 6
65847 289
65848 22554
65849 1
65850 7280
65851 609
65852 27045
65853 13569
65854 24913
65855 2690
65856 17942
65857 17883
65858 46480
65859 22213
65860 19439
65864 11449
65865 6121
65866 27069
65867 14661
65868 42355
65869 11932
65870 43276
65871 2162
65872 19924
65873 32956
65874 30181
65875 9
65876 32883
65877 21880
65878 1
65879 47812
65880 32732
65881 4815
65882 26022
65883 10119
65884 10087
65885 37028
65886 49829
65887 17332
65888 10
65889 1174
65890 14797
65891 2
65892 5
65893 3615
65894 21325
65895 25579
65896 17100
65898 35679
65899 63977
65900 4134
65901 4004
65902 2382
65903 6
65904 3
65905 16935
65906 12135
65907 32454
65908 11369
65909 25141
65910 11537
65911 7
65912 20
65913 1
65914 6825
65915 7
65916 2056
65917 191
65918 29206
65919 24067
65920 8354
65921 27817
65922 2267
65923 35987
65924 6771
65925 34401
65927 22573
65928 20397
65929 49111
65930 2707
65931 13157
65932 9514
65933 27847
65934 16122
65935 1
65936 9201
65937 9474
65938 8426
65939 4639
65940 20078
65941 2960
65942 6701
65943 18890
65944 4
65945 7761
65946 4684
65947 2125
65949 2
65950 9
65951 6
65952 5294
65953 1
65954 5722
65955 2527
65956 6
65957 1319
65958 8
65959 1
65960 1
65961 4
65962 1
65963 1
65964 6040
65965 1427
65966 21495
65967 6003
65968 5598
65969 8328
65970 7
65971 1272
65972 5
65973 2
65974 6306
65975 2367
65976 26463
65977 1252
65978 1
65979 18979
65980 5
65981 6
65982 1
65983 5077
65984 20757
65985 31035
65986 5
65987 19256
65988 2708
65989 7
65990 6764
65994 33390
65995 11510
65996 23722
65997 4732
65998 24420
65999 3404
66000 1235
66001 39415
66002 18605
66003 2
66004 2
66005 7115
66006 41233
66007 24738
66008 6
66009 25211
66010 24111
66011 5
66012 8067
66013 1
66014 1
66015 3
66016 9662
66017 11545
66018 2270
66019 24534
66020 39504
66021 9696
66022 11210
66023 7
66024 17
66025 1
66026 2
66027 31637
66028 42901
66029 1589
66030 6
66031 6194
66032 712
66033 2
66034 3
66035 3
66036 3
66037 1
66038 14911
66039 6221
66040 1
66041 1186
66042 1
66043 14976
66044 2
66045 13564
66046 4223
66047 4
66048 4
66049 36404
66050 3
66051 1422
66052 6053
66053 511
66054 5
66055 16813
66057 11055
66059 2
66060 3
66061 10556
66062 156
66063 2
66064 1
66065 22619
66066 2
66067 14810
66068 4584
66069 4176
66070 12411
66071 51774
66072 4
66073 12958
66074 2
66075 133
66076 5738
66077 32618
66078 56400
66080 27890
66081 4
66082 1
66083 8653
66084 9349
66085 4244
66086 51940
66087 8475
66088 1
66089 9237
66090 14674
66091 44844
66092 4739
66093 9
66095 16513
66096 19141
66097 18
66098 6970
66099 7
66100 15678
66101 25410
66102 16062
66103 1489
66104 1
66105 1
66106 1
66107 2
66108 7
66109 2
66110 1
66111 9
66112 18943
66113 1
66114 5219
66115 10019
66116 5344
66117 652
66118 42570
66119 5
66120 18135
66125 1
66126 7813
66127 14210
66128 4
66130 9828
66131 47890
66132 61919
66133 44695
66134 8339
66135 4
66136 4
66137 2
66138 9
66139 5
66140 3
66141 33029
66142 8168
66143 10269
66144 5
66145 11082
66146 7113
66147 4159
66148 3
66149 5
66150 12
66151 4
66152 1
66153 45035
66154 3
66155 1
66156 53656
66157 25591
66158 8
66159 37116
66160 3295
66161 1441
66162 18193
66163 2429
66164 21003
66165 13794
66166 8606
66167 33484
66168 3
66169 4294
66170 15278
66171 12814
66172 3
66173 1
66174 1
66175 8180
66176 53847
66177 4
66178 23944
66179 11874
66180 2
66181 8499
66182 8
66183 9134
66184 8631
66185 1
66187 28985
66188 7
66189 21383
66190 14384
66191 3
66192 28195
66193 1829
66194 1
66195 12158
66196 9921
66199 2
66200 3
66201 1
66202 2
66203 4370
66204 4
66205 32804
66206 9
66207 54
66208 3
66209 2
66210 2
66211 3
66212 12
66214 10844
66216 48520
66217 1
66218 2589
66219 34435
66220 1
66221 3495
66223 28618
66224 10
66226 33483
66227 2
66228 22465
66229 12415
66230 1
66231 2
66232 20156
66233 19726
66234 1
66235 6
66236 33350
66237 8
66238 39234
66239 4
66240 1
66241 1
66242 4947
66243 32367
66244 2
66245 1
66246 1
66247 40
66248 1
66249 9943
66250 8172
66253 54587
66255 15
66256 17738
66258 8
66259 1
66260 2
66261 2
66262 8
66263 1
66264 18589
66266 33902
66267 4
66268 33593
66269 6181
66270 83
66271 1
66272 32439
66274 2
66275 3
66276 4
66277 2
66278 24846
66280 4
66281 7274
66282 1
66283 2
66284 14911
66285 2
66286 16009
66287 3
66288 5557
66289 1
66290 45592
66291 9899
66292 3
66293 5
66294 1
66295 1
66296 12
66297 1
66298 1
66299 28831
66301 1
66302 6
66303 3
66304 6
66305 23376
66306 1
66307 2
66308 6437
66309 1
66310 1
66311 1
66312 12
66313 23364
66314 1
66315 1
66318 12
66319 3
66320 2022
66321 47162
66322 11
66323 19883
66324 3023
66325 1
66326 3
66327 1
66328 1
66329 1
66330 1
66331 1
66332 4
66333 2
66334 1
66335 1
66336 5
66337 1
66338 20368
66339 11144
66340 1
66341 19
66342 1
66343 6
66344 2
66345 29255
66346 1
66347 15980
66348 9339
66349 1
66350 1
66351 1
66352 10
66353 1
66354 12705
66355 9
66356 1
66357 1
66358 11356
66359 5743
66360 1
66361 1
66362 31456
66363 1
66364 2
66365 9534
66366 1
66367 3
66368 5
66369 5
66370 7
66371 1
66372 1
66373 22843
66374 2
66375 811
66377 6527
66378 2
66379 10
66380 17207
66383 9349
66384 5649
66385 12594
66386 34396
66387 14429
66388 4
66389 7
66390 1
66391 23430
66392 24338
66393 5074
66394 6803
66395 8
66396 2
66399 4
66400 2
66401 2
66402 4991
66403 1
66404 1
66405 1
66406 2
66407 3
66409 1
66410 1
66411 1
66413 8666
66414 11293
66415 20548
66416 2
66417 4
66418 1
66419 1
66420 3
66421 1
66422 7578
66423 1
66424 2
66425 2
66426 1
66427 4
66428 4945
66429 4
66430 23252
66438 13
66440 35331
66441 1743
66442 2
66443 4355
66445 11601
66448 19851
66449 18
66450 3
66451 2
66453 4
66454 3
66455 11402
66456 16
66457 1
66458 3418
66460 23579
66461 8959
66462 35565
66464 13789
66465 20759
66466 2
66467 2
66468 5
66470 11
66471 35596
66475 23565
66476 17317
66477 9583
66478 16198
66480 1
66481 2
66482 1
66483 1857
66484 1
66485 8981
66486 30212
66487 1855
66488 1
66489 3
66490 1
66491 1
66493 8946
66494 4321
66495 11927
66496 1
66497 4867
66498 9094
66499 1
66500 1
66501 13074
66503 2
66504 11996
66506 13654
66507 20769
66509 17430
66510 12637
66512 21069
66513 6374
66516 6319
66519 6981
66520 6
66521 9465
66523 11315
66524 21207
66525 21423
66526 1
66527 11913
66528 35842
66530 20620
66534 1
66536 7131
66537 5
66538 17431
66541 1
66542 2
66543 1
66544 7092
66545 1
66546 1
66547 1
66548 6
66549 3
66553 304
66554 5
66556 4429
66558 594
66559 11308
66560 17468
66563 4
66565 10437
66567 12193
66568 1
66569 10
66572 8479
66573 5
66574 2
66575 3
66579 22041
66580 1
66581 1
66582 7126
66583 3
66584 12601
66586 2
66587 3
66588 10133
66589 6501
66591 6
66592 6
66598 7115
66601 11346
66608 8902
66614 17967
66615 3
66616 7200
66620 6119
66623 1
66624 2
66625 5676
66628 6
66630 6113
66634 3
66640 5127
66644 8
66645 9459
66646 9092
66650 5451
66652 24176
66653 8742
66655 8816
66656 23247
66664 24230
66666 1572
66667 10387
66668 7
66669 5
66670 1
66672 4
66673 1685
66674 5200
66676 2
66677 19702
66684 19758
66701 10818
66705 11712
66710 6
66721 2
66722 1
66726 5
66738 2
66742 1
66754 5
66755 1
66758 8
66770 1
79470 3838
79472 9
79473 1
79474 1
79475 3298
79476 7108
79503 17792
79626 6226
79628 18112
79637 2980
79640 1
79645 3164
79646 9223
79649 1
79651 19
79653 1
79657 1
79658 3154
79660 2962
79661 1
79670 1
79673 9040
79697 3220
79711 1
81923 33484
81924 23477
81925 10784
81926 5138
81927 5128
81928 13802
81929 2030
81930 6301
81931 16066
81932 66620
81933 6613
81934 12807
81935 2681
81936 44823
81937 57488
81938 34974
81939 2496
81940 12598
81941 717
81942 37074
81943 56230
81944 36746
81945 4214
81946 3540
81947 6219
81948 10560
81949 12664
81950 10537
81951 1
81952 15348
81953 8470
81954 12572
81955 7464
81956 4111
81957 4076
81958 7392
81959 6157
81960 7114
81961 22222
81962 5208
81963 15885
81964 41132
81965 3022
81966 2955
81967 20965
81968 3266
81969 6291
81970 1
81971 8
81972 1
81973 16593
81974 2
81975 1
81976 5929
81977 2744
81978 1
81979 12046
81980 3602
81981 228
81982 6881
81983 21677
81984 9874
81988 4721
81989 7007
81990 4703
81991 3821
81992 9785
81993 4656
81994 1800
81995 3755
81996 4631
81997 4920
81998 5959
81999 9594
82000 8275
82001 4535
82002 5017
82003 2689
82004 8309
82005 1
82006 5804
82007 1753
82008 4576
82009 758
82010 4125
82011 1296
82012 5522
82013 1062
82014 9793
82015 7984
82016 9762
82017 5266
82018 6964
82019 1
82020 920
82021 3194
82022 3182
82023 4001
82024 2922
82025 9073
82026 2711
82027 27637
82028 8119
82029 6900
82030 4496
82031 1718
82032 1168
82033 4167
82034 2824
82035 1932
82036 2415
82037 10862
82038 4789
82039 13359
82040 3872
82041 11267
82042 2458
82043 6166
82044 2305
82045 3765
82046 389
82047 5279
82048 1
82049 8568
82051 6010
82052 4419
82053 5897
82054 4451
82055 9590
82056 5907
82057 9568
82058 3597
82059 686
82060 1
82061 8245
82062 1163
82063 3920
82064 1918
82065 5069
82066 4251
82067 5048
82068 12440
82069 6587
82070 10488
82071 13436
82072 1
82073 759
82074 1817
82075 1813
82076 9325
82077 2380
82078 2989
82079 2230
82080 7021
82081 2714
82082 10074
82083 4300
82084 1950
82085 5555
82086 336
82087 300
82088 12267
82089 2933
82090 11846
82091 7586
82092 5499
82093 2
82094 16509
82095 5
82096 7616
82097 1619
82098 1217
82099 1785
82100 7
82101 5128
82102 327
82103 1392
82104 2
82105 183
82106 5
82107 1
82108 2463
82109 1609
82110 3378
82111 1699
82112 2193
82113 591
82114 8762
82118 2
82119 3584
82120 3615
82121 1523
82122 332
82123 364
82124 4714
82125 13974
82126 7299
82127 2
82128 13889
82129 3269
82130 3121
82131 23274
82132 1304
82133 73242
82134 20762
82135 1998
82136 3487
82137 25
82138 38914
82139 31001
82140 1141
82141 2431
82142 23319
82143 25430
82144 1260
82145 49104
82146 601
82147 1284
82148 72822
82149 20219
82150 25322
82151 12671
82152 2554
82153 9326
82154 16173
82155 4837
82156 16
82157 5687
82158 7725
82159 30466
82160 60122
82161 13272
82162 4
82163 19913
82164 6293
82165 14425
82166 3285
82167 24923
82168 37846
82169 24759
82170 9
82171 9097
82172 13141
82173 13139
82174 3
82175 5583
82176 2004
82177 16417
82178 1355
82179 28323
82181 15776
82182 6165
82183 15740
82184 7699
82185 5773
82186 6526
82187 3819
82188 58206
82189 46263
82190 15996
82191 5523
82192 8903
82193 1
82194 2
82195 3789
82196 6399
82197 15517
82198 19237
82199 46195
82200 10703
82201 12711
82202 3
82203 765
82204 196
82205 1807
82206 12609
82207 7374
82208 21387
82209 4726
82210 13684
82211 8616
82212 2356
82213 332
82214 28183
82215 1819
82216 5409
82217 10519
82218 4331
82219 1
82220 212
82221 30456
82222 2507
82223 21890
82224 2
82225 1636
82226 32397
82227 44021
82228 34051
82229 10402
82230 2162
82231 18222
82232 1
82233 10358
82234 3088
82235 14034
82236 10219
82237 14704
82238 24943
82239 26949
82240 20445
82241 33399
82242 12496
82243 4040
82244 19311
82248 12077
82249 5287
82250 12018
82251 14785
82252 8310
82253 8272
82254 5310
82255 5736
82256 26290
82257 40497
82258 11910
82259 7
82260 3121
82261 1
82262 1
82263 11
82264 41791
82265 26039
82266 48010
82267 17488
82268 6448
82269 8140
82270 1420
82271 8128
82272 32195
82273 52243
82274 11688
82275 2
82276 2091
82277 1
82278 2685
82279 23516
82280 3
82281 11270
82282 64367
82283 14214
82284 6923
82285 16998
82286 8342
82287 1212
82288 3
82289 1
82290 31347
82291 16780
82292 16866
82293 9813
82294 8230
82295 9
82296 16942
82297 16670
82298 5867
82299 36240
82301 4542
82302 1
82303 9948
82304 2
82305 39324
82306 8001
82307 12821
82308 1
82309 69247
82311 1274
82312 7837
82313 4549
82314 5796
82315 13831
82316 2
82317 2157
82318 2
82319 14276
82320 3925
82321 67933
82322 16046
82323 2944
82324 3
82325 21388
82326 15
82327 1
82328 1
82329 4900
82330 1
82331 1
82332 7
82333 23422
82334 12477
82335 7819
82336 2906
82337 14017
82338 1
82339 2
82340 5
82341 2
82342 1
82343 1
82344 4697
82345 8336
82346 20908
82347 1
82348 6
82349 9294
82350 9
82351 1518
82352 2781
82353 2021
82354 17276
82355 799
82356 8329
82357 1182
82358 3732
82359 13914
82360 2290
82361 4
82362 311
82363 4
82364 5120
82365 6287
82366 63275
82367 35330
82368 17005
82369 1203
82370 29945
82371 1
82372 1
82373 19805
82374 42465
82378 17498
82379 17745
82380 3142
82381 6
82382 2
82383 3628
82384 5
82385 34875
82386 34876
82387 1
82388 7846
82389 14366
82390 8372
82391 1
82392 3
82393 17547
82394 3279
82395 9290
82396 41382
82397 860
82398 28613
82399 5441
82400 6147
82401 1
82402 5
82403 2
82404 19222
82406 1385
82407 17780
82408 8
82409 43075
82410 9440
82411 3339
82412 5877
82413 1
82414 3012
82415 10392
82416 4
82417 5961
82418 5
82419 63356
82420 1
82421 6072
82422 1
82423 5164
82424 9
82425 4114
82426 23434
82427 32393
82428 2
82429 6
82430 5
82431 6152
82432 1
82433 6
82434 1
82436 10258
82437 3
82438 1
82439 6138
82441 3
82442 4
82443 11809
82444 3847
82445 8
82446 1519
82447 2819
82448 1
82449 9054
82450 3294
82451 12609
82452 45211
82454 7
82455 8141
82456 44409
82457 3
82458 1447
82459 40588
82460 9905
82461 11173
82462 4879
82463 1
82464 18998
82465 21106
82466 16104
82467 35408
82468 20399
82469 8654
82470 4
82471 1
82472 6976
82473 4245
82474 18806
82475 4
82476 41421
82477 52048
82478 8
82479 7467
82480 5
82481 3
82482 33352
82483 1
82484 9171
82485 3
82486 33047
82487 27416
82488 59108
82489 35008
82490 14733
82491 9725
82492 6283
82493 3
82494 1
82495 2741
82496 3
82497 2
82498 2410
82499 28081
82500 2
82501 33773
82502 3
82503 5
82504 13793
82508 15466
82509 5207
82510 4853
82511 1
82512 9
82513 1
82514 905
82515 9264
82516 6833
82517 6027
82518 10904
82520 10959
82521 6
82522 2
82523 53074
82524 7
82525 1
82526 6
82527 25737
82528 13040
82529 5166
82530 8
82531 34409
82532 39574
82533 558
82534 2
82535 2
82536 10992
82537 19500
82538 9636
82539 34444
82540 22103
82541 22113
82542 4
82543 44864
82544 5
82545 12151
82546 9090
82547 24237
82548 3
82550 35111
82551 7349
82552 3
82553 3
82554 15691
82555 25311
82556 4573
82557 4
82558 8
82559 15300
82560 3180
82561 41147
82562 28562
82563 8317
82564 12140
82565 35683
82566 24076
82567 5626
82568 8616
82569 15333
82571 8092
82572 14
82573 11902
82574 3
82575 4
82576 11910
82577 13294
82578 3
82579 19551
82580 6927
82582 7
82583 2
82584 29361
82585 3
82586 9665
82587 2
82588 23448
82589 19818
82590 3
82591 1
82592 4
82593 3
82594 5053
82595 21060
82596 4
82597 2
82598 41295
82599 11859
82600 5
82601 5206
82602 22444
82603 2
82604 2
82605 1
82606 2743
82607 1
82608 8
82610 1
82611 3770
82612 13593
82613 12151
82614 7
82615 22188
82616 11
82617 45916
82618 30496
82619 39221
82620 3003
82621 1
82622 2734
82623 65692
82624 31110
82625 5084
82626 5007
82629 21089
82630 6
82631 42308
82632 8616
82633 3
82634 6982
82636 10903
82637 12
82638 5
82639 8
82640 1
82641 43306
82643 23023
82645 32443
82646 4
82647 11061
82648 2
82649 1
82650 8909
82651 31733
82653 7265
82655 19269
82656 12394
82657 2
82658 3
82659 22431
82660 16
82662 34282
82663 7377
82664 28216
82665 1
82666 1
82667 22319
82668 3297
82669 17450
82670 6
82671 5216
82672 8
82673 6
82674 17252
82675 1
82676 1
82677 1
82678 1
82679 1
82680 7378
82681 26240
82682 3626
82683 10
82684 4
82685 2
82686 2575
82687 28897
82688 1415
82689 5
82690 1408
82691 2
82692 1
82693 27411
82694 3
82695 1
82696 2
82697 2
82698 37
82699 1
82701 6
82702 4
82703 1
82704 13668
82705 1
82706 1
82707 1
82708 33990
82710 11183
82711 1
82712 1
82713 1
82714 21270
82715 16822
82716 34218
82717 1
82718 8160
82719 23396
82720 1
82721 5699
82722 3
82723 1
82724 2
82725 19494
82726 1
82727 9
82728 7
82729 11557
82730 1
82731 3
82732 6
82733 2
82734 4063
82735 6
82736 18
82737 3624
82738 3
82739 8514
82740 19156
82741 6
82742 1
82743 1
82744 4
82745 34019
82746 1
82747 750
82748 1
82750 1
82751 19953
82752 2546
82753 1
82754 19020
82755 2
82757 2
82758 1
82759 1
82760 19204
82761 2
82762 1
82763 3
82764 2
82766 30000
82767 26429
82768 8067
82769 13
82770 11
82771 2
82772 11163
82773 19
82775 8
82776 1
82777 1
82778 8769
82779 1
82780 24397
82781 854
82784 34869
82785 27
82786 1
82787 9809
82788 2
82789 5671
82790 3
82791 1
82792 1
82793 8
82795 11900
82796 7986
82797 31794
82798 5
82799 3
82800 49
82801 19477
82802 1
82804 10319
82805 5307
82806 1
82807 4
82808 12944
82810 1
82811 16686
82813 2
82814 19770
82815 5
82816 4
82817 4371
82818 5897
82820 23501
82823 2
82825 23552
82826 5
82827 4
82828 6
82829 4202
82832 4955
82833 6
82834 18
82835 1
82836 3298
82837 1
82838 1
82839 1
82840 1
82841 1
82842 5
82843 1
82846 1
82847 7939
82848 4030
82849 12775
82850 12795
82851 4
82852 1
82853 11879
82854 19
82855 2
82856 2
82857 1
82858 3
82859 1834
82860 3027
82861 1
82862 5
82863 15244
82864 10680
82867 1
82870 1
82871 1
82872 18
82873 3
82874 6289
82875 8025
82876 24236
82877 6
82878 1
82879 2
82880 2
82881 2
82882 28831
82883 2
82884 1
82885 2
82886 7
82887 16389
82891 2
82892 13654
82893 7
82896 19939
82897 2
82898 1
82902 7348
82903 21111
82904 6511
82905 3
82906 5542
82907 4
82908 8684
82909 29100
82912 14337
82914 4391
82916 47
82918 4339
82919 12805
82920 1
82921 6977
82922 1
82923 3
82924 1
82925 11908
82927 2
82929 6915
82930 5776
82932 11701
82934 4
82935 9664
82936 8735
82937 8746
82938 2
82939 15440
82940 18027
82941 13974
82944 1
82945 2
82949 8519
82952 4
82953 2
82954 5908
82956 5
82957 1
82958 2
82961 10248
82963 5
82965 18732
82971 11389
82972 17820
82973 12868
82975 23917
82978 2
82979 2
82980 6
82981 3
82984 6020
82985 3075
82988 14137
82992 7173
82997 1
83003 8502
83005 4
83006 5
83013 6538
83014 18045
83015 2
83016 8994
83018 4
83026 5572
83027 5522
83028 5484
83033 8
83034 8
83036 5
83038 8745
83040 5
83041 5
83044 9987
83050 3
83052 11853
83055 5161
83063 8857
83064 19736
83068 1
83069 8873
83071 1
83072 13330
83073 7
83074 4
83076 6883
83079 1
83083 3966
83095 11282
83098 1217
83099 20
83124 3313
83128 3
83134 1
83144 1
95856 7057
95858 1
95859 61
95860 9177
96011 1
96019 10
96020 9186
96022 6218
96030 7
96031 1
96038 3
96040 20
96080 1
98308 4176
98309 1618
98310 32124
98311 2
98312 15920
98313 175
98314 44113
98315 4864
98316 19484
98317 19940
98318 44276
98319 41006
98320 47239
98321 10
98322 4133
98323 3838
98324 15725
98325 3
98326 14976
98327 2427
98328 27576
98329 1
98330 7574
98331 6203
98332 20073
98333 49528
98334 7249
98335 10054
98336 7243
98337 928
98338 1358
98339 9624
98340 7211
98341 3456
98342 2993
98343 1438
98344 1583
98345 1
98346 2309
98347 9222
98348 37597
98349 2652
98350 941
98351 1545
98352 4947
98353 16297
98354 6107
98355 8
98356 1315
98357 1
98358 1
98359 7643
98360 2113
98361 53596
98362 2260
98363 10009
98364 3398
98365 11643
98366 1215
98367 59240
98368 15970
98372 11886
98373 5300
98374 21550
98375 21519
98376 17476
98377 3601
98378 11155
98379 6
98380 585
98381 1
98382 8316
98383 1695
98384 4303
98385 3182
98386 14084
98387 4863
98388 21129
98389 3612
98390 16838
98391 4178
98392 4940
98393 5560
98394 25873
98395 499
98396 5722
98397 4098
98398 13804
98399 3907
98400 9250
98401 48
98402 6953
98403 13980
98404 4841
98405 8
98406 3
98407 17736
98408 4743
98409 4290
98410 881
98411 588
98412 688
98413 12573
98414 4689
98415 1730
98416 2385
98417 3664
98418 3888
98419 7685
98420 2497
98421 1916
98422 2
98424 4084
98425 780
98426 1759
98427 13831
98428 6127
98429 4761
98430 8747
98431 4898
98432 3746
98433 6032
98435 5089
98436 788
98437 4550
98438 14323
98439 6547
98440 3642
98441 2851
98442 4438
98443 25671
98444 1
98445 7
98446 3299
98447 2696
98448 5445
98449 10677
98450 1718
98451 2602
98452 3674
98453 2294
98454 4549
98455 5934
98456 6
98457 3
98458 2
98459 3496
98460 30068
98461 2011
98462 1991
98463 5649
98464 1
98465 1
98466 2227
98467 4876
98468 852
98469 4045
98470 8047
98471 2305
98472 11911
98473 593
98474 1769
98475 960
98476 3329
98477 2867
98478 5836
98479 296
98480 5242
98481 2
98482 14660
98483 1775
98484 16
98485 4413
98486 15298
98487 1
98488 19
98489 17
98490 778
98491 871
98492 1944
98493 2
98494 6
98495 1
98496 836
98497 1720
98498 1678
98502 14815
98503 1258
98504 17439
98505 1
98506 1268
98507 9300
98508 3856
98509 7928
98510 6837
98511 386
98512 13881
98513 11646
98514 5392
98515 337
98516 11572
98517 11513
98518 2869
98519 1466
98520 680
98521 2084
98522 1249
98523 7395
98524 3
98525 5453
98526 1781
98527 11464
98528 15884
98529 22507
98530 6175
98531 13496
98532 557
98533 1443
98534 13447
98535 16854
98536 5026
98537 9820
98538 84161
98539 4597
98540 6
98541 1954
98542 1
98543 16083
98544 1886
98545 11205
98546 16028
98547 46044
98548 388
98549 10733
98550 9142
98551 7
98552 6281
98553 59411
98554 2
98555 7
98556 4261
98557 7609
98558 350
98559 6479
98560 10984
98561 35150
98562 58636
98563 13051
98565 29579
98566 8958
98567 16223
98568 8475
98569 6445
98570 8938
98571 3821
98572 15843
98573 629
98574 15659
98575 23050
98576 12
98577 5512
98578 2388
98579 5504
98580 2271
98581 7432
98582 362
98583 57457
98584 68748
98585 2954
98586 288
98587 6555
98588 10
98589 2
98590 4379
98591 6
98592 1
98593 6
98594 12549
98595 3273
98596 3859
98597 10931
98598 4954
98599 28138
98600 18642
98601 9531
98602 27895
98603 4
98604 15065
98605 10461
98606 12394
98607 8493
98608 13893
98609 1
98610 5342
98611 3979
98612 5316
98613 77140
98614 7370
98615 2444
98616 5162
98617 5064
98618 48875
98619 1
98620 6185
98621 12185
98622 3140
98623 17977
98624 11
98625 1
98626 7
98627 6
98628 4321
98632 33344
98633 12046
98634 10410
98635 6700
98636 11996
98637 11738
98638 37046
98639 6
98640 5
98641 17667
98642 39006
98643 11898
98644 10173
98645 14432
98646 1
98647 5194
98648 4330
98649 21792
98650 8205
98651 9897
98652 20903
98653 9400
98654 6318
98655 32297
98656 5859
98657 35168
98658 9976
98659 4397
98660 21412
98661 1
98662 21376
98663 3657
98664 13886
98665 21274
98666 18784
98667 5
98668 8220
98669 8026
98670 22788
98671 40316
98672 1221
98673 7
98674 8031
98675 11533
98676 4424
98677 61278
98678 16718
98679 4
98680 34574
98681 79039
98682 9767
98683 7911
98684 6
98685 57134
98686 49845
98687 4318
98688 2077
98689 11215
98690 39252
98691 6
98692 9620
98693 13723
98694 78257
98695 28493
98696 7845
98697 16244
98698 2090
98699 2810
98700 3458
98702 22989
98703 59109
98704 1
98705 25438
98706 1
98707 7411
98708 33370
98709 8130
98710 15988
98711 29623
98712 14468
98713 19851
98714 10688
98715 5737
98716 3
98717 2
98718 1
98719 21611
98720 5
98721 1
98722 2768
98723 531
98724 9338
98725 3
98726 5267
98727 7
98728 5
98729 9922
98730 7
98731 31850
98732 1
98733 33495
98734 6
98735 1
98736 6697
98737 9
98738 41
98739 3
98740 9
98741 5
98742 1
98743 6
98744 16215
98745 19
98746 1
98747 9042
98748 47370
98749 12177
98750 1
98751 3494
98752 1
98753 1
98754 21015
98755 17751
98756 3
98757 47382
98758 6
98762 14441
98763 7
98764 7
98765 3189
98766 747
98767 1294
98768 23714
98769 3
98770 2228
98771 3
98772 1
98773 623
98774 231
98775 1
98776 21275
98777 1
98778 7
98779 15
98780 2
98781 8
98782 17356
98783 1182
98784 6777
98785 11537
98786 1
98787 1
98788 36411
98789 32881
98790 33878
98792 9
98793 14863
98794 6
98795 15885
98796 7
98797 36611
98798 1
98799 21289
98800 9
98801 4
98802 4
98803 17971
98804 3323
98805 1100
98806 5984
98807 1
98808 2
98810 1330
98811 1150
98812 42416
98813 8684
98814 1
98815 2685
98817 8292
98818 60752
98819 3333
98820 3
98821 6770
98822 6
98823 3493
98825 37470
98826 15601
98827 170
98828 56024
98829 23863
98830 1
98831 8248
98832 26245
98833 64084
98834 30121
98835 9984
98836 1
98837 3
98838 6
98839 3916
98840 40174
98841 13866
98842 4604
98843 1057
98844 9924
98845 10351
98846 1
98847 1
98848 9357
98849 8
98851 1
98852 10574
98853 9
98854 9025
98855 17786
98856 5
98857 1
98859 1
98860 7
98861 1
98862 38073
98863 3
98864 5320
98865 4
98866 36198
98867 60331
98868 17652
98869 1
98870 15
98871 4
98872 53812
98873 4718
98874 38847
98875 62848
98876 6901
98877 4023
98878 19079
98879 4042
98880 665
98881 32217
98882 1725
98883 28079
98884 909
98885 16597
98886 26242
98887 4
98888 1594
98893 15814
98894 2
98895 1685
98896 20267
98897 1
98898 10
98899 4210
98900 4275
98901 20269
98902 3539
98903 25086
98904 5
98906 3
98907 64780
98908 2095
98909 1
98910 3
98911 2
98912 1
98913 4499
98914 17
98915 5
98916 59489
98917 8
98918 1
98919 35286
98920 4
98921 6
98922 8
98923 23842
98924 2
98925 4
98926 1
98927 1485
98928 6394
98929 8546
98930 4895
98931 10
98932 1
98933 18824
98934 11
98935 3
98936 2
98937 2
98938 13
98939 3
98940 2530
98941 19425
98942 41052
98943 2528
98944 6642
98945 2
98946 4
98947 29297
98948 27294
98949 35589
98950 8627
98951 63074
98952 16313
98953 7263
98955 25054
98956 63462
98957 2
98958 4970
98959 9887
98960 3585
98962 19306
98963 1
98964 5191
98965 1
98966 4723
98967 4
98968 44032
98969 1
98970 1
98971 7
98972 31744
98974 3770
98975 6
98976 1
98977 1
98978 6
98979 3
98980 1
98981 7
98982 6
98983 9
98984 1
98985 3
98986 15685
98987 30490
98988 8558
98989 27550
98991 1
98992 1
98993 2
98994 1
98995 1
98996 1
98998 3009
98999 3
99000 9775
99001 1
99002 13636
99003 30462
99004 22578
99005 48571
99006 79
99007 7
99008 10
99009 1
99010 8
99012 17
99013 6
99014 7
99015 43191
99016 5
99017 1
99018 2
99020 34698
99021 10
99022 2
99023 2
99024 2
99026 1
99027 10262
99028 10290
99029 11064
99030 4
99031 2
99032 2
99033 6433
99035 14809
99036 14821
99037 7
99038 9116
99039 27941
99040 33528
99043 1421
99044 10362
99045 5332
99046 23465
99047 4
99048 16
99049 3595
99050 1
99052 1
99053 17284
99054 11716
99055 17704
99056 6
99057 16505
99058 5
99059 1
99060 1
99061 1
99062 18365
99063 15630
99064 1904
99065 1
99066 2
99067 4
99068 3
99069 3
99070 2
99071 1691
99072 1
99073 1
99074 10207
99075 3
99076 27421
99077 17197
99078 28828
99079 2
99080 1
99081 1
99082 4049
99083 3
99085 11578
99086 38006
99087 11
99088 8885
99089 3
99090 7570
99091 8140
99092 2
99093 4
99094 2
99095 11957
99097 14361
99098 1
99099 14119
99101 8592
99102 8705
99103 17321
99104 2
99105 1
99106 3094
99107 1
99108 20
99109 14
99110 1
99111 33970
99112 2
99113 5709
99114 3
99115 1
99116 3104
99118 22292
99120 7336
99121 6
99122 34236
99123 4
99124 1
99125 8911
99126 1
99127 11
99128 1
99129 20987
99130 1
99131 3
99132 1
99133 1
99134 1
99135 1
99137 6
99138 1
99139 19854
99140 2
99141 1
99142 1
99143 1
99144 24850
99145 6
99146 5535
99148 1
99151 7
99152 1
99153 3
99154 2
99155 7755
99156 3417
99157 12760
99158 1
99159 18
99160 1
99161 1
99162 3
99163 2
99164 6538
99165 4056
99166 17087
99167 1
99169 4203
99170 3
99171 1
99173 1
99174 1
99175 5
99176 3
99177 7682
99178 4369
99179 1
99180 5802
99181 24427
99182 19385
99183 6
99184 18320
99185 11
99186 1815
99187 3
99188 3535
99189 8376
99191 2
99192 1
99193 1
99194 34537
99195 5652
99196 2
99197 6121
99198 1
99199 3
99200 16
99201 6
99202 2
99203 1
99204 2
99205 1
99206 17267
99207 1
99208 2
99209 613
99210 11810
99211 12140
99212 23626
99213 8909
99215 15518
99216 23967
99217 1
99218 11
99219 1
99220 1
99221 1
99224 15
99225 1
99227 1
99228 4998
99229 5650
99230 34816
99231 10
99232 3
99233 11297
99234 8
99235 11414
99236 17195
99237 10680
99238 16
99240 4
99241 2
99243 492
99245 8
99247 8299
99248 4107
99251 6922
99252 2
99253 1
99255 4
99256 1
99257 1
99258 1
99261 2
99263 5
99264 1
99265 14412
99266 5
99267 1
99268 9344
99271 1
99273 8952
99274 1
99275 415
99277 28945
99278 3
99280 35795
99281 8
99282 3
99283 19952
99286 35791
99287 1
99288 5541
99289 2
99290 4
99291 6
99294 4
99295 1
99296 1
99297 1
99298 5
99299 26965
99300 4
99304 27047
99306 986
99308 2421
99309 11389
99310 18765
99311 9665
99312 1
99313 20847
99316 1
99321 17476
99322 1758
99323 2
99324 36093
99327 21692
99328 24727
99329 2
99330 5
99331 1
99332 1
99338 11415
99339 17538
99343 1
99346 21116
99347 1
99349 8568
99350 1
99352 8630
99354 17741
99355 1
99356 1
99357 2
99358 1
99361 5
99364 24085
99365 5
99366 24090
99370 6398
99371 15837
99372 15787
99375 5842
99376 1
99377 7054
99378 7175
99381 11246
99382 3
99383 11430
99384 1
99385 8992
99387 2
99391 2
99392 5
99394 2
99395 5093
99404 4
99412 12
99413 4
99415 5166
99417 14623
99418 6736
99420 1
99421 2
99422 6491
99424 8832
99426 13079
99432 1
99454 1
99459 7110
99461 19757
99462 5
99468 6921
99469 4
99472 1
99479 2
99481 3
99482 5
99486 1
99487 1
99489 7387
99490 7409
99502 3327
99503 8954
99513 2828
99514 2
99516 1
99518 1
99519 1
112241 3174
112245 8936
112397 790
112404 17
112407 9065
112446 13
112516 1
114692 12739
114693 33333
114694 9036
114695 12014
114696 5942
114697 62
114698 1457
114699 1667
114700 7677
114701 2667
114702 15416
114703 3528
114704 43209
114705 10784
114706 1372
114707 727
114708 11317
114709 2
114710 1470
114711 7
114712 9488
114713 11090
114714 6557
114715 7269
114716 10736
114717 5
114718 570
114719 1
114720 11066
114721 17306
114722 16
114723 23193
114724 17296
114725 1539
114726 865
114727 1
114728 5470
114729 3
114730 12367
114731 3826
114732 4421
114733 41090
114734 26703
114735 2147
114736 2841
114737 2924
114738 14385
114739 482
114740 5381
114741 13673
114742 4930
114743 4217
114744 2104
114745 733
114746 2
114747 7144
114748 3589
114749 18177
114750 13
114751 14100
114752 918
114756 14483
114757 4341
114758 26635
114759 1
114760 8438
114761 713
114762 12295
114763 3174
114764 14233
114765 2833
114766 8306
114767 4110
114768 9214
114769 328
114770 17671
114771 8219
114772 8178
114773 8215
114774 4978
114775 2730
114776 4179
114777 2647
114778 6012
114779 3144
114780 16804
114781 6596
114782 3893
114783 11811
114784 6557
114785 3229
114786 6532
114787 9238
114788 14399
114790 18240
114791 6767
114792 3430
114793 9706
114794 6912
114795 5276
114796 4713
114797 14074
114798 8983
114799 4207
114800 2853
114801 2063
114802 1783
114803 55732
114804 5440
114805 48158
114806 1749
114807 25784
114808 21
114809 18356
114810 3287
114811 2004
114812 8633
114813 1487
114814 2574
114815 724
114816 560
114817 1917
114819 2758
114820 2268
114821 4391
114822 1421
114823 5897
114824 1501
114825 4924
114826 2197
114827 21400
114828 30745
114829 5125
114830 2308
114831 6800
114832 3572
114833 3563
114834 4425
114835 4241
114836 2428
114837 2240
114838 1417
114839 1436
114840 1836
114841 1514
114842 38408
114843 13424
114844 4152
114845 4144
114846 37045
114847 748
114848 1
114849 1595
114850 3928
114851 4854
114852 1570
114853 1376
114854 11967
114855 433
114856 4957
114857 2
114858 4421
114859 4
114860 39609
114861 2106
114862 370
114863 1
114864 9528
114865 5133
114866 3274
114867 2827
114868 6
114869 11581
114870 2148
114871 792
114872 2241
114873 2068
114874 791
114875 1
114876 886
114877 2612
114878 3781
114879 2329
114880 6453
114881 49460
114882 6773
114886 21874
114887 1715
114888 31179
114889 2708
114890 12932
114891 17872
114892 13427
114893 11563
114894 7912
114895 1537
114896 3068
114897 1
114898 570
114899 11711
114900 10
114901 10620
114902 341
114903 7885
114904 11493
114905 459
114906 6706
114907 2
114908 615
114909 2
114910 2965
114911 6668
114912 3065
114913 3066
114914 7826
114915 9379
114916 9373
114917 3912
114918 13418
114919 16230
114920 7785
114921 3110
114922 5223
114923 3479
114924 1455
114925 60399
114926 34712
114927 30491
114928 11224
114929 17191
114930 16025
114931 10452
114932 15995
114933 17257
114934 60423
114935 30271
114936 7668
114937 5624
114938 127
114939 30085
114940 1650
114941 5591
114942 2301
114943 24061
114944 23306
114945 4309
114946 3
114947 101
114949 47379
114950 2960
114951 3000
114952 4249
114953 22081
114954 3065
114955 10934
114956 3
114957 19860
114958 29319
114959 3928
114960 21114
114961 4
114962 8853
114963 1131
114964 3338
114965 4681
114966 16756
114967 10066
114968 8732
114969 10556
114970 18204
114971 1927
114972 7
114973 9
114974 1008
114975 2140
114976 2942
114977 1
114978 38275
114979 4
114980 5
114981 3
114982 153
114983 7336
114984 7121
114985 9620
114986 4329
114987 22926
114988 1
114989 7266
114990 5363
114991 5358
114992 14985
114993 7919
114994 5927
114995 2
114996 2
114997 6
114998 2
114999 27718
115000 8444
115001 6196
115002 2365
115003 22425
115004 10
115005 6172
115006 13
115007 22341
115008 6
115009 8373
115010 6
115011 3422
115012 7728
115013 84888
115016 42819
115017 4
115018 17809
115019 7102
115020 1056
115021 10954
115022 37330
115023 841
115024 6263
115025 3842
115026 1104
115027 4
115028 7065
115029 1
115030 1
115031 14410
115032 5
115033 10134
115034 1
115035 7
115036 14304
115037 5165
115038 870
115039 8133
115040 17290
115041 14064
115042 17189
115043 4486
115044 21403
115045 13932
115046 72738
115047 264
115048 13876
115049 25481
115050 6
115051 4926
115052 659
115053 3
115054 31422
115055 16949
115056 1
115057 13852
115058 23786
115059 16893
115060 6863
115061 6855
115062 4
115063 8204
115064 5882
115065 13567
115066 24831
115067 5862
115068 34177
115069 33874
115070 16475
115071 951
115072 1
115073 39433
115074 1
115075 49668
115076 9613
115077 5821
115079 38940
115080 1024
115081 20
115082 9525
115083 13170
115084 2
115085 16690
115086 1
115087 14010
115088 5776
115089 10931
115090 76848
115091 47994
115092 3
115093 23898
115094 3
115095 23836
115096 1
115097 1
115098 1
115099 10
115100 10597
115101 2
115102 1654
115103 4
115104 7816
115105 1019
115106 12983
115107 38455
115108 2
115109 29215
115110 3
115111 1
115112 4
115113 3
115114 7
115115 6054
115116 5155
115117 47641
115118 25227
115119 3
115120 14330
115121 3
115122 1
115123 1348
115124 14172
115125 1
115126 41455
115127 1
115128 1
115129 8
115130 1
115131 1
115132 1
115133 3
115134 1
115135 3
115136 1226
115137 7991
115138 8
115139 19
115140 31275
115141 19111
115142 8324
115146 26945
115147 24585
115148 3221
115149 7
115150 2
115151 8
115152 22509
115153 17322
115154 8
115155 3
115156 9250
115157 1260
115158 9252
115159 4
115160 3
115161 4
115162 2
115163 4514
115164 1
115165 6005
115166 9307
115167 1
115168 1493
115169 10265
115170 17448
115171 7588
115172 7590
115173 2886
115174 21641
115175 28819
115176 2
115177 9931
115178 1249
115179 6
115180 10394
115181 2
115182 11766
115183 1
115184 3
115185 9439
115186 4546
115187 4656
115188 2
115189 1
115190 52080
115191 4
115192 1
115193 4188
115194 519
115195 1
115196 5
115197 8711
115198 4243
115199 1
115200 46280
115201 10477
115202 6
115203 6762
115204 1
115205 6
115206 32494
115207 2
115209 14911
115210 547
115211 164
115212 19170
115213 14366
115214 34421
115215 5116
115216 10579
115217 3
115218 3871
115219 1
115220 4624
115221 3323
115222 172
115223 1
115224 11932
115225 10572
115226 1
115227 2290
115228 3950
115229 6
115230 3706
115231 4055
115232 9
115233 2
115234 4
115235 2
115236 1465
115237 15789
115238 1
115239 2
115240 12058
115241 4016
115242 9
115243 5368
115244 2
115245 4616
115246 16434
115247 4
115248 6416
115249 12950
115250 1
115251 2294
115252 28905
115253 10916
115254 683
115255 3
115256 16157
115257 8
115259 1
115260 1
115261 1
115262 11144
115263 3859
115264 1
115265 2
115266 38234
115267 10
115268 1
115269 42234
115270 6598
115271 1
115272 2
115276 57486
115277 6
115278 6704
115279 6154
115281 2
115282 1587
115283 51966
115284 33067
115285 69667
115286 44719
115287 3
115288 5
115289 32722
115290 5
115291 3
115292 5
115293 4083
115294 5153
115295 18162
115296 6
115297 8
115298 15841
115299 18359
115300 6
115301 3
115302 1
115303 35304
115304 23831
115305 8
115306 4
115307 2
115308 2
115309 8381
115310 10553
115311 2
115312 1
115313 18954
115314 16
115315 4
115316 3
115317 2
115318 9962
115319 6426
115320 8406
115321 5
115322 4
115323 5007
115324 6
115325 1
115326 21018
115327 4615
115328 3
115330 9
115331 19592
115332 3377
115333 2
115334 4961
115336 12
115337 21555
115339 43696
115340 2
115341 1
115342 37468
115343 8
115344 4710
115345 14298
115346 47696
115347 1
115348 6
115349 1
115350 48226
115351 33803
115352 19613
115353 2
115354 7121
115355 4
115356 8
115357 34923
115358 24101
115359 2
115360 13
115361 38453
115362 22405
115363 3
115364 31845
115365 10
115367 28962
115368 30243
115369 6
115370 2573
115371 2
115372 5236
115373 23490
115374 4
115375 858
115376 492
115377 9
115378 12390
115379 30383
115380 8
115381 2
115382 4
115383 7
115384 3
115385 30493
115386 20295
115387 4
115388 5354
115389 8
115390 1
115391 6
115392 21056
115393 5
115394 2
115395 19825
115396 26054
115397 2
115398 18514
115399 1
115400 13241
115401 16860
115402 5541
115404 39937
115405 4
115406 1
115407 3875
115408 1
115409 1
115410 4
115411 43219
115412 12348
115413 4
115414 5
115415 18589
115417 5351
115418 2
115419 12760
115420 290
115421 9
115422 4
115423 1446
115424 1
115425 17708
115426 7294
115427 1391
115428 9106
115429 3584
115430 7
115431 1
115432 1
115433 17230
115434 1
115435 1
115436 1
115437 12585
115438 4
115439 1
115440 1
115441 26312
115442 3526
115443 1343
115444 22535
115445 1
115446 2
115447 2978
115449 1655
115450 2535
115451 11176
115452 10131
115453 1
115454 20064
115455 7
115456 1
115457 1
115458 2
115459 16120
115460 1
115461 5
115462 9883
115463 5
115464 2984
115465 7
115466 18105
115467 8
115470 29
115471 19475
115472 22633
115473 7502
115474 1
115475 11600
115476 1
115479 1
115480 10
115481 1
115482 1
115483 1
115484 2
115485 5950
115486 2612
115487 2
115488 7585
115489 5225
115490 1
115491 1
115492 1
115493 11303
115494 9
115495 1
115496 10
115497 1
115498 8428
115499 8432
115500 10
115501 10
115502 1
115503 3
115504 2
115505 8
115506 4
115507 2
115508 1
115510 11148
115511 2
115512 1
115513 19952
115514 1
115515 12052
115517 1
115518 1
115519 22546
115520 17286
115521 1
115522 1
115523 4
115524 8751
115525 1
115526 1
115527 8
115528 1
115529 1
115530 3
115531 8
115535 2
115536 1
115537 1
115538 1
115539 3400
115540 8541
115541 11836
115542 28807
115543 5783
115544 2
115545 1
115546 1
115548 19819
115549 24
115550 3
115551 23
115552 4186
115553 1
115555 1
115556 19
115557 1
115558 20091
115559 20221
115560 1
115561 1
115562 11889
115563 30545
115565 3
115566 2
115567 2
115568 14182
115569 18169
115570 9
115571 1878
115572 2
115573 4
115574 1
115575 1
115576 11879
115579 19798
115580 11521
115582 5555
115583 3
115584 7
115585 11592
115586 3
115588 20
115589 1
115591 29
115592 4
115593 4
115594 19799
115595 6
115596 2
115597 1
115599 11894
115600 6
115601 23784
115602 29662
115603 22626
115604 5
115607 5
115608 4
115609 1
115610 1
115612 2
115613 17071
115614 27310
115615 4
115616 5108
115617 9
115618 4
115619 12
115620 736
115622 7573
115623 2
115624 5
115625 3
115626 19042
115629 6471
115631 7
115633 6
115634 5
115635 13492
115637 1
115638 2
115639 5
115640 13553
115642 15400
115643 13422
115644 1
115645 5167
115646 13746
115647 1
115648 1
115649 11932
115652 35773
115653 1
115655 1
115657 19392
115659 13090
115660 7
115662 29064
115665 11355
115667 11297
115668 13820
115669 15983
115670 4475
115671 2
115672 26404
115678 11259
115681 4
115682 3
115684 26976
115685 3
115686 378
115687 1
115688 11905
115689 5
115690 14
115691 3
115692 9795
115695 21455
115696 36024
115698 36024
115701 1
115702 24677
115703 17941
115704 30786
115705 9
115706 23848
115707 2
115711 1
115712 8
115713 5019
115715 3
115720 20845
115726 8554
115731 24766
115732 6701
115733 2
115742 17851
115744 22140
115745 4
115746 31211
115752 10621
115754 2
115755 1
115758 5851
115763 1
115765 5829
115766 1
115769 14255
115771 666
115772 8460
115774 11383
115777 2668
115782 2
115783 3
115786 9885
115787 1
115791 2
115798 4
115799 1
115800 7065
115803 3
115804 9456
115805 11396
115806 5432
115810 6
115811 2
115812 5159
115813 2
115814 87
115820 5353
115823 1
115826 19645
115827 1
115833 7
115834 3
115835 2
115838 1296
115843 2
115845 6652
115854 2
115855 1
115856 1
115862 6
115866 3934
115867 1
115868 7362
115871 2009
115875 1196
115876 4
115877 1
115879 7391
115881 2872
115885 2
115888 2431
115889 4
115890 1
128624 1
128627 3180
128629 7038
128630 1
128782 28
128786 9245
128787 6
128789 798
128790 9001
128794 5
128802 13
128865 1
