3 23023
4 4403
5 2830
6 1123
7 83139
8 28746
9 37340
10 25224
11 22413
12 8063
13 89003
14 32421
15 195607
16 180053
18 194931
23 231926
24 80503
25 99225
26 192807
39 189493
40 5468
41 851
42 23
43 28435
44 19492
45 16194
46 784
47 8
48 1
49 23544
50 11222
51 10096
52 12921
53 87233
54 48969
55 6355
56 5347
57 11606
58 9725
59 825
60 71
61 13800
62 855
63 16
64 1
65 1102
66 1
67 16
68 3357
69 255
70 1
71 1
72 24961
73 112515
75 119491
84 24516
85 9300
86 26016
87 6353
88 72184
107 4501
108 497
109 1
110 1
111 11778
114 24377
115 61409
116 183
117 1
118 1
119 1
120 1
121 1
122 1
123 1
124 1
125 1
126 1
127 553
128 25
129 12381
213 35801
214 15944
215 43351
241 60380
251 24869
252 365
253 1
254 1
255 39
260 11255
261 32856
262 150
263 15188
264 267961
269 70649
272 217890
273 31
274 19730
289 243528
290 46739
291 215
292 18
293 108244
295 8444
296 121
297 24
298 8
299 1
300 541
301 1
302 12
303 1371
304 1
305 1
306 22
307 14
316 49900
317 32
318 6
355 6
356 60710
376 5345
377 512
378 1
379 17
398 617
399 1
400 36025
407 214282
412 38508
413 21
414 25
416 66671
417 35732
419 213168
421 187
422 1
423 6631
424 2577
425 48
441 62
442 31
445 89860
495 8366
496 16
497 3
514 64
515 1
516 1
517 39
530 8
531 1
532 1
533 23931
610 189130
612 1
613 18
618 45707
619 92
620 1
621 32
635 58788
659 759
660 1
661 1
662 5
667 21712
668 96
669 80670
670 253
671 8
672 26
673 1
674 1
688 9
689 2
690 1
691 1
692 1
693 1
694 1
695 17
724 17578
725 85
726 1
727 7
728 16
729 1
730 8
731 1
732 16
733 6
741 51786
742 27
743 1
744 1
745 1
746 1
749 57830
750 20
751 34896
752 74
753 1
754 1
755 1
756 1
757 1
758 1
759 1
760 32
761 1
762 1
763 1
764 1
765 1
766 1
767 1
774 223
775 24
776 48
813 78
814 24
815 3
816 157092
847 156959
848 22
856 1
857 1
858 9
974 41018
986 40952
987 48
1012 174166
1015 21294
1016 72
1017 1
1054 31
1055 1
1056 4
1058 11
1059 6
1060 1
1061 1
1062 1
1067 237088
1076 13
1077 1
1078 20
1092 49573
1107 163476
1111 163372
1127 517
1128 1
1129 59
1130 37557
1199 9177
1200 128
1201 1
1202 1
1203 1
1204 1
1205 76
1220 60143
1221 1
1222 1
1223 1
1224 1
1227 161407
1281 857
1282 1
1283 1
1287 5422
1288 1
1289 1
1291 514
1292 1
1293 7
1307 135
1308 24
1309 1
1310 1
1311 1
1312 1
1313 1
1314 1
1315 64
1344 40514
1349 3378
1359 80
1360 1
1361 1
1371 1
1372 1
1373 1
1376 24285
1377 83
1378 2
1379 6157
1385 61622
1386 151776
1388 1025
1389 1
1390 1
1391 64
1392 1
1393 16
1394 148075
1416 13482
1417 27
1418 1
1422 147563
1430 147496
1434 147338
1448 35929
1449 89
1450 1
1451 23
1452 19
1455 1
1456 1
1457 1
1458 150
1466 13220
1467 62
1468 44131
1481 8
1482 1
1483 37476
1485 15
1487 32524
1497 833
1498 7
1499 1
1500 1
1501 1
1503 276
1504 1
1505 7
1518 1
1519 1
1520 1
1521 27316
1526 17089
1570 1
1571 1
1600 124535
1601 35
1602 16
1603 16
1604 1
1605 8
1606 16782
1607 31
1608 2
1609 1
1610 11
1611 63
1612 24
1613 1
1614 1
1615 1
1616 1
1617 1
1619 31
1620 1
1621 1
1622 1
1623 1
1624 1
1625 23014
1627 31
1628 1
1666 15
1667 1
1668 1
1669 1
1670 1
1671 1
1672 1
1673 1
1674 12288
1681 5
1702 1
1703 1
1704 1
1705 15
1706 3
1746 18
1747 1
1768 114535
1771 6
2261 1865
2263 7
2264 4077
2278 1
2279 1
2280 1
2281 1
2283 1
2284 16312
2285 1
2303 72914
2315 16319
2318 4
2343 11
2345 1
2354 13
2393 110061
2402 2
2403 109265
2406 109975
2454 109180
2456 10909
2459 1
2460 94
2752 1
2768 4
2771 1
2772 1
2773 1
2774 1
2775 1
2776 1
2777 1
3459 1
3460 7
3464 1
3465 1
3466 1
3467 1
3484 1
3485 1
3486 1
3487 1
3488 1
3489 1
3490 1
3491 1
3492 1
3493 1
3494 32
3495 1
3496 32
3497 1
3498 1
3499 1
3500 18
3769 759
3774 1
3775 1
3776 61762
3780 104982
3794 4
3882 2
3883 16
3884 3
3886 1
3887 1
3888 1
3889 1
3890 1
3891 1
3893 1
3894 1
3905 98008
3917 98083
3918 5
3921 96631
3927 98131
3952 5
3955 1
3956 1
3957 1
3958 1
3959 1
3960 1
3961 1
3962 9
3963 1
3964 1
3965 39
3966 1
3967 1
3968 1
3969 1
3970 1
3971 1
3972 1
3973 1
3974 1
3975 5
3977 864
3985 861
3986 1
3990 1
3997 1
4023 15
4024 1
4114 1
4115 7
4135 88368
4136 1
4159 16
4160 1
4161 30
4162 2
4163 1
4164 1
4179 1
4180 1
4181 1
4182 1
4183 1
4184 1
4185 1
4186 1
4187 1
4188 1
4189 1
4190 1
4191 1
4192 1
4193 1
4194 1
4195 1
4196 1
4197 1
4198 1
4199 1
4200 1
4201 1
4202 1
4203 1
4204 32
4205 1725
4206 1
4207 1
4208 1
4209 1
4210 1
4211 1
4212 1
4213 15
4214 1
4215 1
4216 1
4217 1
4218 1
4219 1
4220 1
4221 1
4222 1
4223 1
4224 1
4225 1
4226 1
4227 1
4228 1
4229 1
4230 1
4231 8
4232 1
4233 1
4234 1
4235 1
4236 1
4237 1
4238 1
4239 1
4240 1
4241 1
4242 1
4243 1
4244 1
4245 1
4246 1
4247 1
4248 1
4255 1
4262 477
4263 6
4264 8
4265 1
4275 1
4276 1
4277 1
4541 1
4542 1
4543 53922
4975 1
4982 5
4983 1
4984 1
4985 1
4986 1
4987 1
4988 1
4989 1
4990 1
4991 1
4992 43515
4993 1
4994 1
4995 1
4996 1
4997 1
5008 1
5009 10
5010 8
5011 1
5012 16033
5014 410
5015 1
5016 1
5017 1
5018 1
5019 1
5020 1
5021 1
5022 1
5023 434
5025 7
5027 1
5028 1
5029 1
5030 1
5031 1
5032 1
5033 1
5034 1
5035 1
5036 1
5037 1
5038 1
5039 1
5040 1
5041 1
5042 1
5043 1
5044 1
5045 1
5046 1
5047 1
5048 1
5049 1
5050 1
5051 1
5052 1
5053 1
5054 1
5055 1
5056 1
5057 1
5058 1
5059 1
5060 1
5061 1
5062 1
5063 1
5064 1
5065 1
5066 1
5067 1
5068 1
5069 1
5070 1
5071 1
5072 1
5073 1
5074 1
5075 1
5076 1
5077 1
5078 1
5079 1
5080 1
5081 1
5082 1
5083 1
5084 1
5085 1
5086 1
5087 1
5088 1
5089 1
5090 1
5091 1
5092 1
5093 15042
5094 8
5095 1
5096 1
5097 1
5098 8
5099 1
5100 237
5102 1
5104 1
5105 1
5106 1
5107 1
5108 1
5109 1
5110 1
5111 1
5112 1
5113 1
5114 1
5115 1
5116 1
5117 1
5118 1
5119 1
5120 1
5121 1
5122 1
5123 1
5124 1
5125 1
5126 2
5127 1
5128 1
5129 1
5130 1
5131 1
5132 1
5133 1
5134 1
5135 1
5136 6
5140 1
5141 1
5142 1
5143 1
5144 1
5145 1
5146 1
5147 1
5148 1
5149 1
5150 1
5151 1
5152 1
5153 1
5154 1
5155 1
5156 1
5180 16022
5181 1
5182 1
5183 1
5184 1
5185 1
5186 1
5187 1
5188 1
5189 16
5190 1
5191 5
5192 16
5193 2
5210 1
5211 1
5212 1
5213 1
5214 1
5215 1
5216 1
5217 1
5218 1
5219 1
5220 1
5237 1
5238 1
5239 1
5240 1
5242 1
5243 1
5247 1
5248 1
5249 1
5250 1
5251 1
5306 14
5307 1
5310 12849
5343 33
5358 4
5363 2
5364 1
5408 12
5410 1
5418 1
5424 12
5428 6
5437 1
5446 6
5448 1
5474 24
5478 7
5484 39
5485 2
5487 7
5534 1
5553 6
5602 10208
5626 10106
5634 1
5636 9939
5639 9818
5667 3
5718 182
5794 17
5795 1
6440 8
6441 8
6442 8
6443 8
6444 1
6445 1
6446 6918
6449 32
6450 1
6451 1
6452 1
6453 1
6454 1
6455 1
6456 1
6457 1
6458 1
6459 1
6460 1
6461 1
6462 32
6470 5
6471 1
6472 1
6480 1
6481 1
6482 1
6499 1
6500 1
6501 1
6502 1
6503 1
6504 1
6505 1
6506 1
6516 5
6517 1
6518 1
6519 1
6520 1
6521 1
6522 1
6523 1
6524 1
6525 1
6533 11
6534 1
6535 1
6536 1
6537 1
6538 1
6539 1
6540 1
6542 3
6668 1
6696 1
6698 1
6701 1
6702 1
6748 1
6775 5
6776 1
6800 14
6801 1
6814 1
6815 7
6845 6
6849 7
6871 1
6874 1
6916 1
6917 1
6930 1
6931 1
6932 1
6933 1
6934 1
6935 1
6936 1
6937 1
6938 1
6939 1
6940 1
6941 1
6942 1
6980 1
6982 1
13942 62701
13987 1
16387 22934
16388 4339
16389 2766
16390 1095
16391 76249
16392 31461
16393 50088
16394 47070
16395 31444
16396 8059
16397 59918
16398 35542
16399 161917
16400 201683
16402 197100
16407 218901
16408 80087
16409 86729
16410 192802
16424 5071
16425 26
16426 84
16427 20556
16428 18704
16429 16140
16430 862
16431 8
16432 1
16433 21607
16434 11190
16435 10032
16436 12858
16437 87283
16438 43228
16439 6291
16440 5283
16441 11544
16442 9682
16443 818
16444 449
16445 13755
16446 911
16447 16
16448 1
16449 1121
16450 1
16451 8
16452 3372
16453 315
16454 1
16455 1
16456 25025
16457 117521
16459 111791
16468 24320
16469 7807
16470 17031
16471 7232
16472 90792
16491 4437
16492 425
16493 1
16494 1
16495 11821
16498 24230
16499 61445
16500 82
16501 1
16502 1
16503 1
16504 1
16505 1
16506 1
16507 1
16508 1
16509 1
16510 1
16511 36
16512 24
16513 12415
16597 24631
16598 13251
16599 42026
16625 63649
16626 222795
16635 34665
16636 378
16637 1
16638 1
16639 40
16644 2427
16645 32884
16646 152
16647 9763
16653 70634
16656 217764
16657 12
16658 19755
16674 46920
16675 6531
16676 16
16677 164932
16679 8134
16680 172
16681 24
16682 8
16683 1
16684 535
16685 1
16686 13
16687 895
16688 1
16689 1
16690 15
16691 61
16700 49883
16701 53
16702 3
16739 8
16740 49326
16755 189170
16760 5382
16761 189
16762 1
16763 6
16782 83
16783 1
16784 39889
16790 234648
16791 211299
16796 45315
16797 1
16798 24
16800 66690
16801 41749
16803 213190
16805 209
16806 1
16807 7278
16808 4445
16809 68
16825 160
16826 35
16829 128510
16879 22595
16880 16
16881 3
16898 64
16899 1
16900 1
16901 32
16909 274414
16913 190761
16914 25
16915 1
16916 1
16917 15645
16996 1
16997 201
17002 45694
17003 29
17004 1
17005 37
17019 58777
17043 761
17044 1
17045 1
17046 12
17051 8891
17052 95
17053 65112
17054 96
17055 8
17056 43
17057 1
17058 1
17072 18
17073 1
17074 1
17075 1
17076 1
17077 1
17078 1
17079 15
17108 10188
17109 72
17110 1
17111 24
17112 628
17113 1
17114 8
17115 8
17116 16
17117 251
17125 51794
17126 34
17127 1
17128 1
17129 1
17130 1
17133 79475
17134 54
17135 34884
17136 71
17137 1
17138 1
17139 1
17140 1
17141 1
17142 1
17143 1
17144 88
17145 1
17146 6
17147 1
17148 1
17149 1
17150 1
17151 1
17158 130
17159 24
17160 22
17197 128
17198 24
17199 9
17200 217124
17231 156953
17232 8
17240 1
17241 1
17242 8
17243 174637
17358 155317
17370 40937
17371 67
17399 21064
17400 1
17401 1
17402 168139
17438 56
17439 1
17440 3
17442 4474
17443 1
17444 1
17445 1
17446 1
17460 94
17461 1
17462 13
17466 163671
17476 46971
17491 163470
17511 515
17512 1
17513 41
17514 37549
17583 9050
17584 128
17585 1
17586 1
17587 1
17588 1
17589 91
17604 60136
17605 7
17606 1
17607 1
17608 1
17611 161401
17665 23
17666 1
17667 1
17671 50
17672 1
17673 1
17675 516
17676 1
17677 114
17691 3617
17692 24
17693 1
17694 1
17695 1
17696 1
17697 1
17698 1
17699 13
17728 138774
17733 5681
17743 1
17744 1
17745 1
17755 1
17756 1
17757 1
17760 27207
17761 80
17762 1
17763 6124
17769 104678
17772 1025
17773 1
17774 1
17775 8
17776 2
17777 11
17778 148037
17800 9256
17801 32
17802 1
17818 147359
17832 190320
17833 88
17834 1
17835 14
17836 11
17839 1
17840 1
17841 1
17842 146
17850 21937
17851 56
17852 133514
17865 5
17866 1
17867 37021
17869 25
17871 37400
17881 680
17882 1
17883 1
17884 1
17885 1
17887 92
17888 1
17889 10
17902 1
17903 1
17904 1
17905 138631
17910 15310
17954 8
17955 9
17984 124529
17985 41
17986 16
17987 19
17988 1
17989 8
17990 9733
17991 24
17992 11
17993 1
17994 6
17995 64
17996 24
17997 510
17998 1
17999 8
18000 1
18001 1
18003 809
18004 1
18005 1
18006 1
18007 1
18008 1
18009 39871
18011 32
18012 1
18050 3243
18051 1
18052 1
18053 1
18054 1
18055 1
18056 1
18057 1
18058 7537
18065 1
18086 1
18087 1
18088 1
18089 13
18090 2
18130 12
18131 1
18152 112365
18155 6
18645 32
18647 7
18648 1
18662 404
18663 1
18664 1
18665 1
18667 1
18668 357
18669 1
18687 13
18699 16331
18702 1
18727 1
18729 1
18738 1
18777 122885
18786 1
18787 123232
18790 11737
18838 11707
18840 109132
18843 9
18844 4
19136 1
19152 1
19155 1
19156 1
19157 1
19158 1
19159 1
19160 1
19161 1
19843 1
19844 4
19848 1
19849 1
19850 1
19851 1
19868 8
19869 1
19870 1
19871 1
19872 1
19873 1
19874 1
19875 1
19876 1
19877 1
19878 32
19879 1
19880 1991
19881 1
19882 1
19883 1
19884 14
20153 102022
20158 1
20159 1
20160 62363
20176 99582
20178 119703
20266 1
20267 16
20268 1
20270 1
20271 1
20272 1
20273 1
20274 1
20275 1
20277 1
20278 1
20289 98009
20301 109682
20302 3
20311 111344
20328 109576
20336 8
20339 1
20340 1
20341 1
20342 1
20343 1
20344 1
20345 1
20346 1
20347 1
20348 1
20349 1
20350 1
20351 1
20352 7
20353 1
20354 1
20355 1
20356 1
20357 1
20358 2
20359 4
20361 1
20369 9
20370 1
20374 1
20381 1
20407 11
20408 9
20498 1
20499 6
20514 93810
20519 88374
20520 1
20543 16
20544 1
20545 6
20546 13
20547 1
20548 1
20563 1
20564 1
20565 1
20566 1
20567 1
20568 1
20569 1
20570 1
20571 1
20572 1
20573 1
20574 1
20575 1
20576 1
20577 1
20578 1
20579 1
20580 1
20581 1
20582 1
20583 1
20584 1
20585 1
20586 1
20587 1
20588 32
20589 4
20590 1
20591 1
20592 1
20593 1
20594 1
20595 1
20596 1
20597 16
20598 1
20599 1
20600 1
20601 1
20602 1
20603 1
20604 1
20605 1
20606 1
20607 1
20608 1
20609 1
20610 1
20611 1
20612 1
20613 1
20614 1
20615 8
20616 1
20617 1
20618 1
20619 1
20620 1
20621 1
20622 1
20623 1
20624 1
20625 1
20626 1
20627 1
20628 1
20629 1
20630 1
20631 1
20632 1
20639 1
20646 489
20647 8
20648 2
20649 1
20656 7
20659 1
20660 1
20661 1
20925 1
20926 1
21359 1
21366 3
21367 1
21368 1
21369 1
21370 1
21371 1
21372 1
21373 1
21374 1
21375 1
21376 33570
21377 1
21378 1
21379 1
21380 1
21381 1
21392 1
21393 8
21394 8
21395 1
21396 16037
21398 412
21399 1
21400 1
21401 1
21402 1
21403 1982
21404 1
21405 1
21406 1
21409 7
21411 1
21412 1
21413 1
21414 15
21415 1
21416 1
21417 1
21418 1
21419 1
21420 1
21421 1
21422 1
21423 1
21424 1
21425 1
21426 1
21427 1
21428 1
21429 1
21430 1
21431 1
21432 1
21433 1
21434 1
21435 1
21436 1
21437 1
21438 1
21439 1
21440 1
21441 1
21442 1
21443 1
21444 1
21445 1
21446 1
21447 1
21448 1
21449 1
21450 1
21451 1
21452 1
21453 1
21454 1
21455 1
21456 1
21457 1
21458 1
21459 1
21460 1
21461 1
21462 1
21463 1
21464 1
21465 1
21466 1
21467 1
21468 1
21469 1
21470 1
21471 1
21472 1970
21473 1
21474 1
21475 1
21476 1
21477 12302
21478 8
21479 1
21480 1
21481 1
21482 8
21483 1
21484 3
21486 957
21488 1
21489 1
21490 1
21491 1
21492 1
21493 1
21494 1
21495 1
21496 1
21497 1
21498 1
21499 1
21500 1
21501 1
21502 1
21503 1
21504 1
21505 1
21506 1
21507 1
21508 1
21509 1
21510 1
21511 1
21512 1
21513 1
21514 1
21515 1
21516 1
21517 1
21518 1
21519 1
21520 4
21524 1
21525 1
21526 1
21527 1
21528 1
21529 1
21530 1
21531 1
21532 1
21533 1
21534 1
21535 1
21536 1
21537 1
21538 1
21539 1
21540 3
21564 16026
21565 1
21566 1
21567 1
21568 1
21569 1
21570 1
21571 1
21572 1
21573 16
21574 1
21575 2
21576 16
21577 15014
21594 1
21595 1
21596 1
21597 1
21598 1
21599 1
21600 1
21601 1
21602 1
21603 1
21604 1
21621 1
21622 1
21623 1
21624 1
21626 1
21627 1
21631 1
21632 1
21633 1
21634 1
21635 1
21690 2
21691 20
21727 6
21742 12028
21747 14
21748 1
21792 29
21794 1
21802 1
21808 5
21812 3
21821 1
21830 2
21832 1
21858 24
21862 14
21867 19174
21868 15
21869 24
21871 5
21918 1
21986 10212
22010 2
22018 36
22102 1
22178 16
22179 1
22824 8
22825 8
22826 8
22827 8
22828 1
22829 1
22830 6924
22833 32
22834 1
22835 1
22836 1
22837 1
22838 1
22839 1
22840 1
22841 1
22842 1
22843 1
22844 1
22845 1
22846 32
22854 1
22855 1
22856 1
22864 1
22865 1
22866 1
22883 1
22884 1
22885 1
22886 1
22887 1
22888 1
22889 1
22890 1
22900 1
22901 1
22902 1
22903 1
22904 1
22905 1
22906 1
22907 1
22908 1
22909 1
22917 8
22918 1
22919 1
22920 1
22921 1
22922 1
22923 1
22924 1
22926 2
23003 16
23052 7
23080 1
23082 1
23085 1
23086 1
23132 1
23159 1
23160 1
23184 105
23185 1
23198 1
23199 6
23233 6
23236 4
23255 1
23258 1
23300 1
23301 1
23314 7
23315 1
23316 1
23317 1
23318 1
23319 1
23320 1
23321 1
23322 1
23323 1
23324 1
23325 1
23326 1
23364 1
23366 1
30320 7486
30371 1
32771 22031
32772 4275
32773 2702
32774 1067
32775 76233
32776 28337
32777 31827
32778 17966
32779 30703
32780 10
32782 1
32793 139969
32807 246826
32808 4663
32809 468
32810 258
32811 26074
32812 19751
32813 15819
32814 635
32815 8
32816 1
32817 21553
32818 12796
32819 9013
32820 7433
32821 86274
32822 45703
32823 6227
32824 5219
32825 11481
32826 9638
32827 524
32828 502
32829 13969
32830 908
32831 16
32832 1
32833 1117
32834 1
32835 5
32836 3304
32837 313
32838 1
32839 1
32840 16784
32841 74049
32843 93194
32852 28497
32853 1021
32854 13386
32855 22278
32856 85631
32875 4303
32876 401
32877 1
32878 1
32879 11734
32882 24200
32883 61465
32884 114
32885 1
32886 1
32887 1
32888 1
32889 1
32890 1
32891 1
32892 1
32893 1
32894 1
32895 609
32896 24
32897 13443
32981 24704
32982 12679
32983 38508
33009 53979
33010 117508
33019 43025
33020 1026
33021 1
33022 1
33023 40
33028 1984
33029 31560
33030 58
33031 9735
33032 293151
33037 69697
33040 217758
33041 9
33042 26143
33057 267180
33058 48930
33059 37
33060 16
33061 164923
33063 8104
33064 205
33065 24
33066 8
33067 1
33068 12
33069 1
33070 10
33071 15
33072 1
33073 1
33074 15
33075 26
33084 49860
33085 109
33086 1
33123 6
33124 59802
33144 2553
33145 215
33146 1
33147 10
33166 59
33167 1
33168 36030
33174 208653
33175 205006
33180 47803
33181 1
33182 24
33184 77033
33185 41762
33187 213173
33189 404
33190 1
33191 7304
33192 2504
33193 107
33209 48
33210 413
33213 89851
33263 14574
33264 16
33265 1
33282 87
33283 1
33284 1
33285 47
33293 190825
33298 21
33299 1
33300 1
33301 23843
33378 263475
33380 1
33381 41
33386 45681
33387 49
33388 1
33389 8
33403 56312
33427 706
33428 1
33429 1
33430 6
33435 8868
33436 122
33437 64477
33438 96
33439 8
33440 61
33441 1
33442 1
33456 987
33457 1
33458 1
33459 1
33460 1
33461 1
33462 1
33463 7
33492 10164
33493 81
33494 1
33495 13
33496 16
33497 1
33498 8
33499 9
33500 16
33501 47
33509 51802
33510 33
33511 1
33512 1
33513 1
33514 1
33517 88741
33518 38
33519 34873
33520 78
33521 1
33522 1
33523 1
33524 1
33525 1
33526 1
33527 1
33528 133
33529 1
33530 1
33531 1
33532 1
33533 1
33534 1
33535 1
33542 344
33543 24
33544 15
33581 408
33582 24
33583 8
33584 157086
33615 156940
33616 3
33617 175783
33624 6
33625 1
33626 7
33742 155311
33754 52890
33755 18
33780 173394
33783 21028
33784 1
33785 1
33786 168143
33822 104
33823 1
33824 1
33826 4645
33827 1
33828 1
33829 1
33830 1
33844 96
33845 1
33846 10
33850 38890
33860 46570
33875 150080
33879 163386
33895 515
33896 1
33897 168
33898 37541
33915 162085
33967 9034
33968 128
33969 1
33970 1
33971 1
33972 1
33973 105
33988 60129
33989 256
33990 1
33991 1
33992 1
34049 13
34050 1
34051 1
34052 166026
34055 35
34056 1
34057 1
34059 48
34060 1
34061 25
34075 3614
34076 24
34077 2
34078 1
34079 1
34080 1
34081 1
34082 1
34083 37
34112 145978
34117 4270
34127 1
34128 1
34129 1
34139 1
34140 1
34141 1
34144 27196
34145 80
34146 1
34147 3893
34153 61625
34154 139612
34156 1024
34157 1
34158 1
34159 424
34160 1
34161 6
34184 19631
34185 40
34186 1
34190 147558
34216 131722
34217 88
34218 1
34219 9
34220 8
34223 1
34224 1
34225 1
34226 5
34234 21929
34235 51
34236 45225
34249 617
34250 1
34251 37020
34253 35
34255 20841
34265 677
34266 23
34267 1
34268 1
34269 1
34271 492
34272 1
34273 19
34286 1
34287 1
34288 1
34289 138626
34294 15302
34338 10
34339 8
34368 124514
34369 39
34370 3
34371 300
34372 1
34373 8
34374 15987
34375 24
34376 3
34377 1
34378 4
34379 64
34380 24
34381 15
34382 1
34383 7
34384 1
34385 1
34387 801
34388 1
34389 1
34390 1
34391 1
34392 1
34393 20410
34395 32
34396 1
34434 3225
34435 1
34436 1
34437 1
34438 1
34439 1
34440 1
34441 1
34442 9
34449 1
34470 1
34471 1
34472 1
34473 8
34474 1
34514 16
34515 1
34536 112359
34539 3
35029 8262
35031 6
35032 9
35046 1
35047 1
35048 1
35049 1
35051 1
35052 15
35053 1
35071 10
35083 16332
35086 2
35111 2
35113 1
35122 1
35161 122776
35170 3
35222 7
35224 110467
35227 6
35228 23078
35520 1
35536 1
35539 1
35540 1
35541 1
35542 1
35543 1
35544 1
35545 1
36227 1
36228 5
36232 1
36233 1
36234 1
36235 1
36252 8
36253 1
36254 1
36255 1
36256 1
36257 1
36258 1
36259 1
36260 1
36261 1
36262 520
36263 1
36264 1973
36265 1
36266 1
36267 1
36268 6
36537 115112
36542 1
36543 1
36544 62370
36560 112663
36562 165867
36650 1
36651 16
36652 16
36654 1
36655 1
36656 1
36657 1
36658 1
36659 1
36661 1
36662 1
36673 14
36686 1
36689 80219
36695 109614
36720 3071
36723 1
36724 1
36725 1
36726 1
36727 1
36728 1
36729 1
36730 1
36731 1
36732 1
36733 1
36734 3315
36735 1
36736 16
36737 1
36738 1
36739 1
36740 1
36741 1
36742 1
36743 1
36745 1
36753 8
36754 1
36758 1
36765 1
36791 55
36792 2
36882 1
36883 1
36903 93756
36904 1
36927 16
36928 1
36929 1
36930 2
36931 1
36932 1
36947 1
36948 1
36949 1
36950 1
36951 1
36952 1
36953 1
36954 1
36955 1
36956 1
36957 1
36958 1
36959 1
36960 1
36961 1
36962 1
36963 1
36964 1
36965 1
36966 1
36967 1
36968 1
36969 1
36970 1
36971 1
36972 320
36973 2
36974 1
36975 1
36976 1
36977 1
36978 1
36979 1
36980 1
36981 19
36982 1
36983 1
36984 1
36985 1
36986 1
36987 1
36988 1
36989 1
36990 1
36991 1
36992 1
36993 1
36994 1
36995 1
36996 1
36997 1
36998 1
36999 8
37000 1
37001 1
37002 1
37003 1
37004 1
37005 1
37006 1
37007 1
37008 1
37009 1
37010 1
37011 1
37012 1
37013 1
37014 1
37015 1
37016 1
37023 12290
37030 7
37031 6
37032 1
37033 11
37040 5
37043 1
37044 1
37045 1
37307 13025
37309 1
37310 1
37743 1
37750 8
37751 1
37752 1
37753 1
37754 1
37755 1
37756 1
37757 1
37758 1
37759 1
37760 33573
37761 1
37762 1
37763 1
37764 1
37765 31
37776 1
37777 4
37778 8
37779 32
37780 16000
37782 8
37783 1
37784 1
37785 1
37786 1
37787 7
37788 1
37789 1
37790 1
37791 46419
37793 1
37795 1
37796 1
37797 1
37798 6
37799 1
37800 1
37801 1
37802 1
37803 1
37804 1
37805 1
37806 1
37807 1
37808 1
37809 1
37810 1
37811 1
37812 1
37813 1
37814 1
37815 1
37816 1
37817 1
37818 1
37819 1
37820 1
37821 1
37822 1
37823 1
37824 1
37825 1
37826 1
37827 1
37828 1
37829 1
37830 1
37831 1
37832 1
37833 1
37834 1
37835 1
37836 1
37837 1
37838 1
37839 1
37840 1
37841 1
37842 1
37843 1
37844 1
37845 1
37846 1
37847 1
37848 1
37849 1
37850 1
37851 1
37852 1
37853 1
37854 1
37855 1
37856 8
37857 1
37858 1
37859 1
37860 1
37861 12294
37862 8
37863 1
37864 1
37865 1
37866 494
37867 1
37868 1
37870 10206
37872 1
37873 1
37874 1
37875 1
37876 1
37877 1
37878 1
37879 1
37880 1
37881 1
37882 1
37883 1
37884 1
37885 1
37886 1
37887 1
37888 1
37889 1
37890 1
37891 1
37892 1
37893 1
37894 1
37895 1
37896 1
37897 1
37898 1
37899 1
37900 1
37901 1
37902 1
37903 1
37904 5
37908 1
37909 1
37910 1
37911 1
37912 1
37913 1
37914 1
37915 1
37916 1
37917 1
37918 1
37919 1
37920 1
37921 1
37922 1
37923 1
37924 1
37948 16029
37949 1
37950 1
37951 1
37952 1
37953 1
37954 1
37955 1
37956 1
37957 451
37958 1
37959 3
37960 16
37961 15016
37978 1
37979 1
37980 1
37981 1
37982 1
37983 1
37984 1
37985 4
37986 3
37987 1
37988 1
38005 1
38006 1
38007 1
38008 621
38010 1
38011 1
38015 1
38016 1
38017 1
38018 1
38019 1
38042 12780
38074 6
38075 8
38111 3
38126 14
38131 13332
38132 1
38176 5
38178 1
38186 1
38192 3
38196 2
38205 7
38214 5
38216 1
38242 6
38246 2
38252 6
38253 24
38255 4
38302 1
38370 10201
38394 1
38402 15
38404 4
38407 9815
38486 1
38562 16
38563 1
39208 8
39209 8
39210 8
39211 8
39212 1
39213 1
39217 32
39218 1
39219 1
39220 1
39221 1
39222 1
39223 1
39224 1
39225 1
39226 1
39227 1
39228 1
39229 1
39230 32
39238 1
39239 1
39240 1
39248 1
39249 1
39250 1
39267 1
39268 1
39269 1
39270 1
39271 1
39272 1
39273 1
39274 1
39284 1
39285 1
39286 1
39287 1
39288 1
39289 1
39290 1
39291 1
39292 1
39293 1
39301 8
39302 1
39303 1
39304 1
39305 1
39306 1
39307 1
39308 1
39310 1
39387 9
39436 1
39453 3
39464 94
39466 1
39469 1
39470 1
39516 1
39543 16
39544 1
39568 1
39569 1
39582 8
39583 1
39613 5
39617 1
39639 1
39642 1
39684 1
39685 1
39698 16
39699 1
39700 1
39701 1
39702 1
39703 1
39704 1
39705 1
39706 1
39707 1
39708 1
39709 1
39710 1
39748 1
39750 1
49155 22891
49156 4211
49157 2638
49158 262
49159 73792
49160 27316
49161 32853
49162 17904
49163 30717
49164 24
49166 1
49177 139994
49191 240100
49192 4497
49193 771
49194 417
49195 20554
49196 19744
49197 15765
49198 651
49199 8
49200 1
49201 23039
49202 12717
49203 8918
49204 7369
49205 86267
49206 43270
49207 6163
49208 5155
49209 9926
49210 11271
49211 519
49212 538
49213 13694
49214 905
49215 16
49216 1
49217 3755
49218 1
49219 1
49220 3252
49221 311
49222 1
49223 1
49224 24630
49225 113549
49227 102397
49236 24503
49237 960
49238 13360
49239 9663
49240 89849
49259 4253
49260 1086
49261 1
49262 1
49263 11692
49266 24474
49267 60235
49268 124
49269 1
49270 1
49271 1
49272 1
49273 1
49274 1
49275 1
49276 1
49277 1
49278 1
49279 592
49280 24
49281 13476
49327 227608
49364 227558
49365 44126
49366 11141
49367 38516
49391 131743
49393 57604
49394 222775
49403 7971
49404 372
49405 1
49406 1
49407 40
49412 1947
49413 26672
49414 21
49415 11016
49416 246680
49421 69684
49424 217752
49425 21
49426 25989
49441 214876
49442 46898
49443 6329
49444 16
49445 165071
49447 8074
49448 88
49449 24
49450 8
49451 1
49452 9
49453 1
49454 16
49455 884
49456 1
49457 1
49458 125
49459 26
49461 208315
49468 42948
49469 104
49470 1
49507 1
49508 51097
49528 2523
49529 223
49530 1
49531 94
49550 45
49551 1
49552 35185
49558 271321
49559 156704
49564 38490
49565 1
49566 24
49568 81199
49569 31309
49571 149871
49573 477
49574 1
49575 8107
49576 1461
49577 115
49593 16
49594 87
49597 108038
49647 14550
49648 16
49649 15
49666 1294
49667 1
49668 1
49669 72
49677 102741
49682 17
49683 1
49684 1
49685 15621
49762 145613
49764 1
49765 31
49769 188274
49770 45405
49771 16
49772 1
49773 5
49787 51016
49811 702
49812 1
49813 1
49814 4
49819 8845
49820 23
49821 85767
49822 96
49823 8
49824 80
49825 1
49826 1
49840 975
49841 1
49842 1
49843 1
49844 1
49845 1
49846 1
49847 9
49876 19019
49877 96
49878 1
49879 10
49880 16
49881 1
49882 8
49883 147
49884 16
49885 13
49893 51611
49894 29
49895 1
49896 1
49897 1
49898 1
49901 88760
49902 18
49903 34860
49904 91
49905 1
49906 1
49907 1
49908 1
49909 1
49910 1
49911 1
49912 15
49913 1
49914 1
49915 1
49916 1
49917 1
49918 1
49919 1
49926 55
49927 29
49928 12
49965 403
49966 24
49967 24
49968 157025
49999 156903
50000 24
50008 16
50009 1
50010 6
50126 155213
50138 52876
50139 5
50164 173350
50167 35402
50168 1
50169 1
50206 133
50207 1
50208 1
50210 4444
50211 1
50212 1
50213 1
50214 1
50228 80
50229 1
50230 15
50244 35066
50259 163436
50263 163361
50279 72
50280 1
50281 48
50282 37562
50351 9018
50352 2177
50353 1
50354 1
50355 1
50356 1
50357 55
50372 59440
50373 16
50374 1
50375 1
50376 1
50379 161388
50433 9
50434 1
50435 1
50439 26
50440 1
50441 1
50443 48
50444 1
50445 83
50459 3615
50460 24
50461 1
50462 1
50463 1
50464 1
50465 1
50466 1
50467 28
50496 53498
50501 5551
50511 1
50512 1
50513 1
50523 1
50524 1
50525 1
50528 28092
50529 80
50530 1
50531 10676
50537 51773
50538 152065
50540 1025
50541 1
50542 1
50543 420
50544 1
50545 9
50568 14270
50569 16
50570 1
50582 148682
50583 147385
50600 31932
50601 88
50602 1
50603 7
50604 7
50607 1
50608 1
50609 1
50610 4
50618 21921
50619 59
50620 33585
50633 533
50634 1
50635 37010
50637 1
50639 21130
50649 675
50650 335
50651 1
50652 1
50653 1
50655 568
50656 1
50657 13
50670 1
50671 1
50672 1
50678 15294
50722 12
50723 1
50752 124481
50753 11
50754 6
50755 4
50756 1
50757 8
50758 30850
50759 24
50760 6
50761 1
50762 32
50763 1740
50764 24
50765 2
50766 1
50767 1
50768 1
50769 1
50771 796
50772 1
50773 1
50774 1
50775 1
50776 1
50777 20402
50779 15
50780 1
50818 3224
50819 1
50820 1
50821 1
50822 1
50823 1
50824 1
50825 1
50826 7529
50833 15
50854 1
50855 1
50856 1
50857 4
50858 11
50898 2
50899 1
50920 112353
50923 39
51413 1527
51415 1
51416 4
51430 397
51431 1
51432 1
51433 1
51435 1
51436 14
51437 1
51455 7
51467 78707
51468 110299
51470 2
51495 123666
51497 1
51506 1
51545 109918
51554 1
51555 122346
51606 109173
51608 22169
51611 1
51612 111760
51904 1
51920 1
51923 1
51924 1
51925 1
51926 1
51927 1
51928 1
51929 1
52611 1
52612 1
52616 1
52617 1
52618 1
52619 1
52636 8
52637 1
52638 1
52639 1
52640 1
52641 1
52642 1
52643 1
52644 1
52645 1
52646 516
52647 1
52648 32
52649 1
52650 1
52651 1
52652 6
52921 102028
52926 1
52927 1
52928 62375
52946 119707
53034 1
53035 16
53036 16
53038 1
53039 1
53040 1
53041 1
53042 1
53043 1
53045 1
53046 1
53057 6
53070 1
53079 109608
53104 1787
53107 1
53108 1
53109 1
53110 1
53111 1
53112 1
53113 1
53114 1
53115 1
53116 1
53117 1
53118 249
53119 1
53120 8
53121 1
53122 1
53123 1
53124 1
53125 1
53126 14
53127 1
53129 1
53137 8
53138 1
53142 2
53149 1
53175 9
53266 16
53267 1
53287 88279
53288 1
53311 504
53312 1
53313 1
53314 29
53315 1
53316 1
53331 1
53332 1
53333 1
53334 1
53335 1
53336 1
53337 1
53338 1
53339 1
53340 1
53341 1
53342 1
53343 1
53344 1
53345 1
53346 1
53347 1
53348 1
53349 1
53350 1
53351 1
53352 1
53353 1
53354 1
53355 1
53356 316
53357 5
53358 1
53359 1
53360 1
53361 1
53362 1
53363 1
53364 1
53365 909
53366 1
53367 1
53368 1
53369 1
53370 1
53371 1
53372 1
53373 1
53374 1
53375 1
53376 1
53377 1
53378 1
53379 1
53380 1
53381 1
53382 1
53383 7
53384 7
53385 1
53386 1
53387 1
53388 1
53389 1
53390 1
53391 1
53392 1
53393 1
53394 1
53395 1
53396 1
53397 1
53398 1
53399 1
53400 1
53407 12292
53414 5
53415 1
53416 7
53417 8
53424 5
53427 1
53428 1
53429 1
53693 1
53694 1
54127 1
54134 24
54135 1
54136 1
54137 1
54138 1
54139 1
54140 1
54141 1
54142 1
54143 1
54144 43322
54145 1
54146 1
54147 1
54148 1
54149 886
54160 1
54161 3
54162 8
54163 22
54164 16030
54166 12
54167 1
54168 1
54169 1
54170 1
54171 1
54172 1
54173 1
54174 1
54175 46430
54177 1
54179 1
54180 1
54181 1
54182 1
54183 1
54184 1
54185 1
54186 1
54187 1
54188 1
54189 1
54190 1
54191 1
54192 1
54193 1
54194 1
54195 1
54196 1
54197 1
54198 1
54199 1
54200 1
54201 1
54202 1
54203 1
54204 1
54205 1
54206 1
54207 1
54208 1
54209 1
54210 1
54211 1
54212 1
54213 1
54214 1
54215 1
54216 1
54217 1
54218 1
54219 1
54220 1
54221 1
54222 1
54223 1
54224 1
54225 1
54226 1
54227 1
54228 1
54229 1
54230 1
54231 1
54232 1
54233 1
54234 1
54235 1
54236 1
54237 1
54238 1
54239 1
54240 6
54241 1
54242 1
54243 1
54244 1
54245 59989
54246 1
54247 7
54248 1
54249 1
54250 8
54251 1
54252 1
54254 8
54256 1
54257 1
54258 1
54259 1
54260 1
54261 1
54262 1
54263 1
54264 1
54265 1
54266 1
54267 1
54268 1
54269 1
54270 1
54271 1
54272 1
54273 1
54274 1
54275 1
54276 1
54277 1
54278 1
54279 1
54280 1
54281 1
54282 1
54283 1
54284 1
54285 1
54286 1
54287 1
54288 8
54292 1
54293 1
54294 1
54295 1
54296 1
54297 1
54298 1
54299 1
54300 1
54301 1
54302 1
54303 1
54304 1
54305 1
54306 1
54307 1
54308 1
54332 16032
54333 1
54334 1
54335 1
54336 1
54337 1
54338 1
54339 1
54340 1
54341 448
54342 1
54343 1
54344 16
54345 15026
54362 1
54363 1
54364 1
54365 1
54366 1
54367 1
54368 1
54369 2
54370 1
54371 1
54372 1
54389 1
54390 1
54391 1
54392 4
54394 1
54395 1
54399 1
54400 1
54401 1
54402 1
54403 1
54458 5
54459 2
54462 12854
54495 7
54510 4
54515 11
54516 1
54559 4
54560 4
54562 1
54570 1
54576 1
54580 3
54589 4
54598 1
54600 1
54626 3
54630 3
54636 4
54637 24
54639 1
54686 1
54778 10110
54786 5
54791 1
54870 1
54946 16
54947 1
55592 8
55593 8
55594 8
55595 8
55596 1
55597 1
55598 6905
55601 6040
55602 1
55603 1
55604 1
55605 1
55606 1
55607 1
55608 1
55609 1
55610 1
55611 1
55612 1
55613 1
55614 32
55622 1
55623 1
55624 1
55632 1
55633 1
55634 1
55651 1
55652 1
55653 1
55654 1
55655 1
55656 1
55657 1
55658 1
55668 1
55669 1
55670 1
55671 1
55672 1
55673 1
55674 1
55675 1
55676 1
55677 1
55685 8
55686 1
55687 1
55688 1
55689 1
55690 1
55691 1
55692 1
55694 5
55771 3
55820 9
55848 1
55850 1
55853 1
55854 1
55914 216
55927 16
55928 1
55952 1
55953 1
55966 7
55967 1
56001 1
56023 1
56026 1
56068 6
56069 1
56082 16
56083 1
56084 1
56085 1
56086 1
56087 1
56088 1
56089 1
56090 1
56091 1
56092 1
56093 1
56094 1
56132 137
56134 1
63091 2643
63093 72255
63094 27647
63138 1
63139 1
63405 3
65539 22848
65540 4147
65541 2574
65542 234
65543 57147
65544 31691
65545 20854
65546 22113
65547 38674
65548 32493
65549 44829
65550 13913
65552 199154
65553 62429
65554 126389
65555 195080
65556 187272
65559 110951
65560 107789
65561 108536
65575 127138
65576 5483
65577 770
65578 23
65579 26117
65580 19736
65581 17491
65582 649
65583 508
65584 1
65585 23445
65586 12653
65587 8854
65588 12757
65589 87456
65590 40061
65591 6099
65592 5091
65593 9859
65594 9594
65595 519
65596 551
65597 14052
65598 815
65599 16
65600 1
65601 974
65602 1
65603 1
65604 2995
65605 303
65606 1
65607 1
65608 24611
65609 175225
65611 103285
65618 178066
65620 27390
65621 7417
65622 16732
65623 8868
65624 67855
65643 4197
65644 1075
65645 1
65646 1
65647 11009
65650 24484
65651 60245
65652 72
65653 1
65654 1
65655 1
65656 1
65657 1
65658 1
65659 1
65660 1
65661 1
65662 1
65663 584
65664 24
65665 14447
65748 224688
65749 26551
65750 12879
65751 38490
65775 131737
65777 19
65778 180098
65787 24877
65788 370
65789 1
65790 1
65791 40
65796 2904
65797 25697
65798 173
65799 11495
65800 226261
65805 69671
65808 217741
65809 35
65810 34863
65825 214866
65826 54130
65827 8690
65828 16
65829 180969
65831 8044
65832 88
65833 300
65834 8
65835 1
65836 6
65837 1
65838 18
65839 31
65840 1
65841 1
65842 112
65843 15
65852 42907
65853 16
65854 1
65891 1
65892 51081
65912 2464
65913 32
65914 1
65915 233
65934 38
65935 16
65936 39864
65942 196670
65943 156699
65948 38466
65949 1
65950 24
65952 92781
65953 37087
65955 149241
65957 126
65958 1
65959 8133
65960 1427
65961 140
65976 203722
65977 68
65978 71
65981 147090
66031 14462
66032 16
66033 16
66050 1156
66051 1
66052 1
66053 35
66061 228191
66066 13
66067 1
66068 1
66069 15603
66148 1
66149 25
66154 45392
66155 16
66156 1
66157 5
66171 58811
66195 15
66196 1
66197 1
66198 8
66203 26055
66204 140
66205 64468
66206 96
66207 8
66208 114
66209 1
66210 1
66224 909
66225 1
66226 1
66227 1
66228 1
66229 1
66230 1
66231 3
66260 10142
66261 112
66262 1
66263 12
66264 16
66265 1
66266 8
66267 1
66268 16
66269 26
66277 51820
66278 24
66279 1
66280 1
66281 1
66282 1
66285 72468
66286 5
66287 37307
66288 88
66289 1
66290 1
66291 1
66292 1
66293 1
66294 1
66295 1
66296 986
66297 1
66298 1
66299 1
66300 1
66301 1
66302 1
66303 1
66305 178949
66310 284
66311 24
66312 12
66349 399
66350 7
66351 24
66352 141874
66383 237053
66384 1240
66392 509
66393 1
66394 7
66510 155193
66522 52865
66523 5
66551 25218
66552 1
66553 1
66590 51
66591 1
66592 1
66594 38
66595 1
66596 1
66597 1
66598 1
66612 46
66613 1
66614 18
66628 38338
66663 530
66664 1
66665 30
66666 37569
66735 7972
66736 2063
66737 1
66738 1
66739 1
66740 1
66741 56
66756 59427
66757 16
66758 1
66759 1
66760 1
66763 161381
66817 12581
66818 1
66819 7
66820 43808
66823 19
66824 1
66825 1
66827 513
66828 1
66829 25
66843 3611
66844 185
66845 1
66846 1
66847 1
66848 1
66849 1
66850 1
66851 20
66880 53243
66885 4638
66895 1
66896 1
66897 1
66907 1
66908 1
66909 1
66912 39052
66913 80
66914 1
66915 6145
66921 51765
66922 152017
66924 14
66925 1
66926 1
66927 65
66928 1
66929 4
66952 6807
66953 16
66954 1
66958 157201
66966 147506
66984 48287
66985 88
66986 1
66987 6
66988 8
66991 1
66992 1
66993 1
66994 8
67002 12940
67003 14
67004 132995
67017 37
67018 1
67019 20752
67021 1
67023 20653
67033 673
67034 332
67035 1
67036 1
67037 1
67039 31
67040 1
67041 172
67054 1
67055 1
67056 1
67062 15286
67106 28
67107 15
67136 128987
67137 6
67138 8
67139 1
67140 1
67141 8
67142 16482
67143 24
67144 1
67145 1
67146 35
67147 1737
67148 24
67149 7
67150 1
67151 1
67152 1
67153 1
67155 6
67156 1
67157 1
67158 1
67159 1
67160 1
67161 8426
67163 4
67164 1
67202 6
67203 1
67204 1
67205 1
67206 1
67207 1
67208 1
67209 1
67210 7281
67217 7
67238 1
67239 1
67240 1
67241 3
67242 3
67282 3
67283 1
67304 112347
67307 48
67797 28138
67799 1
67800 1
67814 1
67815 1
67816 1
67817 1
67819 1
67820 6
67821 1
67839 9
67851 123565
67854 8
67879 322
67881 1
67890 37
67929 122767
67938 7
67992 11674
67995 15
67996 92
68288 3501
68304 1
68307 1
68308 1
68309 1
68310 1
68311 1
68312 1
68313 1
68995 1
68996 1
69000 1
69001 1
69002 1
69003 1
69020 8
69021 1
69022 1
69023 1
69024 1
69025 1
69026 1
69027 1
69028 1
69029 1
69030 6
69031 1
69032 32
69033 1
69034 1
69035 1
69036 1
69304 127459
69305 1021
69310 1
69311 1
69312 105274
69330 165862
69418 1
69419 16
69420 16
69422 1
69423 1
69424 1
69425 1
69426 1
69427 1
69429 1
69430 1
69441 5
69454 4
69457 111303
69488 1
69491 1
69492 1
69493 1
69494 1
69495 1
69496 1
69497 1
69498 377
69499 1
69500 1
69501 1
69502 1
69503 1
69504 4
69505 1
69506 1
69507 1
69508 1
69509 1
69510 2
69511 1
69513 1
69521 1
69522 1
69526 1
69533 1
69559 5
69560 4
69650 21
69651 1
69671 88369
69672 1
69695 16
69696 1
69697 1
69698 7875
69699 1
69700 1
69715 1
69716 1
69717 1
69718 1
69719 1
69720 1
69721 1
69722 1
69723 1
69724 1
69725 1
69726 1
69727 1
69728 1
69729 1
69730 1
69731 1
69732 1
69733 1
69734 1
69735 1
69736 1
69737 1
69738 1
69739 1
69740 32
69741 8
69742 1
69743 1
69744 1
69745 1
69746 1
69747 1
69748 1
69749 360
69750 1
69751 1
69752 1
69753 1
69754 1
69755 1
69756 1
69757 1
69758 1
69759 1
69760 1
69761 1
69762 1
69763 1
69764 1
69765 1
69766 1
69767 8
69768 8
69769 1
69770 1
69771 1
69772 1
69773 1
69774 1
69775 1
69776 1
69777 1
69778 1
69779 1
69780 1
69781 1
69782 1
69783 1
69784 1
69791 12293
69798 23
69799 1
69800 11
69801 8
69808 2
69811 1
69812 1
69813 1
70077 1
70078 1
70511 1
70518 45
70519 1
70520 1
70521 1
70522 1
70523 1
70524 1
70525 1
70526 1
70527 1
70529 1
70530 1
70531 1
70532 1
70533 14
70544 1
70545 1
70546 8
70547 14
70548 16023
70550 11
70551 1
70552 1
70553 1
70554 1
70555 8
70556 1
70557 1
70558 1
70559 16093
70561 1
70563 1
70564 1
70565 20
70566 4
70567 1
70568 1
70569 1
70570 1
70571 1
70572 1
70573 1
70574 1
70575 1
70576 1
70577 1
70578 1
70579 1
70580 1
70581 1
70582 1
70583 2
70584 1
70585 1
70586 1
70587 1
70588 1
70589 1
70590 1
70591 1
70592 1
70593 1
70594 1
70595 1
70596 1
70597 1
70598 1
70599 1
70600 1
70601 1
70602 1
70603 1
70604 1
70605 1
70606 1
70607 1
70608 1
70609 1
70610 1
70611 1
70612 1
70613 1
70614 1
70615 1
70616 1
70617 1
70618 1
70619 1
70620 1
70621 1
70622 1
70623 1
70624 8
70625 1
70626 1
70627 1
70628 1
70629 22666
70630 1
70631 7
70632 1
70633 1
70634 8
70635 1
70636 1
70638 4
70640 1
70641 1
70642 1
70643 1
70644 1
70645 1
70646 1
70647 1
70648 1
70649 1
70650 1
70651 1
70652 1
70653 1
70654 1
70655 1
70656 1
70657 1
70658 1
70659 1
70660 1
70661 1
70662 213
70663 1
70664 1
70665 1
70666 1
70667 1
70668 1
70669 1
70670 1
70671 1
70672 40
70676 1
70677 1
70678 1
70679 1
70680 1
70681 1
70682 1
70683 1
70684 1
70685 1
70686 1
70687 1
70688 1
70689 1
70690 1
70691 1
70692 1
70716 17
70717 1
70718 1
70719 1
70720 1
70721 1
70722 1
70723 1
70724 1
70725 1
70726 1
70727 1
70728 16
70729 15027
70746 1
70747 1
70748 1
70749 1
70750 1
70751 1
70752 1
70753 1
70754 1
70755 1
70756 1
70773 1
70774 1
70775 1
70776 616
70778 1
70779 1
70783 1
70784 1
70785 1
70786 1
70787 1
70842 16
70843 1
70879 3
70894 21
70897 13172
70899 10
70900 1
70944 4
70946 1
70954 8
70960 55
70964 1
70973 1
70982 1
70984 1
71010 1
71011 19284
71014 11
71019 10330
71020 4
71021 7
71023 1
71070 1
71138 7
71162 1
71170 15
71172 9916
71175 3
71221 9801
71254 8
71330 16
71331 1
71976 8
71977 8
71978 8
71979 8
71980 1
71981 1
71982 6900
71985 6037
71986 1
71987 1
71988 1
71989 1
71990 1
71991 1
71992 1
71993 1
71994 1
71995 1
71996 1
71997 1
71998 32
72006 1
72007 1
72008 1
72016 1
72017 1
72018 1
72035 1
72036 1
72037 1
72038 1
72039 1
72040 1
72041 1
72042 1
72052 1
72053 1
72054 1
72055 1
72056 1
72057 1
72058 1
72059 1
72060 1
72061 1
72069 8
72070 1
72071 1
72072 1
72073 1
72074 1
72075 1
72076 1
72078 5
72079 2
72155 1
72204 1
72232 94
72234 1
72237 1
72238 1
72260 3
72284 15
72298 4
72311 4
72312 1
72336 1
72337 1
72350 1
72351 1
72407 1
72410 1
72452 1
72453 1
72466 4850
72467 1
72468 1
72469 1
72470 1
72471 1
72472 1
72473 1
72474 1
72475 1
72476 1
72477 1
72478 1
72516 9
72518 1
81923 22816
81924 4083
81925 1775
81926 204
81927 68099
81928 39300
81929 68746
81930 23829
81931 55588
81932 38786
81933 44543
81934 14025
81936 198133
81937 67477
81938 127474
81940 187269
81943 110942
81944 116976
81945 108558
81959 139833
81960 5043
81961 775
81962 719
81963 21441
81964 27199
81965 16080
81966 648
81967 8
81968 1
81969 23602
81970 12589
81971 8790
81972 12694
81973 95301
81974 45671
81975 6035
81976 5023
81977 9796
81978 9551
81979 513
81980 612
81981 13860
81982 773
81983 518
81984 1
81985 61
81986 1
81987 1
81988 2944
81989 75
81990 1
81991 1
81992 22450
81995 102401
82004 22014
82005 898
82006 16902
82007 6377
82008 74329
82027 4148
82028 51
82029 1
82030 1
82031 10962
82034 24362
82035 56696
82036 72
82037 1
82038 1
82039 1
82040 1
82041 1
82042 1
82043 1
82044 1
82045 1
82046 1
82047 576
82048 24
82049 12345
82133 22979
82134 11408
82135 40491
82159 139672
82161 1560
82162 223626
82171 24875
82172 374
82173 1
82174 1
82175 40
82180 2865
82181 24802
82182 51
82183 11372
82184 286334
82189 76136
82192 217717
82193 24
82194 25965
82209 291320
82210 46781
82211 859
82212 16
82213 164915
82215 8014
82216 832
82217 297
82218 507
82219 1
82220 131
82221 1
82222 22
82223 46
82224 1
82225 1
82226 54
82227 10
82236 42689
82237 16
82238 6
82275 1
82276 51065
82296 2434
82297 63
82298 1
82299 89
82318 629
82319 9
82320 39872
82326 196645
82327 156693
82332 37965
82333 1
82334 24
82336 81179
82337 31328
82339 148847
82341 207
82342 1
82343 6604
82344 1368
82345 235
82360 203717
82361 23
82362 25
82365 101893
82415 15768
82416 16
82417 16
82434 1153
82435 1
82436 1
82437 22
82445 102466
82450 10
82451 1
82452 1
82453 15582
82532 1
82533 83
82538 45379
82539 76
82540 1
82541 1
82555 58798
82579 12
82580 1
82581 1
82582 10
82587 11592
82588 42
82589 75975
82590 265
82591 8
82592 159
82593 1
82594 1
82608 15
82609 1
82610 1
82611 1
82612 1
82613 1
82614 1
82615 38
82644 19041
82645 111
82646 1
82647 72
82648 16
82649 1
82650 8
82651 1
82652 16
82653 11
82661 66111
82662 24
82663 1
82664 1
82665 1
82666 1
82669 88843
82670 36
82671 30762
82672 13
82673 1
82674 1
82675 1
82676 1
82677 1
82678 1
82679 1
82680 984
82681 1
82682 1
82683 1
82684 1
82685 1
82686 1
82687 1
82689 180302
82694 26
82695 24
82696 14
82733 378
82734 6
82735 24
82736 157021
82767 156897
82768 26
82769 112760
82776 506
82777 1
82778 16
82894 242600
82906 34767
82907 71
82932 242253
82935 25217
82936 1
82937 1
82974 13
82975 1
82976 8
82978 1782
82979 1
82980 1
82981 1
82982 1
82996 29
82997 1
82998 47
83002 163757
83012 38373
83047 19
83048 1
83049 21
83050 37576
83119 7448
83120 38
83121 1
83122 1
83123 1
83124 1
83125 56
83140 116432
83141 17
83142 1
83143 1
83144 1
83147 161372
83201 1145
83202 1
83203 9
83204 33611
83207 14
83208 1
83209 1
83211 8
83212 1
83213 22
83227 2734
83228 182
83229 1
83230 1
83231 1
83232 1
83233 1
83234 1
83235 16
83264 40539
83269 20966
83279 1
83280 1
83281 1
83291 1
83292 1
83293 1
83296 24624
83297 80
83298 1
83299 10593
83305 36099
83308 10
83309 1
83310 1
83311 64
83312 1
83313 71
83314 148066
83336 6796
83337 16
83338 1
83342 134208
83350 147502
83368 48260
83369 1664
83370 1
83371 6
83372 860
83375 1
83376 1
83377 1
83378 1
83386 19025
83387 7
83388 45074
83401 24
83402 1
83403 28736
83405 23
83407 17487
83417 671
83418 2
83419 1
83420 1
83421 1
83423 481
83424 1
83425 291
83438 1
83439 1
83440 1
83446 40874
83490 6
83491 27
83520 26403
83521 3
83522 398
83523 1
83524 1
83525 8
83526 30468
83527 24
83528 23
83529 1
83530 25
83531 1735
83532 24
83533 4
83534 1
83535 1
83536 1
83537 1
83539 1
83540 1
83541 1
83542 1
83543 1
83544 1
83545 20393
83547 2
83548 1
83586 4
83587 1
83588 1
83589 1
83590 1
83591 1
83592 1
83593 1
83594 7548
83601 1
83622 1
83623 1
83624 1
83625 1
83626 6
83666 1
83667 1
83688 112341
83691 8
84181 14015
84183 1
84184 1
84198 398
84199 1
84200 1
84201 1
84203 1
84204 6
84205 1
84223 12458
84235 130
84238 30
84263 123668
84265 1
84273 123013
84274 3
84322 6
84376 11667
84379 9
84380 111906
84672 16
84688 1
84691 1
84692 1
84693 1
84694 1
84695 1
84696 1
84697 1
85379 1
85380 1
85384 1
85385 1
85386 1
85387 1
85404 3893
85405 1
85406 1
85407 1
85408 1
85409 1
85410 1
85411 1
85412 1
85413 1
85414 6
85415 1
85416 32
85417 1
85418 1
85419 1
85420 1
85689 3
85694 1
85695 1
85696 99706
85714 112622
85802 1
85803 16
85804 16
85806 1
85807 1
85808 1
85809 1
85810 1
85811 1
85813 1
85814 1
85825 98063
85838 6
85841 6
85872 1
85875 1
85876 1
85877 1
85878 1
85879 1
85880 1
85881 1
85882 3
85883 1
85884 1
85885 1
85886 1
85887 1
85888 2
85889 1
85890 1
85891 1
85892 1
85893 1
85894 1
85895 1
85897 1
85905 1
85906 1
85910 1
85917 1
85943 12
85944 4
86034 16
86035 1
86055 5
86056 1
86079 16
86080 1
86081 1
86082 7874
86083 1
86084 1
86099 1
86100 1
86101 1
86102 1
86103 1
86104 1
86105 1
86106 1
86107 1
86108 1
86109 1
86110 1
86111 1
86112 1
86113 1
86114 1
86115 1
86116 1
86117 1
86118 1
86119 1
86120 1
86121 1
86122 1
86123 1
86124 32
86125 24
86126 1
86127 1
86128 1
86129 1
86130 1
86131 1
86132 1
86133 4
86134 1
86135 1
86136 1
86137 1
86138 1
86139 1
86140 1
86141 1
86142 1
86143 1
86144 1
86145 1
86146 1
86147 1
86148 1
86149 1
86150 1
86151 8
86152 8
86153 1
86154 1
86155 1
86156 1
86157 1
86158 1
86159 1
86160 1
86161 1
86162 1
86163 1
86164 1
86165 1
86166 1
86167 1
86168 8
86175 1
86182 6
86183 1
86184 3
86185 4
86192 1
86195 1
86196 1
86197 1
86461 1
86462 1
86895 1
86902 24
86903 1
86904 1
86905 1
86906 1
86907 1
86908 1
86909 1
86910 1
86911 1
86912 48523
86913 1
86914 1
86915 1
86916 1
86917 7
86928 1
86929 1
86930 8
86931 6
86934 10
86935 1
86936 523
86937 1
86938 1
86939 2
86940 1
86941 1
86942 1
86943 164
86945 1
86947 1
86948 1
86949 9
86950 1
86951 1
86952 1
86953 1
86954 1
86955 1
86956 1
86957 1
86958 1
86959 1
86960 1
86961 1
86962 1
86963 1
86964 1
86965 1
86966 1
86967 1
86968 1
86969 1
86970 1
86971 1
86972 1
86973 1
86974 1
86975 1
86976 1
86977 1
86978 1
86979 1
86980 1
86981 1
86982 1
86983 1
86984 1
86985 1
86986 1
86987 1
86988 1
86989 1
86990 1
86991 1
86992 1
86993 1
86994 1
86995 1
86996 1
86997 1
86998 1
86999 1
87000 1
87001 1
87002 1
87003 1
87004 1
87005 1
87006 1
87007 1
87008 9
87009 1
87010 1
87011 1
87012 1
87013 57738
87014 3
87015 1
87016 1
87017 1
87018 8
87019 1
87020 8
87022 3
87024 1
87025 1
87026 1
87027 1
87028 1
87029 1
87030 1
87031 1
87032 1
87033 1
87034 1
87035 1
87036 1
87037 1
87038 1
87039 1
87040 1
87041 1
87042 1
87043 1
87044 1
87045 1
87046 15
87047 1
87048 1
87049 1
87050 1
87051 1
87052 1
87053 1
87054 1
87055 1
87056 40
87060 8
87061 1
87062 1
87063 1
87064 1
87065 1
87066 1
87067 1
87068 1
87069 1
87070 1
87071 1
87072 1
87073 1
87074 1
87075 1
87076 8
87100 6
87101 1
87102 1
87103 1
87104 1
87105 1
87106 1
87107 1
87108 1
87109 1
87110 1
87111 7
87112 16
87113 14961
87130 1
87131 1
87132 1
87133 1
87134 1
87135 1
87136 1
87137 2034
87138 1
87139 1
87140 1
87157 1
87158 1
87159 1
87160 2
87162 1
87163 1
87167 1
87168 1
87169 1
87170 1
87171 1
87226 16
87227 7
87263 1
87278 6
87283 1
87284 1
87328 1
87330 1
87338 5
87344 14
87348 6
87357 13200
87366 1
87368 1
87394 1
87398 2
87404 2
87405 3
87407 1
87454 1
87473 10237
87522 5
87546 10121
87554 3
87559 5
87605 9797
87638 8
87714 16
87715 1
88360 8
88361 8
88362 8
88363 8
88364 1
88365 1
88366 6895
88369 6035
88370 1
88371 1
88372 1
88373 1
88374 1
88375 1
88376 1
88377 1
88378 1
88379 1
88380 1
88381 1
88382 32
88390 1
88391 1
88392 1
88400 1
88401 1
88402 1
88419 1
88420 1
88421 1
88422 1
88423 1
88424 1
88425 1
88426 1
88436 1
88437 1
88438 1
88439 1
88440 1
88441 1
88442 1
88443 1
88444 1
88445 1
88453 8
88454 1
88455 1
88456 1
88457 1
88458 1
88459 1
88460 1
88462 5
88463 1
88539 1
88588 3
88616 93
88618 1
88621 1
88622 1
88668 5
88695 57
88696 1
88720 1
88721 1
88734 1
88735 1
88765 1
88791 1
88794 1
88836 2
88837 1
88850 4847
88851 1
88852 1
88853 1
88854 1
88855 1
88856 1
88857 1
88858 1
88859 1
88860 1
88861 1
88862 1
88900 10
88902 1
95907 1
98307 22978
98308 4019
98309 1711
98310 173
98311 61208
98312 31447
98313 49834
98314 29519
98315 141567
98316 11
98318 2
98329 139886
98343 240087
98344 5019
98345 251
98346 287
98347 31248
98348 26256
98349 15708
98350 643
98351 8
98352 1
98353 23383
98354 12525
98355 8059
98356 12631
98357 95289
98358 45360
98359 5971
98360 4952
98361 11415
98362 9508
98363 531
98364 673
98365 6791
98366 721
98367 508
98368 1
98369 109
98370 1
98371 1
98372 2889
98373 135
98374 1
98375 1
98376 22308
98377 179530
98379 111876
98388 24486
98389 1360
98390 15033
98391 8860
98392 73296
98411 4097
98412 97
98413 1
98414 1
98415 10921
98418 24381
98419 61478
98420 5556
98421 1
98422 1
98423 1
98424 1
98425 1
98426 1
98427 1
98428 1
98429 1
98430 1
98431 568
98432 24
98433 12310
98516 296955
98517 22969
98518 12826
98519 38264
98543 131732
98545 54157
98546 232078
98555 24873
98556 372
98557 1
98558 1
98559 40
98564 2826
98565 23458
98566 97
98567 16523
98568 286371
98573 71695
98576 217708
98577 24
98578 25942
98593 226854
98594 42257
98595 548
98596 16
98597 164908
98599 7984
98600 826
98601 295
98602 14
98603 1
98604 506
98605 1
98606 33
98607 18
98608 1
98609 1
98610 43
98611 63
98620 42671
98621 16
98622 16
98659 1
98660 51049
98680 2404
98681 95
98682 1
98683 92
98702 502
98703 1
98704 39873
98710 245899
98711 204997
98716 38350
98717 1
98718 24
98720 80706
98721 44538
98723 200393
98725 122
98726 1
98727 6577
98728 1118
98729 217
98744 199198
98745 19
98746 45
98749 77085
98799 8392
98800 16
98801 16
98818 18
98819 1
98820 1
98821 16
98829 102462
98833 190766
98834 6
98835 1
98836 1
98837 28335
98916 1
98917 75
98922 45360
98923 16
98924 1
98925 1
98939 65272
98963 9
98964 1
98965 1
98966 47
98971 14035
98972 16
98973 65764
98974 260
98975 8
98976 156
98977 1
98978 1
98992 907
98993 1
98994 1
98995 1
98996 1
98997 1
98998 1
98999 70
99028 10072
99029 570
99030 1
99031 104
99032 16
99033 1
99034 8
99035 1
99036 16
99037 13
99045 66114
99046 24
99047 1
99048 1
99049 1
99050 1
99053 57836
99054 81
99055 30764
99056 10
99057 1
99058 1
99059 1
99060 1
99061 1
99062 1
99063 1
99064 987
99065 1
99066 1
99067 1
99068 1
99069 1
99070 1
99071 1
99073 136770
99078 269
99079 24
99080 190
99117 15
99118 2
99119 25
99120 176185
99151 156885
99152 4
99160 1
99161 1
99162 16
99278 43795
99290 34757
99291 64
99316 174176
99319 25214
99320 1
99321 1
99358 10
99359 1
99360 8
99362 1783
99363 1
99364 1
99365 1
99366 1
99367 165043
99380 20
99381 1
99382 88
99396 47878
99415 163398
99431 17
99432 1
99433 19
99434 58061
99503 7314
99504 30
99505 1
99506 1
99507 1
99508 1
99509 61
99524 116438
99525 32
99526 1
99527 1
99528 1
99531 161364
99585 7637
99586 1
99587 2
99588 45470
99591 6164
99592 1
99593 1
99595 5
99596 1
99597 5
99611 2732
99612 180
99613 1
99614 1
99615 1
99616 1
99617 1
99618 1
99619 9
99648 40530
99653 3435
99663 1
99664 1
99665 1
99675 1
99676 1
99677 1
99680 25504
99681 67
99682 1
99683 16177
99689 51754
99692 6
99693 1
99694 1
99695 421
99696 1
99697 16
99698 148072
99720 6784
99721 16
99722 1
99726 36077
99738 147353
99752 21198
99753 39
99754 1
99755 56
99756 864
99759 1
99760 1
99761 1
99762 4
99770 21945
99771 5
99772 45261
99785 14
99786 1
99787 20742
99789 29
99791 17478
99801 669
99802 1
99803 1
99804 1
99805 1
99807 29
99808 1
99809 22
99822 1
99823 1
99824 4
99830 11205
99874 3
99875 3
99904 26396
99905 1
99906 16
99907 1
99908 1
99909 8
99910 30478
99911 24
99912 8
99913 1
99914 8
99915 1713
99916 24
99917 9
99918 1
99919 1
99920 1
99921 1
99923 1
99924 1
99925 1
99926 1
99927 1
99928 1
99929 8318
99931 11
99932 1
99970 4
99971 1
99972 1
99973 1
99974 1
99975 1
99976 1
99977 1
99978 11260
99985 1
100006 1
100007 1
100008 1
100009 1
100010 34
100050 1
100051 1
100072 112335
100075 19
100565 14005
100567 1
100568 1
100581 124489
100582 399
100583 1
100584 1
100585 1
100587 1
100588 8
100589 1
100607 71443
100619 126
100622 15
100647 110574
100649 1
100658 6
100697 110127
100706 59
100758 123670
100760 11850
100763 2
100764 8
101056 7
101072 7
101075 1
101076 1
101077 1
101078 1
101079 1
101080 1
101081 1
101763 1
101764 15
101768 3
101769 1
101770 1
101771 1
101788 2
101789 1
101790 1
101791 1
101792 1
101793 1
101794 1
101795 1
101796 1
101797 1
101798 1
101799 1
101800 32
101801 1
101802 1
101803 1
101804 1
102073 757
102078 1
102079 1
102080 163
102098 165867
102186 1
102187 16
102188 16
102190 1
102191 1
102192 1
102193 1
102194 1
102195 1
102197 1
102198 1
102209 98100
102221 111192
102222 16
102225 6
102231 111344
102256 3
102259 1
102260 1
102261 1
102262 1
102263 1
102264 1
102265 1
102266 1
102267 1
102268 1
102269 1
102270 1
102271 1
102272 1
102273 1
102274 1
102275 1
102276 1
102277 1
102278 1
102279 179
102281 1
102289 863
102290 1
102294 1
102301 1
102327 2
102328 107617
102418 4
102419 15
102439 93791
102440 1
102463 16
102464 1
102465 15
102466 704
102467 1
102468 1
102483 1
102484 1
102485 1
102486 1
102487 1
102488 1
102489 1
102490 1
102491 1
102492 1
102493 1
102494 1
102495 1
102496 1
102497 1
102498 1
102499 1
102500 1
102501 1
102502 1
102503 1
102504 1
102505 1
102506 1
102507 1
102508 32
102509 24
102510 1
102511 1
102512 1
102513 1
102514 1
102515 1
102516 1
102517 1
102518 1
102519 1
102520 1
102521 1
102522 1
102523 1
102524 1
102525 1
102526 1
102527 1
102528 1
102529 1
102530 1
102531 1
102532 1
102533 1
102534 1
102535 8
102536 8
102537 1
102538 1
102539 1
102540 1
102541 1
102542 1
102543 1
102544 1
102545 1
102546 1
102547 1
102548 1
102549 1
102550 1
102551 1
102552 7174
102559 1
102566 4
102567 1
102568 1
102569 1
102576 4
102579 1
102580 1
102581 1
102845 1
102846 1
102847 53927
103279 6
103286 34
103287 1
103288 1
103289 1
103290 1
103291 1
103292 1
103293 1
103294 1
103295 1
103296 48518
103297 1
103298 1
103299 1
103300 1
103301 12
103312 1
103313 1
103314 8
103315 6
103318 13
103319 1
103320 1
103321 1
103322 1
103323 1
103324 1
103325 1
103326 1
103327 165
103329 1
103331 1
103332 1
103333 5
103334 1
103335 1
103336 1
103337 1
103338 1
103339 1
103340 1
103341 1
103342 1
103343 1
103344 1
103345 1
103346 1
103347 1
103348 1
103349 1
103350 1
103351 1
103352 1
103353 1
103354 1
103355 1
103356 1
103357 1
103358 1
103359 1
103360 1
103361 1
103362 1
103363 1
103364 1
103365 1
103366 1
103367 1
103368 1
103369 1
103370 1
103371 1
103372 1
103373 1
103374 1
103375 1
103376 1
103377 1
103378 1
103379 1
103380 1
103381 1
103382 1
103383 1
103384 1
103385 1
103386 1
103387 1
103388 1
103389 1
103390 1
103391 1
103392 11
103393 1
103394 1
103395 1
103396 1
103397 15048
103398 1
103399 1
103400 1
103401 1
103402 8
103403 1
103404 8
103406 1
103408 1
103409 1
103410 1
103411 1
103412 1
103413 1
103414 1
103415 1
103416 1
103417 1
103418 1
103419 1
103420 1
103421 1
103422 1
103423 1
103424 1
103425 1
103426 1
103427 1
103428 1
103429 1
103430 194
103431 1
103432 1
103433 1
103434 1
103435 1
103436 1
103437 1
103438 1
103439 1
103440 40
103444 6923
103445 1
103446 1
103447 1
103448 1
103449 1
103450 1
103451 1
103452 1
103453 1
103454 1
103455 1
103456 1
103457 1
103458 1
103459 1
103460 6
103484 5
103485 1
103486 1
103487 1
103488 1
103489 1
103490 1
103491 1
103492 1
103493 1
103494 1
103495 16
103496 16
103497 14910
103514 1
103515 1
103516 1
103517 1
103518 1
103519 1
103520 1
103521 2035
103522 1
103523 1
103524 1
103541 1
103542 1
103543 1
103544 614
103546 1
103547 1
103551 1
103552 1
103553 1
103554 1
103555 1
103610 136
103611 3
103647 1
103655 13111
103662 1
103667 1
103668 1
103712 1
103714 1
103722 1
103728 6
103732 8
103741 8
103750 7
103752 1
103778 1
103782 10369
103788 1
103789 1
103791 1
103838 1
103857 3
103906 1
103926 10158
103930 9
103938 1
103940 9925
104022 8
104098 83
104099 1
104744 8
104745 8
104746 8
104747 1010
104748 1
104749 1
104750 6891
104753 6035
104754 1
104755 1
104756 1
104757 1
104758 1
104759 1
104760 1
104761 1
104762 1
104763 1
104764 1
104765 1
104766 32
104774 1
104775 1
104776 1
104784 1
104785 1
104786 1
104803 1
104804 1
104805 1
104806 1
104807 1
104808 1
104809 1
104810 1
104820 1
104821 1
104822 1
104823 1
104824 1
104825 1
104826 1
104827 1
104828 1
104829 1
104837 2157
104838 1
104839 1
104840 1
104841 1
104842 1
104843 1
104844 1
104846 5
104923 1
104972 770
105000 1
105002 1
105005 1
105006 1
105028 1
105052 3
105079 1
105080 1
105104 1
105105 1
105118 1
105119 1
105152 3
105175 1
105178 1
105220 1
105221 1
105234 1
105235 1
105236 1
105237 1
105238 1
105239 1
105240 1
105241 1
105242 1
105243 1
105244 1
105245 1
105246 1
105284 1
105286 1
112291 1
114691 22206
114692 3967
114693 1641
114694 144
114695 61236
114696 31438
114697 48222
114698 27810
114699 147373
114700 6
114702 1
114713 139915
114727 240081
114728 5060
114729 850
114730 16
114731 37024
114732 18712
114733 16028
114734 641
114735 57
114736 1
114737 21663
114738 12461
114739 7989
114740 12585
114741 87428
114742 45356
114743 5901
114744 4930
114745 11404
114746 9490
114747 527
114748 733
114749 13915
114750 678
114751 16
114752 1
114753 1119
114754 1
114755 15
114756 3419
114757 195
114758 1
114759 1
114760 22434
114761 113556
114763 96636
114772 22022
114773 1310
114774 17890
114775 12384
114776 72199
114795 4046
114796 173
114797 1
114798 1
114799 12510
114802 24401
114803 49102
114804 31
114805 1
114806 1
114807 1
114808 1
114809 1
114810 1
114811 1
114812 1
114813 1
114814 1
114815 560
114816 24
114817 14647
114900 224676
114901 20467
114902 16131
114903 43403
114927 131637
114929 53980
114939 24871
114940 1083
114941 1
114942 1
114943 105
114948 2787
114949 22647
114950 142
114951 12481
114952 272079
114957 81934
114961 20
114962 25913
114977 243497
114978 46755
114979 508
114980 16
114981 246707
114983 8465
114984 129
114985 24
114986 8
114987 1
114988 72
114989 1
114990 58
114991 19
114992 1
114993 1
114994 31
114995 127
115004 42652
115005 16
115006 16
115043 1
115044 67630
115058 206630
115064 2368
115065 8
115066 1
115067 91
115086 26
115087 1
115088 39879
115100 41448
115101 1
115102 24
115104 69144
115105 44537
115107 200373
115109 140
115110 1
115111 11028
115112 1169
115113 231
115128 199189
115129 15
115130 69
115133 73884
115183 8272
115184 16
115185 16
115202 14
115203 1
115204 1
115205 248
115213 85577
115218 4
115219 1
115220 1
115221 28357
115300 1
115301 63
115306 56156
115307 16
115308 1
115309 31
115323 86437
115347 9
115348 1
115349 1
115350 40
115355 11320
115356 40
115357 64143
115358 256
115359 8
115360 145
115361 1
115362 1
115376 897
115377 1
115378 1
115379 1
115380 1
115381 1
115382 1
115383 21
115412 19063
115413 152
115414 1
115415 24
115416 16
115417 1
115418 8
115419 1
115420 16
115421 42
115429 45395
115430 24
115431 1
115432 1
115433 1
115434 1
115437 51142
115438 85
115439 30762
115440 289
115441 1
115442 1
115443 1
115444 1
115445 1
115446 1
115447 1
115448 982
115449 1
115450 1
115451 1
115452 1
115453 1
115454 1
115455 1
115462 20
115463 24
115464 55
115501 18
115502 28
115503 24
115504 176174
115535 68251
115536 5
115544 1
115545 1
115546 16
115662 41023
115674 34712
115675 64
115700 174168
115703 18769
115704 1
115705 1
115742 10
115743 1
115744 8
115746 1777
115747 1
115748 1
115749 1
115750 1
115764 15
115765 1
115766 71
115770 163752
115780 49441
115815 8
115816 1
115817 32
115818 58836
115887 2277
115888 26
115889 1
115890 1
115891 1
115892 1
115893 60
115908 116444
115909 1
115910 1
115911 1
115912 1
115915 148088
115969 22
115970 1
115971 1
115972 143700
115975 16
115976 1
115977 1
115979 8
115980 1
115981 5
115995 689
115996 24
115997 1
115998 1
115999 1
116000 1
116001 1
116002 1
116003 1793
116032 40523
116037 3393
116047 1
116048 1
116049 1
116059 1
116060 1
116061 1
116064 24275
116065 62
116066 1
116067 16222
116073 44757
116076 4
116077 1
116078 1
116079 64
116080 1
116081 71
116082 148062
116104 6771
116105 16
116106 1
116122 147346
116136 15271
116137 903
116138 1
116139 56
116140 861
116143 1
116144 1
116145 1
116146 87
116154 22044
116155 88
116156 45401
116169 5
116170 1
116171 37477
116173 24
116175 20639
116185 670
116186 1
116187 1
116188 1
116189 1
116191 9
116192 1
116193 25
116206 275
116207 1
116208 1
116209 138668
116214 40948
116258 1
116259 4
116288 26389
116289 1
116290 16
116291 294
116292 1
116293 8
116294 16471
116295 24
116296 5
116297 1
116298 56
116299 1713
116300 24
116301 1
116302 1
116303 1
116304 1
116305 1
116307 1
116308 1
116309 1
116310 1
116311 1
116312 1
116313 39879
116315 8
116316 1
116354 1
116355 1
116356 1
116357 1
116358 1
116359 1
116360 1
116361 1
116362 4088
116369 8
116390 1
116391 1
116392 1
116393 30
116394 15
116434 271
116435 1
116456 114148
116459 36
116949 1492
116951 1
116952 1
116966 1
116967 1
116968 1
116969 1
116971 1
116972 15517
116973 1
116991 172
117003 78075
117006 3
117031 13
117033 1
117042 1
117081 110057
117090 6
117091 122353
117094 11745
117142 123680
117144 109140
117147 1
117148 10723
117440 4
117456 7
117459 1
117460 1
117461 1
117462 1
117463 1
117464 1
117465 1
118147 1
118148 16
118152 1
118153 1
118154 1
118155 1
118172 7
118173 1
118174 1
118175 1
118176 1
118177 1
118178 1
118179 1
118180 1
118181 1
118182 32
118183 1
118184 32
118185 1
118186 1
118187 1
118188 30
118457 1015
118462 1
118463 1
118464 6
118482 100271
118570 1
118571 16
118572 16
118574 1
118575 1
118576 1
118577 1
118578 1
118579 1
118581 1
118582 1
118593 111189
118606 6
118609 109650
118615 98134
118640 9
118643 1
118644 1
118645 1
118646 1
118647 1
118648 1
118649 1
118650 1
118651 1
118652 1
118653 1
118654 1
118655 1
118656 1
118657 1
118658 1
118659 1
118660 1
118661 1
118662 4
118663 8
118665 1
118673 862
118674 1
118678 1
118685 1
118711 1
118712 21
118802 3
118803 16
118823 4
118824 1
118847 16
118848 1
118849 33
118850 2
118851 1
118852 1
118867 1
118868 1
118869 1
118870 1
118871 1
118872 1
118873 1
118874 1
118875 1
118876 1
118877 1
118878 1
118879 1
118880 1
118881 1
118882 1
118883 1
118884 1
118885 1
118886 1
118887 1
118888 1
118889 1
118890 1
118891 1
118892 32
118893 26
118894 1
118895 1
118896 1
118897 1
118898 1
118899 1
118900 1
118901 1
118902 1
118903 1
118904 1
118905 1
118906 1
118907 1
118908 1
118909 1
118910 1
118911 1
118912 1
118913 1
118914 1
118915 1
118916 1
118917 1
118918 1
118919 8
118920 10
118921 1
118922 1
118923 1
118924 1
118925 1
118926 1
118927 1
118928 1
118929 1
118930 1
118931 1
118932 1
118933 1
118934 1
118935 1
118936 1
118943 1
118950 2
118951 1
118952 1
118953 1
118960 1
118963 1
118964 1
118965 1
119229 1
119230 1
119663 1
119670 2
119671 1
119672 1
119673 1
119674 1
119675 1
119676 1
119677 1
119678 1
119679 1
119681 1
119682 1
119683 1
119684 1
119685 2
119696 1
119697 8
119698 8
119699 1
119702 1
119703 1
119704 1
119705 1
119706 1
119707 1
119708 1
119709 1
119710 1
119713 1
119715 1
119716 1
119717 3
119718 1
119719 1
119720 1
119721 1
119722 1
119723 1
119724 1
119725 1
119726 1
119727 1
119728 1
119729 1
119730 1
119731 1
119732 1
119733 1
119734 1
119735 1
119736 1
119737 1
119738 1
119739 1
119740 1
119741 1
119742 1
119743 1
119744 1
119745 1
119746 1
119747 1
119748 1
119749 1
119750 1
119751 1
119752 1
119753 1
119754 1
119755 1
119756 1
119757 1
119758 1
119759 1
119760 1
119761 1
119762 1
119763 1
119764 1
119765 1
119766 1
119767 1
119768 1
119769 1
119770 1
119771 1
119772 1
119773 1
119774 1
119775 1
119776 1
119777 1
119778 1
119779 1
119780 1
119781 60036
119782 1
119783 1
119784 1
119785 1
119786 8
119787 1
119788 8
119790 1
119792 1
119793 1
119794 1
119795 1
119796 1
119797 1
119798 1
119799 1
119800 1
119801 1
119802 1
119803 1
119804 1
119805 1
119806 1
119807 1
119808 1
119809 1
119810 1
119811 1
119812 1
119813 1
119814 193
119815 1
119816 1
119817 1
119818 1
119819 1
119820 1
119821 1
119822 1
119823 1
119824 890
119828 1
119829 1
119830 1
119831 1
119832 1
119833 1
119834 1
119835 1
119836 1
119837 1
119838 1
119839 1
119840 1
119841 1
119842 1
119843 1
119844 1
119868 4
119869 1
119870 1
119871 1
119872 1
119873 1
119874 1
119875 1
119876 1
119877 1
119878 1
119879 16
119880 16
119881 14905
119898 1
119899 1
119900 1
119901 1
119902 1
119903 1
119904 1
119905 1
119906 1
119907 1
119908 1
119925 1
119926 1
119927 1
119928 2
119930 1
119931 1
119935 1
119936 1
119937 1
119938 1
119939 1
119994 6
119995 1
120031 8
120038 12455
120039 12077
120046 13183
120051 1
120052 1
120095 11863
120096 3
120098 1
120106 1
120112 10
120116 24
120125 1
120134 10641
120136 1
120162 24
120166 10
120172 1
120173 2
120175 1
120222 1
120241 1
120290 1
120310 10144
120312 10133
120314 4
120322 1
120324 9953
120406 8
120482 16
120483 1
121128 8
121129 8
121130 8
121131 8
121132 1
121133 1
121137 32
121138 1
121139 1
121140 1
121141 1
121142 1
121143 1
121144 1
121145 1
121146 1
121147 1
121148 1
121149 1
121150 32
121158 1
121159 1
121160 1
121168 1
121169 1
121170 1
121187 1
121188 1
121189 1
121190 1
121191 1
121192 1
121193 1
121194 1
121204 1
121205 1
121206 1
121207 1
121208 1
121209 1
121210 1
121211 1
121212 1
121213 1
121221 8
121222 1
121223 1
121224 1
121225 1
121226 1
121227 1
121228 1
121230 15
121307 7
121356 1
121384 1
121386 1
121389 1
121390 1
121412 4
121436 1
121463 1
121464 1
121488 1
121489 1
121502 1
121503 7
121537 8
121559 1
121562 1
121604 15
121605 1
121618 1
121619 1
121620 1
121621 1
121622 1
121623 1
121624 1
121625 1
121626 1
121627 1
121628 1
121629 1
121630 1
121668 1
121670 1
128674 1
128675 1
