16 14492
17 5628
18 14455
151 16183
152 13205
221 17170
251 41588
353 25529
374 36398
455 25259
456 25083
510 24794
511 16242
611 24455
612 6839
613 5911
614 15091
615 13807
616 286
638 8063
639 623
640 71
641 1
642 1
643 1
644 54
645 10046
646 162
647 6
648 8637
707 9755
717 28557
730 3697
731 587
732 1276
733 251
734 25
735 1
736 1
737 1
738 1
739 1
740 1
741 6753
771 4576
776 4712
777 926
827 14037
930 12054
931 11955
937 28210
959 1968
960 123
961 1
962 39
1717 30
1799 16537
1802 11
1892 6
1910 20268
2845 10069
2862 275
2921 23400
3269 9448
3625 9004
3636 2
3653 8391
3692 19
3705 8685
3734 7
3755 38
3769 1
3770 1
3771 1
3772 16
3773 1
3774 1
3775 1
3776 1
3777 1
3778 1
3779 1
3780 1
3781 1
3782 1
3783 18458
3790 23
3791 145
3792 1
3814 32
3925 1014
3938 11
3943 7
3959 29
3976 25
3977 15398
4866 1
4867 1
4868 1
4869 1
4883 1
4884 1
4885 1
4886 1
4887 1
4888 1
4889 1
4890 1
4891 1
4892 1
4893 1
4894 1
4895 1
4896 1
4897 5
4900 26
4901 1
4902 4
4923 47
4924 1
4925 1
4926 5
4965 1
4966 1
4983 63
4984 1
4985 1
4986 1
4987 1
4988 1
4989 8
5053 7
5059 112
5061 25
5063 124
5064 2
5070 3
5103 3
5104 19
5105 3
16400 14449
16401 5564
16402 14604
16535 16158
16536 13165
16605 16941
16635 41580
16758 38060
16797 10513
16839 25214
16840 25072
16894 17440
16895 16256
16995 24538
16996 6795
16997 5851
16998 22832
16999 13709
17000 248
17022 9507
17023 40
17024 2268
17025 1
17026 1
17027 1
17028 45
17029 10029
17030 120
17031 4
17032 8785
17091 17312
17101 34644
17114 3672
17115 826
17116 1241
17117 270
17118 24
17119 1
17120 1
17121 1
17122 1
17123 1
17124 1
17125 6681
17155 4458
17160 4283
17161 993
17211 14058
17314 12474
17315 12259
17319 25928
17321 13124
17343 1937
17344 112
17345 1
17346 37
18101 168
18183 16286
18186 10
18276 7
18294 23748
19229 8400
19246 23
19305 23392
19420 23374
19441 22788
20009 8829
20020 20
20037 8604
20076 9
20089 8711
20118 8
20139 56
20153 1
20154 1
20155 1
20156 16
20157 1
20158 1
20159 1
20160 1
20161 1
20162 1
20163 1
20164 1
20165 1
20166 1
20167 14437
20174 4907
20175 149
20176 1
20198 4
20309 493
20322 16
20327 71
20340 7
20341 3
20343 9
20360 24
20361 16864
21250 1
21251 1
21252 1
21253 1
21267 1
21268 1
21269 1
21270 1
21271 1
21272 1
21273 1
21274 1
21275 1
21276 1
21277 1
21278 1
21279 1
21280 1
21281 3
21284 24
21285 1
21286 2
21307 1003
21308 1
21309 1
21310 19
21349 1
21350 1
21367 16
21368 1
21369 1
21370 1
21371 1
21372 1
21373 8
21437 15
21443 46
21445 28
21447 145
21448 8
21454 5
21487 2
21488 26
21489 1
32784 14406
32785 5499
32786 14573
32919 16133
32920 13125
32989 17024
33019 41572
33142 38052
33180 42336
33181 12676
33223 25203
33224 25061
33278 17427
33279 16270
33379 24527
33380 6735
33381 5791
33382 22821
33383 13689
33384 173
33406 9286
33407 40
33408 2368
33409 1
33410 62
33411 1
33412 38
33413 11401
33414 120
33415 377
33416 8903
33475 17301
33485 28547
33498 3647
33499 468
33500 1206
33501 266
33502 24
33503 1
33504 1
33505 1
33506 1
33507 1
33508 1
33509 6773
33539 4445
33540 29138
33544 4270
33545 1044
33595 21249
33698 12085
33699 12251
33705 25742
33727 1908
33728 112
33729 1
33730 20
34485 168
34567 15442
34570 9
34660 24
34678 10140
35613 387
35630 19
35825 22654
36393 24630
36404 17
36421 17
36460 15
36473 7973
36502 8
36523 34
36537 1
36538 1
36539 1
36540 16
36541 1
36542 1
36543 1
36544 1
36545 1
36546 1
36547 1
36548 1
36549 1
36550 1
36551 18453
36558 3246
36559 14
36560 1
36582 7
36693 11139
36706 4
36711 40
36727 12
36743 13417
36744 1
37634 1
37635 1
37636 1
37637 1
37651 1
37652 1
37653 1
37654 1
37655 1
37656 1
37657 1
37658 1
37659 1
37660 1
37661 1
37662 1
37663 1
37664 1
37665 8
37668 24
37669 1
37670 8
37691 1000
37692 1
37693 1
37694 6977
37733 1
37734 1
37751 8
37752 1
37753 1
37754 1
37755 1
37756 1
37757 4
37821 2
37827 26
37831 6
37832 1
37838 1
37871 8
37872 15
37873 2
49168 10423
49169 5435
49170 14542
49303 16108
49304 13085
49373 17009
49526 38044
49565 12192
49607 25192
49608 25050
49662 17129
49663 16284
49763 24516
49764 6675
49765 5731
49766 22810
49767 13670
49768 79
49790 9163
49791 40
49792 122
49793 1
49794 62
49795 1
49796 360
49797 10468
49798 120
49799 45
49800 8902
49859 17292
49882 3616
49883 448
49884 5364
49885 32
49886 24
49887 1
49888 1
49889 1
49890 1
49891 1
49892 1
49893 6821
49923 4432
49928 4251
49929 1017
50082 12073
50083 12243
50089 12103
50111 2148
50112 112
50113 1
50114 14
50337 24600
50869 79
50954 11
51044 11
51997 522
52014 12
52194 9698
52209 22647
52777 9294
52788 29
52805 10
52844 63
52857 8314
52886 8
52907 24
52921 1
52922 1
52923 1
52924 16
52925 1
52926 1
52927 1
52928 1
52929 1
52930 1
52931 1
52932 1
52933 1
52934 1
52935 15277
52942 134
52943 7
52944 1
52966 5
53077 862
53090 421
53095 26
53111 31
53127 13418
53128 8
53129 13598
54018 1
54019 1
54020 1
54021 1
54035 1
54036 1
54037 1
54038 1
54039 1
54040 1
54041 1
54042 1
54043 1
54044 1
54045 1
54046 1
54047 1
54048 1
54049 32
54052 24
54053 1
54054 24
54075 998
54076 1
54077 1
54078 6978
54117 1
54118 1
54135 2525
54136 1
54137 1
54138 1
54139 1
54140 1
54141 1
54205 2
54211 77
54215 10
54216 16
54222 18
54255 5
54256 10
54257 1
65552 10377
65553 4418
65554 14511
65687 16083
65688 13045
65757 16994
65787 41596
65910 38036
65991 25181
65992 25039
66046 16885
66047 16597
66147 24505
66148 6615
66149 5671
66150 22787
66151 13651
66152 62
66174 7823
66175 40
66176 2337
66177 1
66178 1
66179 1
66180 247
66181 10090
66182 353
66183 31
66184 9149
66243 9505
66266 3537
66267 690
66268 4655
66269 265
66270 3014
66271 1
66272 1
66273 1
66274 1
66275 1
66276 1
66277 7834
66307 4419
66312 4123
66313 990
66363 21257
66466 12035
66467 28305
66473 12085
66495 1882
66496 563
66497 1
66498 13
66721 24634
67253 53
67428 25
68381 653
68398 232
68593 22640
68805 8789
69161 8819
69172 27
69189 2
69228 37
69241 8692
69270 18
69291 15
69305 2
69306 1
69307 1
69308 16
69309 1
69310 1
69311 1
69312 1
69313 1
69314 1
69315 1
69316 1
69317 1
69318 1
69326 137
69327 12
69328 1
69350 67
69461 846
69474 9
69479 17
69495 27
69511 13320
69512 6
70402 1
70403 1
70404 1
70405 1
70419 1
70420 1
70421 1
70422 1
70423 1
70424 1
70425 1
70426 1
70427 1
70428 1
70429 1
70430 1
70431 1
70432 1
70433 32
70436 510
70437 1
70438 24
70459 996
70460 1
70461 1
70462 16
70501 1
70502 1
70519 5
70520 1
70521 1
70522 1
70523 1
70524 1
70525 1
70589 3
70595 1
70599 13
70600 2
70606 26
70639 77
70640 6
70641 9
81936 10100
81937 4248
81938 14480
82071 15908
82072 13272
82141 16979
82294 36428
82375 25170
82376 25028
82430 16872
82431 16299
82531 24494
82532 6555
82533 5611
82534 22776
82535 13632
82536 45
82558 7782
82559 643
82560 1002
82561 1
82562 1
82563 1
82564 254
82565 10089
82566 343
82567 20
82568 9003
82627 17656
82637 34549
82650 3511
82651 671
82652 4606
82653 3693
82654 3011
82655 1
82656 1
82657 1
82658 1
82659 1
82660 1
82661 7857
82691 4276
82696 4157
82697 884
82850 12045
82851 11947
82855 11971
82857 12111
82879 1852
82880 554
82881 1
82882 10
82943 11284
83637 37
83812 8
83830 23735
84765 507
84782 297
84977 22632
85545 8810
85556 63
85573 270
85612 8
85625 8334
85654 1
85675 6
85689 1
85690 1
85691 1
85692 16
85693 1
85694 1
85695 1
85696 1
85697 1
85698 1
85699 1
85700 1
85701 1
85702 1
85710 2
85711 2
85712 1
85734 23
85845 829
85858 662
85863 4
85879 7
85895 13313
85896 1
86786 1
86787 1
86788 1
86789 1
86803 1
86804 1
86805 1
86806 1
86807 1
86808 1
86809 1
86810 1
86811 1
86812 1
86813 1
86814 1
86815 1
86816 1
86817 32
86820 507
86821 1
86822 24
86843 994
86844 1
86845 1
86846 40
86885 1
86886 1
86903 1
86904 1
86905 1
86906 1
86907 1
86908 1
86909 22
86973 1
86979 126
86983 17
86984 3
86990 6
87023 12
87024 4
87025 7
98320 10056
98321 3680
98322 14653
98455 15972
98456 13230
98525 17713
98657 38384
98678 36420
98717 25184
98759 24483
98760 25563
98814 17113
98815 17004
98915 24483
98916 6495
98917 5551
98918 22659
98919 13613
98920 38
98942 7745
98943 16
98944 987
98945 1
98946 1
98947 1
98948 249
98949 10088
98950 334
98951 13
98952 8986
99011 9530
99034 3485
99035 720
99036 1047
99037 3558
99038 3009
99039 1
99040 1
99041 1
99042 1
99043 1
99044 1
99045 7811
99075 4302
99080 4143
99081 856
99131 27892
99234 13823
99235 11938
99241 25758
99250 25632
99263 2191
99264 31
99265 1
99266 96
100021 30
100196 9
101149 513
101166 268
101361 23077
101929 18265
101940 10
101957 8592
101996 8
102009 8323
102038 1
102059 4
102073 1
102074 1
102075 1
102076 16
102077 1
102078 1
102079 1
102080 1
102081 1
102082 1
102083 1
102084 1
102085 1
102086 1
102094 22
102095 3
102096 1
102118 16
102229 807
102242 13
102247 4
102263 11
102280 12
102281 9
103170 1
103171 1
103172 1
103173 1
103187 1
103188 1
103189 1
103190 1
103191 1
103192 1
103193 1
103194 1
103195 1
103196 1
103197 1
103198 1
103199 1
103200 1
103201 32
103204 505
103205 1
103206 24
103227 4
103228 1
103229 1
103230 40
103269 1
103270 1
103287 1
103288 1
103289 1
103290 1
103291 1
103292 1
103293 40
103357 3
103363 42
103367 1
103368 28
103374 7
103407 6
103408 2
103409 9
114704 10004
114705 3610
114706 14617
114839 15944
114840 13514
114909 16963
114939 38566
115041 26355
115062 36412
115101 36034
115143 24506
115144 25547
115198 16858
115199 17022
115299 24472
115300 6435
115301 3966
115302 22642
115303 13594
115304 32
115326 7707
115327 624
115328 80
115329 1
115330 1
115331 1
115332 433
115333 9704
115334 51
115335 12
115336 9138
115395 9767
115405 34419
115418 3459
115419 4539
115420 975
115421 3516
115422 24
115423 1
115424 1
115425 1
115426 1
115427 1
115428 1
115429 6954
115459 4601
115464 4050
115465 959
115488 29181
115618 12064
115619 11926
115625 11741
115647 1996
115648 22
115649 1
115650 127
116405 21
116580 3
116598 23760
117533 1109
117550 275
117957 25917
118313 8784
118324 5
118341 8387
118380 18
118393 8148
118422 19
118443 4
118457 1
118458 1
118459 1
118460 16
118461 1
118462 1
118463 1
118464 1
118465 1
118466 1
118467 1
118468 1
118469 1
118470 1
118478 8
118479 1
118480 1
118502 4
118613 11137
118626 19
118631 3
118647 1
118664 14
118665 20
119554 1
119555 1
119556 1
119557 1
119571 1
119572 1
119573 1
119574 1
119575 1
119576 1
119577 1
119578 1
119579 1
119580 1
119581 1
119582 1
119583 1
119584 1
119585 32
119588 24
119589 1
119590 24
119611 1
119612 1
119613 1
119614 40
119653 1
119654 1
119671 1
119672 1
119673 1
119674 1
119675 1
119676 1
119677 32
119741 2
119747 34
119751 1
119752 18
119758 12
119791 57
119792 5
119793 7
