173 8840
174 7832
175 24
176 1
177 1
178 1
179 1
180 1
181 1
182 1
183 1
184 1
185 1
186 1
187 1
188 1
189 433
190 32
16557 8776
16558 7768
16559 24
16560 1
16561 1
16562 1
16563 1
16564 1
16565 1
16566 1
16567 1
16568 1
16569 1
16570 1
16571 1
16572 1
16573 280
16574 32
32941 8712
32942 7704
32943 24
32944 1
32945 1
32946 1
32947 1
32948 1
32949 1
32950 1
32951 1
32952 1
32953 1
32954 1
32955 1
32956 1
32957 271
32958 32
49325 8648
49326 7640
49327 24
49328 1
49329 1
49330 1
49331 1
49332 1
49333 1
49334 1
49335 1
49336 1
49337 1
49338 1
49339 1
49340 1
49341 593
49342 32
65708 9592
65709 8584
65710 7576
65711 6574
65712 1
65713 1
65714 1
65715 1
65716 1
65717 1
65718 1
65719 1
65720 1
65721 1
65722 1
65723 1
65724 1
65725 584
65726 32
82092 9528
82093 8520
82094 7082
82095 6571
82096 1
82097 1
82098 1
82099 1
82100 1
82101 1
82102 1
82103 1
82104 1
82105 1
82106 1
82107 1
82108 1
82109 575
82110 32
98476 9464
98477 8456
98478 7081
98479 6569
98480 1
98481 1
98482 1
98483 1
98484 1
98485 1
98486 1
98487 1
98488 1
98489 1
98490 1
98491 1
98492 1
98493 569
98494 32
114860 9394
114861 8386
114862 7075
114863 24
114864 1
114865 1
114866 1
114867 1
114868 1
114869 1
114870 1
114871 1
114872 1
114873 1
114874 1
114875 1
114876 1
114877 510
114878 32
