0 16295
1 15652
2 14644
3 13631
4 12343
5 5529
6 2664
7 17921
8 50536
9 35966
10 67993
11 163762
22 303815
24 266001
25 239407
40 9978
41 355
42 21704
43 86135
44 25076
45 16840
46 357
47 40
48 8
49 11983
50 36
51 1
52 972
53 101036
54 65256
55 1
56 480
57 1
58 6
59 235
60 1
61 7607
62 41
63 10
64 8
65 1421
66 760
67 48
68 83
69 1
70 1
71 1
72 7738
73 519
74 17
75 33064
76 221
77 1
78 1
79 45
84 54154
85 3809
86 3014
87 8632
88 72184
89 199
90 1
91 1
92 1
93 1
94 1
95 1
96 1
97 1
98 1
99 1
100 1
101 1
102 1
103 1
104 1
105 1
106 1
107 1
108 1
109 1
110 1
111 1
112 1
113 1
114 1
115 1
116 1
117 1
118 1
119 1
120 1
121 1
122 1
123 1
124 1
125 1
126 1
127 1
128 1
129 1
130 1
131 1
132 1
133 1
134 1
135 1
136 1
137 1
138 1
139 1
140 52618
145 4567
146 169097
147 4366
148 299
149 49458
168 239620
175 3689
176 1268
177 6516
178 98002
194 14235
196 762
197 1643
198 299
199 71
200 1
201 213
202 592
203 72
204 1780
205 161818
206 49978
207 92
208 41638
209 647
210 160
211 32971
212 43752
213 6540
214 17570
215 31467
216 4577
217 1
218 1
219 1
220 1
221 1
222 1
223 1
224 1
225 1
226 1
227 1
228 1
229 1
230 1
231 1
232 1
233 1
234 1
235 1
236 1
237 1
238 1
239 1
240 1
241 306
242 116
243 1
244 1
245 1
246 1
247 1
248 1
249 35694
251 72750
252 17
253 8
254 8
255 8
256 8
257 21
258 2
259 1
260 1
261 1
262 1274
263 23514
269 16829
270 1325
271 1
272 1
273 1
274 22406
289 232293
290 130
291 586
292 1
293 1
294 1
295 1
296 1
297 1
298 1
299 1
300 1
301 1
302 8
303 1
304 1
305 1
306 1
307 1
316 46087
317 189
318 23
355 111
356 1
357 1
358 1
359 1
360 1
361 1
362 1
363 1
364 1
365 1
366 1
367 1
368 17395
376 5899
377 314
378 1
379 24
380 151
383 55535
384 140
385 1
386 1
387 110
388 16
389 28
398 68
399 1
400 19199
408 84652
409 30
410 1
411 1
412 1
413 1
414 32
416 238833
417 6174
419 20348
420 271
421 38
422 37
423 969
424 798
425 49
439 124576
441 27
442 79
444 142
445 11
446 193479
495 5502
496 39
497 16
514 1
515 1
516 1
517 1
530 7
531 1
532 1
533 112
564 29715
565 23
608 180073
610 58365
611 22
612 1
613 5
617 184874
618 88
619 553
620 1
621 72
635 177480
643 10
659 1
660 1
661 1
662 1
667 2102
668 18
669 173827
670 567
671 8
672 14
673 1
674 13
688 72
689 5
690 1
691 1
692 2
693 1
694 1
695 57
717 16368
718 13
719 1
720 1
721 1
722 1
723 1
724 3111
725 1
726 1
727 1
728 1
729 1
730 1
731 1
732 1
733 2
734 1
735 725
736 14
737 21
738 1325
739 26
740 1
741 24
742 1
743 1
744 1
745 1
746 1
750 15
751 1
752 1
753 1
754 1
755 1
756 1
757 1
758 1
759 1
760 3
761 1
762 1
763 1
764 1
765 1
766 1
767 1
774 14
775 1
776 1
813 1
814 1
815 1
816 148961
838 16
839 8
848 121811
856 47
857 1
858 7
974 4
986 76542
987 8
1015 66566
1016 71
1017 21
3918 5
4135 36
4136 47630
4159 45
4160 1
4161 11
4162 16
4163 1
4164 1
4166 14099
4167 1
4168 1
4169 1
4170 1
4171 1
4172 1
4173 1
4174 1
4175 1
4176 1
4177 1
4178 1
4179 1
4180 1
4181 1
4182 1
4183 1
4184 1
4185 1
4186 1
4187 1
4188 1
4189 1
4190 1
4191 1
4192 1
4193 1
4194 1
4195 1
4196 1
4197 1
4198 1
4199 1
4200 1
4201 1
4202 40
4203 32
4204 580
4205 686
4206 1
4207 1
4208 1
4209 1
4210 1
4211 1
4212 1
4213 1
4214 679
4215 16
4216 1
4217 1
4218 1
4219 1
4220 1
4221 1
4222 1
4223 1
4224 1
4225 1
4226 1
4227 1
4228 1
4229 1
4230 1
4231 1
4232 1
4233 1
4234 1
4235 1
4236 1
4237 1
4238 1
4239 1
4240 1
4241 1
4242 1
4243 1
4244 1
4245 1
4246 1
4247 1
4248 1
4250 20
4255 984
4262 1
4263 1
4264 10
4265 1
4275 4
4276 40
4277 515
4541 21
4542 1
4543 84988
4713 23
4714 1
4715 1
4716 16
4717 1
4718 1
4719 1
4720 1
4721 1
4722 1
4723 1
4724 1
4725 1
4726 16
4727 16
4728 1
4729 1
4730 1
4731 1
4732 1
4733 1
4734 1
4735 1
4736 1
4737 1
4738 1
4739 1
4740 1
4741 1
4744 62
4745 41
4746 2
4747 1
4748 1
4749 1
4750 1
4751 1
4752 1
4753 1
4754 1
4755 1
4756 1
4757 1
4758 1
4759 1
4760 40
4776 72
4777 1
4778 1
4779 1
4780 1
4782 73
4783 1
4784 1
4785 1
4786 1
4787 1
4788 1
4789 1
4790 1
4791 1
4792 1
4793 1
4794 1
4795 1
4796 1
4797 1
4798 1
4799 1
4800 1
4801 1
4802 1
4803 1
4804 1
4805 1
4806 1
4807 1
4808 1
4809 1
4810 1
4811 1
4812 1
4813 1
4814 1
4815 1
4816 1
4817 1
4818 1
4819 1
4820 1
4821 1
4822 1
4823 1
4824 1
4825 1
4826 1
4827 1
4828 1
4829 1
4830 1
4831 1
4832 1
4833 1
4834 1
4835 1
4836 1
4837 1
4838 1
4839 1
4840 1
4841 1
4859 45
4860 2
4861 1
4862 1
4863 1
4864 1
4865 1
4866 40
4867 40
4868 2
4869 1
4870 1
4871 1
4872 1
4873 1
4874 5
4922 46
4923 1
4924 1
4925 1
4926 1
4927 1
4928 1
4929 1
4930 1
4931 1
4932 1
4933 1
4934 1
4935 1
4936 1
4937 1
4938 1
4939 1
4940 1
4941 1
4942 1
4943 1
4944 1
4945 1
4946 1
4947 1
4972 68877
4973 12
4974 36
4975 1
4982 1
4983 1
4984 1
4985 1
4986 1
4987 1
4988 1
4989 1
4990 1
4991 1
4993 1
4994 1
4995 1
4996 4
4997 60999
5008 1
5009 48
5010 6
5011 16
5014 4985
5015 1
5016 11
5017 1
5018 1
5019 1
5020 72
5021 1083
5022 1233
5025 1
5027 1
5028 1
5029 39
5030 1
5031 1
5032 1
5033 1
5034 1
5035 1
5036 1
5037 1
5038 1
5039 1
5040 1
5041 1
5042 1
5043 1
5044 1
5045 1
5046 1
5047 1
5048 1
5049 1
5050 1
5051 1
5052 1
5053 1
5054 1
5055 1
5056 1
5057 1
5058 1
5059 1
5060 1
5061 1
5062 1
5063 1
5064 1
5065 1
5066 1
5067 1
5068 1
5069 1
5070 1
5071 1
5072 1
5073 1
5074 1
5075 1
5076 1
5077 1
5078 1
5079 1
5080 1
5081 1
5082 1
5083 1
5084 1
5085 1
5086 1
5087 1
5088 8
5089 1
5090 1
5091 1
5092 1
5094 934
5095 214
5096 1
5097 1
5098 6
5099 41
5100 7
5102 15
5104 8
5105 1
5106 1
5107 1
5108 268
5109 1
5110 1
5111 1
5112 1
5113 1
5114 1
5115 1
5116 1
5117 1
5118 1
5119 1
5120 1
5121 1
5122 1
5123 1
5124 1
5125 1
5126 1
5127 1
5128 1
5129 1
5130 1
5131 1
5132 1
5133 1
5134 1
5135 8
5136 4
5140 24
5141 48
5142 48
5143 63
5144 1
5145 1
5146 1
5147 1
5148 1
5149 1
5150 1
5151 1
5152 1
5153 1
5154 1
5155 1
5156 33
5181 6
5182 1
5183 1
5184 1
5185 1
5186 1
5187 1
5188 1
5189 1
5190 1
5191 21
5192 23
5198 8
5199 15
5200 1
5201 1
5202 1
5203 1
5204 35
5210 4892
5211 1
5212 1
5213 1
5214 1
5215 1
5216 1
5217 1
5218 137
5219 8
5220 1
5237 2
5238 1
5239 1
5240 1
5241 1
5242 1
5243 1
5246 1
5247 1
5248 1
5249 1
5250 1
5251 1
5306 53
5307 4
5310 466
5311 1
5343 496
5358 9
5364 10
5408 2
5410 1
5418 1
5419 1
5420 1
5421 1
5422 1
5423 1
5424 1
5428 12
5437 6
5446 392
5448 16
5449 15
5478 7
16384 16236
16385 15588
16386 14580
16387 13568
16388 12188
16389 5465
16390 2636
16391 17875
16392 58276
16393 51303
16394 139840
16395 239485
16408 266011
16409 244187
16424 10797
16425 305
16426 11477
16427 91090
16428 25191
16429 16108
16430 809
16431 40
16432 10
16433 12485
16434 52
16435 1
16436 10375
16437 101129
16438 63887
16439 1
16440 184
16441 1
16442 54
16443 233
16444 1
16445 7601
16446 33
16447 8
16448 8
16449 1122
16450 750
16451 48
16452 86
16453 1
16454 1
16455 1
16456 7724
16457 523
16458 16
16459 23465
16460 756
16461 1
16462 1
16463 3155
16468 50150
16469 3302
16470 3935
16471 8816
16472 66713
16473 176
16474 1
16475 1
16476 1
16477 1
16478 1
16479 1
16480 1
16481 1
16482 1
16483 1
16484 1
16485 1
16486 1
16487 1
16488 1
16489 1
16490 1
16491 1
16492 1
16493 1
16494 1
16495 1
16496 1
16497 1
16498 1
16499 1
16500 1
16501 1
16502 1
16503 1
16504 1
16505 1
16506 1
16507 1
16508 1
16509 1
16510 1
16511 1
16512 1
16513 1
16514 1
16515 1
16516 1
16517 1
16518 1
16519 1
16520 1
16521 1
16522 1
16523 1
16524 52667
16529 3374
16530 121546
16531 4365
16532 299
16533 49429
16552 117290
16559 3642
16560 1263
16561 6218
16562 97997
16578 9345
16580 165
16581 1644
16582 342
16583 381
16584 16
16585 300
16586 130
16587 72
16588 1826
16589 161321
16590 48307
16591 72
16592 42273
16593 360
16594 204
16595 32921
16596 43690
16597 15592
16598 17373
16599 23688
16600 361
16601 1
16602 1
16603 1
16604 1
16605 1
16606 1
16607 1
16608 1
16609 1
16610 1
16611 1
16612 1
16613 1
16614 1
16615 1
16616 1
16617 1
16618 1
16619 1
16620 1
16621 1
16622 1
16623 1
16624 1
16625 307
16626 32
16627 1
16628 1
16629 1
16630 1
16631 1
16632 1
16633 35696
16635 72745
16636 57
16637 8
16638 8
16639 8
16640 8
16641 23
16642 28
16643 1
16644 1
16645 1
16646 1270
16647 23675
16653 16804
16654 168
16655 1
16656 1
16657 1
16658 22433
16673 232318
16674 96
16675 108
16676 1
16677 1
16678 1
16679 1
16680 1
16681 1
16682 1
16683 1
16684 7
16685 1
16686 1
16687 1
16688 1
16689 1
16690 1
16691 1
16700 46070
16701 149
16702 101
16739 113
16740 1
16741 1
16742 1
16743 1
16744 1
16745 1
16746 1
16747 1
16748 1
16749 1
16750 1
16751 1
16752 17407
16760 5871
16761 258
16762 1
16763 24
16764 39
16767 42734
16768 128
16769 1
16770 1
16771 16
16772 16
16773 20
16782 85
16783 1
16784 19200
16792 84638
16793 1
16794 1
16795 1
16796 1
16797 1
16798 27
16800 238832
16801 6947
16803 19742
16804 125
16805 38
16806 31
16807 968
16808 800
16809 34
16823 124564
16825 30
16826 216
16828 225
16829 13
16830 193518
16879 6936
16880 31
16881 12
16898 1
16899 1
16900 1
16901 1
16914 1613
16915 1
16916 1
16917 110
16948 29906
16949 1
16992 180060
16994 101742
16995 42
16996 8
16997 4
17001 184859
17002 88
17003 511
17004 1
17005 72
17019 177470
17027 16
17043 1
17044 1
17045 1
17046 1
17051 3149
17052 14
17053 173836
17054 120
17055 8
17056 16
17057 1
17058 1024
17072 59
17073 1
17074 1
17075 1
17076 1
17077 1
17078 1
17079 53
17101 16370
17102 6
17103 1
17104 1
17105 1
17106 1
17107 1
17108 1435
17109 1
17110 1
17111 1
17112 1
17113 1
17114 1
17115 8
17116 1
17117 1
17118 1
17119 5
17120 19
17121 20
17122 64
17123 24
17124 1
17125 24
17126 1
17127 1
17128 1
17129 1
17130 1
17134 14
17135 1
17136 1
17137 1
17138 1
17139 1
17140 1
17141 1
17142 1
17143 1
17144 634
17145 1
17146 1
17147 1
17148 1
17149 1
17150 1
17151 1
17158 16
17159 1
17160 1
17197 8
17198 1
17199 1
17200 217763
17222 21
17223 8
17232 121814
17240 40
17241 1
17242 5
17243 228195
17358 118
17370 71075
17371 17
17399 65575
17400 72
17401 20
20302 7
20519 7
20520 14
20543 40
20544 1
20545 5
20546 813
20547 1
20548 1
20550 14102
20551 1
20552 1
20553 1
20554 1
20555 1
20556 1
20557 1
20558 1
20559 1
20560 1
20561 1
20562 1
20563 1
20564 1
20565 1
20566 1
20567 1
20568 1
20569 1
20570 1
20571 1
20572 1
20573 1
20574 1
20575 1
20576 1
20577 1
20578 1
20579 1
20580 1
20581 1
20582 1
20583 1
20584 1
20585 1
20586 756
20587 42
20588 40
20589 5
20590 1
20591 1
20592 1
20593 1
20594 1
20595 1
20596 1
20597 1
20598 653
20599 16
20600 1
20601 1
20602 1
20603 1
20604 1
20605 1
20606 1
20607 1
20608 1
20609 1
20610 1
20611 1
20612 1
20613 1
20614 1
20615 1
20616 1
20617 1
20618 1
20619 1
20620 1
20621 1
20622 1
20623 1
20624 1
20625 1
20626 1
20627 1
20628 1
20629 1
20630 1
20631 1
20632 1
20633 93526
20634 6
20639 12302
20646 1
20647 1
20648 2
20649 3
20656 85546
20659 3
20660 7
20661 514
20925 32
20926 1
21097 16
21098 1
21099 1
21100 16
21101 1
21102 1
21103 1
21104 1
21105 1
21106 1
21107 1
21108 1
21109 1
21110 16
21111 16
21112 1
21113 1
21114 1
21115 1
21116 1
21117 1
21118 1
21119 1
21120 1
21121 1
21122 1
21123 1
21124 1
21125 1
21128 64
21129 40
21130 1
21131 1
21132 1
21133 1
21134 1
21135 1
21136 1
21137 1
21138 1
21139 1
21140 1
21141 1
21142 1
21143 1
21144 40
21160 1981
21161 1
21162 1
21163 1
21164 1
21166 72
21167 1
21168 1
21169 1
21170 1
21171 1
21172 1
21173 1
21174 1
21175 1
21176 1
21177 1
21178 1
21179 1
21180 1
21181 1
21182 1
21183 1
21184 1
21185 1
21186 1
21187 1
21188 1
21189 1
21190 1
21191 1
21192 1
21193 1
21194 1
21195 1
21196 1
21197 1
21198 1
21199 1
21200 1
21201 1
21202 1
21203 1
21204 1
21205 1
21206 1
21207 1
21208 1
21209 1
21210 1
21211 1
21212 1
21213 1
21214 1
21215 1
21216 1
21217 1
21218 1
21219 1
21220 1
21221 1
21222 1
21223 1
21224 1
21225 1
21243 40
21244 1
21245 1
21246 1
21247 1
21248 1
21249 1
21250 40
21251 40
21252 1
21253 1
21254 1
21255 1
21256 1
21257 1
21258 9
21306 48
21307 1
21308 1
21309 1
21310 1
21311 1
21312 1
21313 1
21314 1
21315 1
21316 1
21317 1
21318 1
21319 1
21320 1
21321 1
21322 1
21323 1
21324 1
21325 1
21326 1
21327 1
21328 1
21329 1
21330 1
21331 1
21356 90750
21357 11
21358 37
21359 1
21366 1
21367 1
21368 1
21369 1
21370 1
21371 1
21372 1
21373 1
21374 1
21375 1
21377 1
21378 1
21379 1
21380 1
21381 56206
21392 1
21393 34
21394 2
21395 16
21398 4986
21399 1
21400 2271
21401 1
21402 1
21403 1060
21404 72
21405 7
21406 1230
21409 1
21411 1
21412 1
21413 29
21414 1
21415 1
21416 1
21417 1
21418 1
21419 1
21420 1
21421 1
21422 1
21423 1
21424 1
21425 1
21426 1
21427 1
21428 1
21429 1
21430 1
21431 1
21432 1
21433 1
21434 1
21435 1
21436 1
21437 1
21438 1
21439 1
21440 1
21441 1
21442 1
21443 1
21444 1
21445 1
21446 1
21447 1
21448 1
21449 1
21450 1
21451 1
21452 1
21453 1
21454 1
21455 1
21456 1
21457 1
21458 1
21459 1
21460 1
21461 1
21462 1
21463 1
21464 1
21465 1
21466 1
21467 1
21468 1
21469 1
21470 1
21471 1
21472 6
21473 1
21474 1
21475 1
21476 1
21478 32
21479 211
21480 1
21481 1
21482 6
21483 35
21484 8
21486 16
21488 5
21489 1
21490 1
21491 1
21492 8
21493 1
21494 1
21495 1
21496 1
21497 1
21498 1
21499 1
21500 1
21501 1
21502 1
21503 1
21504 1
21505 1
21506 1
21507 1
21508 1
21509 1
21510 8
21511 1
21512 1
21513 1
21514 1
21515 1
21516 1
21517 1
21518 1
21519 8
21520 3
21524 120
21525 102
21526 132
21527 5798
21528 1
21529 1
21530 1
21531 1
21532 1
21533 1
21534 1
21535 1
21536 1
21537 1
21538 1
21539 1
21540 10
21565 1
21566 1
21567 1
21568 1
21569 1
21570 1
21571 1
21572 1
21573 1
21574 1
21575 1
21576 23
21582 16
21583 14
21584 1
21585 1
21586 1
21587 1
21588 35
21594 45
21595 1
21596 1
21597 1
21598 1
21599 1
21600 1
21601 1
21602 521
21603 8
21604 1
21621 2
21622 1
21623 1
21624 1
21625 1
21626 1
21627 1
21630 1
21631 1
21632 1
21633 1
21634 1
21635 1
21690 86
21691 32
21694 462
21695 1
21727 34
21748 194
21792 13
21794 1
21802 1
21803 1
21804 1
21805 1
21806 1
21807 1
21808 1
21812 4
21830 382
21832 40
21833 17
21862 15
32768 17263
32769 15524
32770 14510
32771 13505
32772 12124
32773 4565
32774 2608
32775 17863
32776 42642
32777 55996
32778 65041
32793 303802
32797 154445
32808 10855
32809 898
32810 17
32811 85488
32812 33188
32813 16332
32814 808
32815 40
32816 8
32817 11420
32818 713
32819 1
32820 981
32821 100489
32822 63860
32823 1
32824 518
32825 1
32826 56
32827 32
32828 1
32829 7325
32830 21
32831 8
32832 8
32833 1120
32834 776
32835 258
32836 107
32837 1
32838 1
32839 1
32840 8155
32841 14
32842 55
32843 23614
32844 1066
32845 1
32846 1
32847 3153
32852 61883
32853 3076
32854 3576
32855 8679
32856 69042
32857 72
32858 1
32859 1
32860 1
32861 1
32862 1
32863 1
32864 1
32865 1
32866 1
32867 1
32868 1
32869 1
32870 1
32871 1
32872 1
32873 1
32874 1
32875 1
32876 1
32877 1
32878 1
32879 1
32880 1
32881 1
32882 1
32883 1
32884 1
32885 1
32886 1
32887 1
32888 1
32889 1
32890 1
32891 1
32892 1
32893 1
32894 1
32895 1
32896 1
32897 1
32898 1
32899 1
32900 1
32901 1
32902 1
32903 1
32904 1
32905 1
32906 1
32907 1
32908 52587
32913 3317
32914 121590
32915 4357
32916 302
32917 49399
32936 117277
32943 3434
32944 702
32945 6175
32946 95225
32962 9300
32964 108
32965 1642
32966 335
32967 72
32968 16
32969 147
32970 78
32971 72
32972 1733
32973 161262
32974 48277
32975 80
32976 42283
32977 349
32978 197
32979 32663
32980 32271
32981 15292
32982 16739
32983 19701
32984 314
32985 1
32986 1
32987 1
32988 1
32989 1
32990 1
32991 1
32992 1
32993 1
32994 1
32995 1
32996 1
32997 1
32998 1
32999 1
33000 1
33001 1
33002 1
33003 1
33004 1
33005 1
33006 1
33007 1
33008 1
33009 304
33010 50
33011 1
33012 1
33013 1
33014 1
33015 1
33016 1
33017 1
33019 76210
33020 8
33021 8
33022 8
33023 8
33024 8
33025 13
33026 24
33027 1
33028 1
33029 1
33030 1267
33031 23705
33037 16666
33038 246
33039 1
33040 1
33041 1
33042 24090
33057 285597
33058 68
33059 76
33060 1
33061 1
33062 1
33063 1
33064 1
33065 1
33066 1
33067 1
33068 510
33069 1
33070 3
33071 1
33072 1
33073 1
33074 1
33075 14
33084 46047
33085 88
33086 12
33123 8
33124 1
33125 1
33126 1
33127 1
33128 1
33129 1
33130 1
33131 1
33132 1
33133 1
33134 1
33135 1
33136 16452
33144 5901
33145 112
33146 1
33147 21
33148 22
33151 42742
33152 130
33153 1
33154 1
33155 16
33156 16
33157 23
33166 526
33167 1
33168 14886
33176 103849
33177 1
33178 1
33179 1
33180 1
33181 1
33182 56
33184 238786
33185 6219
33187 22721
33188 56
33189 39
33190 31
33191 964
33192 801
33193 27
33207 153845
33209 31
33210 389
33212 462
33213 15
33263 2403
33264 37
33265 22
33282 1
33283 1
33284 1
33285 1
33298 1
33299 1
33300 1
33301 22
33332 29681
33333 1
33376 179590
33378 55611
33379 33
33380 8
33381 4
33385 250753
33386 88
33387 56
33388 1
33389 21
33403 208487
33411 18
33427 1
33428 1
33429 1
33430 1
33435 2090
33436 118
33437 173717
33438 120
33439 8
33440 85
33441 1
33442 1023
33456 214
33457 1
33458 1
33459 1
33460 1
33461 1
33462 1
33463 13
33485 5894
33486 94
33487 1
33488 1
33489 1
33490 1
33491 1
33492 41
33493 1
33494 1
33495 1
33496 1
33497 1
33498 1
33499 840
33500 1
33501 1
33502 1
33503 5
33504 64
33505 1
33506 64
33507 24
33508 1
33509 36
33510 1
33511 1
33512 1
33513 1
33514 1
33518 7
33519 1
33520 1
33521 1
33522 1
33523 1
33524 1
33525 1
33526 1
33527 1
33528 636
33529 1
33530 1
33531 1
33532 1
33533 1
33534 1
33535 1
33542 3
33543 1
33544 1
33581 818
33582 1
33583 1
33584 218371
33606 35
33607 12
33616 144204
33624 514
33625 1
33626 2
33627 227752
33742 58
33754 71038
33755 16
33783 63523
33784 72
33785 10
36686 9
36903 25
36904 126841
36927 40
36928 1
36929 3
36930 8
36931 1
36932 1
36934 64
36935 1
36936 1
36937 1
36938 1
36939 1
36940 1
36941 1
36942 1
36943 1
36944 1
36945 1
36946 1
36947 1
36948 1
36949 1
36950 1
36951 1
36952 1
36953 1
36954 1
36955 1
36956 1
36957 1
36958 1
36959 1
36960 1
36961 1
36962 1
36963 1
36964 1
36965 1
36966 1
36967 1
36968 1
36969 1
36970 15
36971 674
36972 40
36973 3
36974 1
36975 1
36976 1
36977 1
36978 1
36979 1
36980 1
36981 1
36982 650
36983 16
36984 1
36985 1
36986 1
36987 1
36988 1
36989 1
36990 1
36991 1
36992 1
36993 1
36994 1
36995 1
36996 1
36997 1
36998 1
36999 1
37000 1
37001 1
37002 1
37003 1
37004 1
37005 1
37006 1
37007 1
37008 1
37009 1
37010 1
37011 1
37012 1
37013 1
37014 1
37015 1
37016 1
37018 6
37023 12304
37030 1
37031 1
37032 2
37033 8
37043 7
37044 11
37045 74981
37309 497
37310 1
37481 20
37482 1
37483 1
37484 16
37485 1
37486 1
37487 1
37488 1
37489 1
37490 1
37491 1
37492 1
37493 1
37494 16
37495 16
37496 1
37497 1
37498 1
37499 1
37500 1
37501 1
37502 1
37503 1
37504 1
37505 1
37506 1
37507 1
37508 1
37509 1
37512 64
37513 40
37514 1
37515 1
37516 1
37517 1
37518 1
37519 1
37520 1
37521 1
37522 1
37523 1
37524 1
37525 1
37526 1
37527 1
37528 40
37544 1977
37545 1
37546 1
37547 1
37548 1
37550 29094
37551 1
37552 1
37553 1
37554 1
37555 1
37556 1
37557 1
37558 1
37559 1
37560 1
37561 1
37562 1
37563 1
37564 1
37565 1
37566 1
37567 1
37568 1
37569 1
37570 1
37571 1
37572 1
37573 1
37574 1
37575 1
37576 1
37577 1
37578 1
37579 1
37580 1
37581 1
37582 1
37583 1
37584 1
37585 1
37586 1
37587 1
37588 1
37589 1
37590 1
37591 1
37592 1
37593 1
37594 1
37595 1
37596 1
37597 1
37598 1
37599 1
37600 1
37601 1
37602 1
37603 1
37604 1
37605 1
37606 1
37607 1
37608 1
37609 1
37627 40
37628 1
37629 1
37630 1
37631 1
37632 1
37633 1
37634 40
37635 40
37636 1
37637 1
37638 1
37639 1
37640 1
37641 1
37642 17
37690 48
37691 1
37692 1
37693 1
37694 1
37695 1
37696 1
37697 1
37698 1
37699 1
37700 1
37701 1
37702 1
37703 1
37704 1
37705 1
37706 1
37707 1
37708 1
37709 1
37710 1
37711 1
37712 1
37713 1
37714 1
37715 1
37740 52402
37741 10
37742 39
37743 1
37750 1
37751 1
37752 1
37753 1
37754 1
37755 1
37756 1
37757 1
37758 1
37759 1
37761 1
37762 1
37763 1
37764 1
37765 56236
37776 1
37777 7
37778 32
37779 16
37782 214
37783 1
37784 2281
37785 1
37786 1
37787 1056
37788 45
37789 1073
37790 1
37793 1
37795 1
37796 1
37797 19
37798 1
37799 1
37800 1
37801 1
37802 1
37803 1
37804 1
37805 1
37806 1
37807 1
37808 1
37809 1
37810 1
37811 1
37812 1
37813 1
37814 1
37815 1
37816 1
37817 1
37818 1
37819 1
37820 1
37821 1
37822 1
37823 1
37824 1
37825 1
37826 1
37827 1
37828 1
37829 1
37830 1
37831 1
37832 1
37833 1
37834 1
37835 1
37836 1
37837 1
37838 1
37839 1
37840 1
37841 1
37842 1
37843 1
37844 1
37845 1
37846 1
37847 1
37848 1
37849 1
37850 1
37851 1
37852 1
37853 3
37854 1
37855 1
37856 6
37857 1
37858 1
37859 1
37860 1
37862 914
37863 1
37864 1
37865 1
37866 5
37867 15
37868 3
37870 581
37872 3
37873 1
37874 1
37875 1
37876 8
37877 1
37878 1
37879 1
37880 1
37881 1
37882 1
37883 1
37884 1
37885 1
37886 1
37887 1
37888 1
37889 1
37890 1
37891 1
37892 1
37893 1
37894 5
37895 1
37896 1
37897 1
37898 1
37899 1
37900 1
37901 1
37902 1
37903 6
37904 1
37908 116
37909 87
37910 22
37911 5733
37912 1
37913 1
37914 1
37915 1
37916 1
37917 1
37918 1
37919 1
37920 1
37921 1
37922 1
37923 1
37924 6
37949 1
37950 1
37951 1
37952 1
37953 1
37954 1
37955 1
37956 1
37957 1
37958 1
37959 1
37960 23
37966 13
37967 6
37968 1
37969 1
37970 1
37971 1
37972 13
37978 22
37979 1
37980 1
37981 1
37982 1
37983 1
37984 11
37985 1
37986 13
37987 8
37988 1
38005 9
38006 1
38007 1
38008 1
38009 1
38010 1
38011 1
38014 1
38015 1
38016 1
38017 1
38018 1
38019 1
38074 25
38075 34
38078 1064
38079 1
38111 14
38132 178
38176 17
38178 1
38186 1
38187 1
38188 1
38189 1
38190 1
38191 1
38192 1
38196 1
38216 6
38217 7
38246 16
49152 16170
49153 15460
49154 14446
49155 13442
49156 10544
49157 4489
49158 2580
49159 21547
49160 42611
49161 55982
49162 63556
49177 303335
49192 8451
49193 292
49194 21323
49195 85483
49196 25065
49197 16782
49198 804
49199 40
49200 8
49201 12240
49202 672
49203 1
49204 984
49205 103495
49206 65891
49207 1
49208 509
49209 1
49210 56
49211 32
49212 1
49213 1476
49214 1057
49215 8
49216 8
49217 6060
49218 772
49219 254
49220 105
49221 1
49222 1
49223 1
49224 7332
49225 1963
49226 36
49227 32950
49228 373
49229 1
49230 1
49231 433
49236 52706
49237 2503
49238 3629
49239 16405
49240 69126
49241 47
49242 1
49243 1
49244 1
49245 1
49246 1
49247 1
49248 1
49249 1
49250 1
49251 1
49252 1
49253 1
49254 1
49255 1
49256 1
49257 1
49258 1
49259 1
49260 1
49261 1
49262 1
49263 1
49264 1
49265 1
49266 1
49267 1
49268 1
49269 1
49270 1
49271 1
49272 1
49273 1
49274 1
49275 1
49276 1
49277 1
49278 1
49279 1
49280 1
49281 1
49282 1
49283 1
49284 1
49285 1
49286 1
49287 1
49288 1
49289 1
49290 1
49291 1
49292 52193
49297 3260
49298 169267
49299 7258
49300 25484
49301 44582
49320 97769
49327 5761
49328 642
49329 7518
49330 95240
49346 9095
49348 77
49349 1641
49350 324
49351 72
49352 16
49353 77
49354 54
49355 72
49356 388
49357 156962
49358 48231
49359 72
49360 44504
49361 84
49362 180
49363 32749
49364 45062
49365 6533
49366 16703
49367 19766
49368 4686
49369 1
49370 1
49371 1
49372 1
49373 1
49374 1
49375 1
49376 1
49377 1
49378 1
49379 1
49380 1
49381 1
49382 1
49383 1
49384 1
49385 1
49386 1
49387 1
49388 1
49389 1
49390 1
49391 1
49392 1
49393 308
49394 4
49395 1
49396 1
49397 1
49398 1
49399 1
49400 1
49401 1
49403 75716
49404 8
49405 8
49406 8
49407 8
49408 8
49409 10
49410 11
49411 1
49412 1
49413 1
49414 1258
49415 23753
49421 16680
49422 1480
49423 1
49424 1
49425 1
49426 24064
49441 231240
49442 81
49443 55
49444 1
49445 1
49446 1
49447 1
49448 1
49449 1
49450 1
49451 1
49452 8
49453 1
49454 3
49455 1
49456 1
49457 1
49458 1
49459 1
49468 44385
49469 88
49470 9
49507 5
49508 1
49509 1
49510 1
49511 1
49512 1
49513 1
49514 1
49515 1
49516 1
49517 1
49518 1
49519 1
49520 17639
49528 5931
49529 112
49530 1
49531 7
49532 14
49535 42640
49536 663
49537 1
49538 1
49539 16
49540 16
49541 31
49550 603
49551 1
49552 14832
49560 59766
49561 1
49562 1
49563 1
49564 1
49565 1
49566 55
49569 4054
49571 19097
49572 88
49573 46
49574 31
49575 965
49576 781
49577 22
49591 80805
49593 34
49594 89
49596 325
49597 18
49647 2373
49648 16
49649 19
49666 1
49667 1
49668 1
49669 1
49682 1
49683 1
49684 1
49685 18
49716 29664
49717 1
49760 124214
49762 35905
49763 984
49764 5
49765 8
49769 230496
49770 88
49771 56
49772 1
49773 13
49787 83822
49795 47
49811 1
49812 1
49813 1
49814 1
49819 1784
49820 168
49821 173587
49822 120
49823 8
49824 67
49825 1
49826 5
49840 72
49841 3
49842 1
49843 1
49844 1
49845 1
49846 1
49847 50
49869 11109
49870 2497
49871 1
49872 1
49873 1
49874 1
49875 1
49876 50
49877 1
49878 1
49879 1
49880 1
49881 1
49882 1
49883 5
49884 1
49885 1
49886 1
49887 1
49888 45
49889 32
49890 2263
49891 24
49892 1
49893 31
49894 1
49895 1
49896 1
49897 1
49898 1
49902 5
49903 1
49904 1
49905 1
49906 1
49907 1
49908 1
49909 1
49910 1
49911 1
49912 14
49913 1
49914 1
49915 1
49916 1
49917 1
49918 1
49919 1
49926 1
49927 1
49928 1
49965 5
49966 1
49967 1
49968 218380
49990 119
49991 8
50000 135847
50008 511
50009 1
50010 39
50126 29
50138 94541
50139 15
50167 18901
50168 72
50169 8
53070 56
53287 14
53288 193269
53311 76
53312 1
53313 1
53314 824
53315 1
53316 1
53318 8
53319 1
53320 1
53321 1
53322 1
53323 1
53324 1
53325 1
53326 1
53327 1
53328 1
53329 1
53330 1
53331 1
53332 1
53333 1
53334 1
53335 1
53336 1
53337 1
53338 1
53339 1
53340 1
53341 1
53342 1
53343 1
53344 1
53345 1
53346 1
53347 1
53348 1
53349 1
53350 1
53351 1
53352 1
53353 1
53354 737
53355 32
53356 40
53357 7
53358 1
53359 1
53360 1
53361 1
53362 1
53363 1
53364 1
53365 1
53366 48
53367 16
53368 1
53369 1
53370 1
53371 1
53372 1
53373 1
53374 1
53375 1
53376 1
53377 1
53378 1
53379 1
53380 1
53381 1
53382 1
53383 1
53384 1
53385 1
53386 1
53387 1
53388 1
53389 1
53390 1
53391 1
53392 1
53393 1
53394 1
53395 5
53396 1
53397 1
53398 1
53399 1
53400 2
53401 87787
53402 5
53407 12300
53414 1
53415 1
53416 1
53417 24
53427 15
53428 9
53429 74981
53693 7
53694 1
53865 16
53866 1
53867 1
53868 16
53869 1
53870 1
53871 1
53872 1
53873 1
53874 1
53875 1
53876 1
53877 1
53878 16
53879 16
53880 1
53881 1
53882 1
53883 1
53884 1
53885 1
53886 1
53887 1
53888 1
53889 1
53890 1
53891 1
53892 1
53893 1
53896 64
53897 40
53898 1
53899 1
53900 1
53901 1
53902 1
53903 1
53904 1
53905 1
53906 1
53907 1
53908 1
53909 1
53910 1
53911 1
53912 40
53928 1974
53929 1
53930 1
53931 1
53932 1
53934 31
53935 1
53936 1
53937 1
53938 1
53939 1
53940 1
53941 1
53942 1
53943 1
53944 1
53945 1
53946 1
53947 1
53948 1
53949 1
53950 1
53951 1
53952 1
53953 1
53954 1
53955 1
53956 1
53957 1
53958 1
53959 1
53960 1
53961 1
53962 1
53963 1
53964 1
53965 1
53966 1
53967 1
53968 1
53969 1
53970 1
53971 1
53972 1
53973 1
53974 1
53975 1
53976 1
53977 1
53978 1
53979 1
53980 1
53981 1
53982 1
53983 1
53984 1
53985 1
53986 1
53987 1
53988 1
53989 1
53990 1
53991 1
53992 1
53993 1
54011 40
54012 1
54013 1
54014 1
54015 1
54016 1
54017 1
54018 40
54019 40
54020 1
54021 1
54022 1
54023 1
54024 1
54025 1
54026 6
54074 3866
54075 1
54076 1
54077 1
54078 1
54079 1
54080 1
54081 1
54082 1
54083 1
54084 1
54085 1
54086 1
54087 1
54088 1
54089 1
54090 1
54091 1
54092 1
54093 1
54094 1
54095 1
54096 1
54097 1
54098 1
54099 1
54124 69044
54125 25
54126 45
54127 1
54134 1
54135 1
54136 1
54137 1
54138 1
54139 1
54140 1
54141 1
54142 1
54143 1
54145 1
54146 1
54147 1
54148 1
54149 56216
54160 1
54161 5
54162 32
54163 104
54166 4982
54167 2
54168 2281
54169 1
54170 1
54171 1052
54172 45
54173 10
54174 1
54177 1
54179 1
54180 1
54181 10
54182 1
54183 1
54184 1
54185 1
54186 1
54187 1
54188 1
54189 1
54190 1
54191 1
54192 1
54193 1
54194 1
54195 1
54196 1
54197 1
54198 1
54199 1
54200 1
54201 1
54202 1
54203 1
54204 1
54205 1
54206 1
54207 1
54208 1
54209 1
54210 1
54211 1
54212 1
54213 1
54214 1
54215 1
54216 1
54217 1
54218 1
54219 1
54220 1
54221 1
54222 1
54223 1
54224 1
54225 1
54226 1
54227 1
54228 1
54229 1
54230 1
54231 1
54232 1
54233 1
54234 1
54235 1
54236 1
54237 1
54238 1
54239 1
54240 3
54241 1
54242 1
54243 1
54244 1
54246 4
54247 223
54248 1
54249 1
54250 65
54251 8
54252 6
54254 16
54256 4
54257 1
54258 1
54259 1
54260 8
54261 1
54262 1
54263 1
54264 1
54265 1
54266 1
54267 1
54268 1
54269 1
54270 1
54271 1
54272 1
54273 1
54274 1
54275 1
54276 1
54277 1
54278 3
54279 1
54280 1
54281 1
54282 1
54283 1
54284 1
54285 1
54286 1
54287 1
54288 1
54292 113
54293 13
54294 13
54295 5729
54296 1
54297 1
54298 1
54299 1
54300 1
54301 1
54302 1
54303 1
54304 1
54305 1
54306 1
54307 1
54308 9
54333 1
54334 1
54335 1
54336 1
54337 1
54338 1
54339 1
54340 1
54341 1
54342 1
54343 1
54344 23
54350 5
54351 1
54352 1
54353 1
54354 1
54355 1
54356 16
54362 27
54363 1
54364 1
54365 1
54366 1
54367 1
54368 24
54369 1
54370 345
54371 1
54372 1
54389 4263
54390 1
54391 1
54392 1
54393 1
54394 1
54395 1
54398 1
54399 1
54400 1
54401 1
54402 1
54403 384
54458 16
54459 8
54462 459
54463 1
54495 16
54516 29
54560 2
54562 2881
54570 1
54571 1
54572 1
54573 1
54574 1
54575 1
54576 1
54580 1
54598 380
54600 3
54601 40
54630 7
63118 215174
65536 16650
65537 15396
65538 14382
65539 13380
65540 8981
65541 4425
65542 2552
65543 21512
65544 58060
65545 54858
65546 59829
65547 172038
65558 286831
65559 264497
65561 163705
65565 116963
65576 10615
65577 10
65578 25393
65579 71089
65580 25058
65581 16728
65582 801
65583 304
65584 8
65585 12613
65586 537
65587 1
65588 10609
65589 104082
65590 63104
65591 1
65592 501
65593 1
65594 56
65595 32
65596 1
65597 1052
65598 166
65599 8
65600 8
65601 1556
65602 769
65603 251
65604 106
65605 1
65606 1
65607 1
65608 7722
65609 12
65610 16
65611 25486
65612 1022
65613 1
65614 1
65615 226
65620 58228
65621 2444
65622 3189
65623 8550
65624 57141
65625 36
65626 1
65627 1
65628 1
65629 1
65630 1
65631 1
65632 1
65633 1
65634 1
65635 1
65636 1
65637 1
65638 1
65639 1
65640 1
65641 1
65642 1
65643 1
65644 1
65645 1
65646 1
65647 1
65648 1
65649 1
65650 1
65651 1
65652 1
65653 1
65654 1
65655 1
65656 1
65657 1
65658 1
65659 1
65660 1
65661 1
65662 1
65663 1
65664 1
65665 1
65666 1
65667 1
65668 1
65669 1
65670 1
65671 1
65672 1
65673 1
65674 1
65675 1
65676 52216
65681 3203
65682 121694
65683 4342
65684 124
65685 44243
65704 117263
65711 5913
65712 582
65713 6135
65714 95276
65730 8973
65732 60
65733 1644
65734 1204
65735 72
65736 15
65737 60
65738 88
65739 72
65740 387
65741 156404
65742 48124
65743 78
65744 44495
65745 249
65746 419
65747 34466
65748 41190
65749 14404
65750 16671
65751 17425
65752 4660
65753 1
65754 1
65755 1
65756 1
65757 1
65758 1
65759 1
65760 1
65761 1
65762 1
65763 1
65764 1
65765 1
65766 1
65767 1
65768 1
65769 1
65770 1
65771 1
65772 1
65773 1
65774 1
65775 1
65776 1
65777 1
65778 54
65779 1
65780 1
65781 1
65782 1
65783 1
65784 1
65785 2
65787 70013
65788 12
65789 8
65790 8
65791 140
65792 8
65793 9
65794 7
65795 1
65796 1
65797 1
65798 1291
65799 23721
65805 16877
65806 142
65807 1
65808 1
65809 1
65810 31283
65825 231229
65826 63
65827 42
65828 1
65829 1
65830 1
65831 1
65832 1
65833 1
65834 1
65835 1
65836 3
65837 1
65838 2
65839 1
65840 1
65841 1
65842 1
65843 20
65852 44304
65853 88
65854 9
65891 3
65892 1
65893 1
65894 1
65895 1
65896 1
65897 1
65898 1
65899 1
65900 1
65901 1
65902 1
65903 1
65904 14814
65912 5929
65913 801
65914 1
65915 24
65916 11
65919 42723
65920 567
65921 1
65922 1
65923 16
65924 16
65925 41
65934 508
65935 1
65936 28013
65944 44762
65945 1
65946 1
65947 1
65948 1
65949 1
65950 1
65953 6414
65955 28501
65956 28
65957 53
65958 39
65959 51
65960 733
65961 94
65975 80795
65977 30
65978 52
65980 91
65981 15
65982 193557
66031 2356
66032 16
66033 16
66050 1
66051 1
66052 1
66053 1
66066 1
66067 1
66068 1
66069 8
66100 31001
66101 1
66144 252998
66146 177445
66147 41
66148 1
66149 3
66153 251239
66154 74
66155 56
66156 1
66157 11
66171 177466
66179 32
66195 1
66196 1
66197 1
66198 1
66203 649
66204 128
66205 173577
66206 621
66207 8
66208 48
66209 1
66210 1
66224 64
66225 1
66226 1
66227 1
66228 1
66229 1
66230 1
66231 54
66253 5889
66254 2326
66255 1
66256 1
66257 1
66258 1
66259 1
66260 13
66261 1
66262 1
66263 1
66264 1
66265 1
66266 1
66267 8
66268 1
66269 1
66270 1
66271 1
66272 30
66273 33
66274 2260
66275 24
66276 1
66277 1158
66278 1
66279 1
66280 1
66281 1
66282 1
66286 6
66287 1
66288 1
66289 1
66290 1
66291 1
66292 1
66293 1
66294 1
66295 1
66296 7
66297 1
66298 1
66299 1
66300 1
66301 1
66302 1
66303 1
66310 1
66311 1
66312 1
66349 1
66350 1
66351 1
66352 143744
66374 102
66375 3
66384 85980
66392 509
66393 1
66394 40
66510 20
66522 70046
66523 1
66551 18835
66552 72
66553 4
69454 5642
69671 7
69672 47026
69695 40
69696 1
69697 1
69698 11
69699 1
69700 1
69702 15
69703 1
69704 1
69705 1
69706 1
69707 1
69708 1
69709 1
69710 1
69711 1
69712 1
69713 1
69714 1
69715 1
69716 1
69717 1
69718 1
69719 1
69720 1
69721 1
69722 1
69723 1
69724 1
69725 1
69726 1
69727 1
69728 1
69729 1
69730 1
69731 1
69732 1
69733 1
69734 1
69735 1
69736 1
69737 1
69738 736
69739 104
69740 586
69741 74
69742 1
69743 1
69744 1
69745 1
69746 1
69747 1
69748 1
69749 1
69750 48
69751 8764
69752 1
69753 1
69754 1
69755 1
69756 1
69757 1
69758 1
69759 1
69760 1
69761 602
69762 1
69763 1
69764 1
69765 1
69766 1
69767 1
69768 1
69769 1
69770 1
69771 1
69772 1
69773 1
69774 1
69775 1
69776 1
69777 1
69778 1
69779 8
69780 1
69781 1
69782 1
69783 1
69784 1
69786 4
69791 11274
69798 1
69799 1
69800 3
69801 24
69808 68957
69811 129
69812 11
69813 528
70077 5
70078 1
70079 84990
70249 16
70250 1
70251 1
70252 16
70253 1
70254 1
70255 1
70256 1
70257 1
70258 1
70259 1
70260 1
70261 1
70262 16
70263 16
70264 1
70265 1
70266 1
70267 1
70268 1
70269 1
70270 1
70271 1
70272 1
70273 1
70274 1
70275 1
70276 1
70277 1
70280 64
70281 7071
70282 1
70283 1
70284 1
70285 1
70286 1
70287 1
70288 1
70289 1
70290 1
70291 1
70292 1
70293 1
70294 1
70295 1
70296 40
70312 1971
70313 1
70314 1
70315 1
70316 1
70318 21
70319 1
70320 1
70321 1
70322 1
70323 1
70324 1
70325 1
70326 1
70327 1
70328 1
70329 1
70330 1
70331 1
70332 1
70333 1
70334 1
70335 1
70336 1
70337 1
70338 1
70339 1
70340 1
70341 1
70342 1
70343 1
70344 1
70345 1
70346 1
70347 1
70348 1
70349 1
70350 1
70351 1
70352 1
70353 1
70354 1
70355 1
70356 1
70357 1
70358 1
70359 1
70360 1
70361 1
70362 1
70363 1
70364 1
70365 1
70366 1
70367 1
70368 1
70369 1
70370 1
70371 1
70372 1
70373 1
70374 1
70375 1
70376 1
70377 1
70395 3039
70396 1
70397 1
70398 1
70399 1
70400 1
70401 1
70402 40
70403 3039
70404 1
70405 1
70406 1
70407 1
70408 1
70409 1
70410 40
70458 3862
70459 1
70460 1
70461 1
70462 1
70463 1
70464 1
70465 1
70466 1
70467 1
70468 1
70469 1
70470 1
70471 1
70472 1
70473 1
70474 1
70475 1
70476 1
70477 1
70478 1
70479 1
70480 1
70481 1
70482 1
70483 1
70508 64271
70509 18
70510 197
70511 1
70518 1
70519 1
70520 1
70521 1
70522 1
70523 1
70524 1
70525 1
70526 1
70527 1
70529 1
70530 1
70531 1
70532 14
70533 60960
70544 1
70545 2
70546 32
70547 101
70550 4984
70551 1
70552 2
70553 1
70554 1
70555 22
70556 44
70557 76
70558 1
70561 1
70563 1
70564 1
70565 1
70566 1
70567 1
70568 1
70569 1
70570 1
70571 1
70572 1
70573 1
70574 1
70575 1
70576 1
70577 1
70578 1
70579 1
70580 1
70581 1
70582 1
70583 1
70584 1
70585 1
70586 1
70587 1
70588 1
70589 1
70590 1
70591 1
70592 1
70593 1
70594 1
70595 1
70596 1
70597 1
70598 1
70599 1
70600 1
70601 1
70602 1
70603 1
70604 1
70605 1
70606 1
70607 1
70608 1
70609 1
70610 1
70611 1
70612 1
70613 1
70614 1
70615 1
70616 1
70617 1
70618 1
70619 1
70620 1
70621 1
70622 1
70623 1
70624 40
70625 1
70626 1
70627 1
70628 1
70630 7
70631 7
70632 1
70633 1
70634 64
70635 6
70636 265
70638 6
70640 115
70641 1
70642 2
70643 1
70644 1028
70645 1
70646 1
70647 1
70648 1
70649 1
70650 1
70651 1
70652 1
70653 1
70654 1
70655 1
70656 1
70657 1
70658 1
70659 1
70660 1
70661 1
70662 1
70663 1
70664 1
70665 1
70666 1
70667 1
70668 1
70669 1
70670 1
70671 8
70672 1
70676 202
70677 58
70678 6
70679 5726
70680 1
70681 1
70682 1
70683 1
70684 1
70685 1
70686 1
70687 1
70688 1
70689 1
70690 1
70691 1
70692 24
70717 1
70718 1
70719 1
70720 1
70721 1
70722 1
70723 1
70724 1
70725 1
70726 1
70727 7
70728 23
70734 3
70735 1
70736 1
70737 1
70738 1
70739 1
70740 16
70746 18
70747 1
70748 1
70749 1
70750 1
70751 1
70752 193
70753 2
70754 20
70755 1
70756 1
70773 7
70774 1
70775 1
70776 1
70777 1
70778 1
70779 1
70782 1
70783 1
70784 1
70785 8
70786 1
70787 1
70842 6
70843 8
70846 458
70847 1
70879 12
70900 27
70944 1
70946 2868
70954 1
70955 1
70956 1
70957 1
70958 1
70959 1
70960 1
70964 244
70982 4
70984 6
70985 40
71014 8
81920 43901
81921 15332
81922 14318
81923 13318
81924 8546
81925 4286
81926 2514
81927 21500
81928 70383
81929 89558
81930 63534
81931 233705
81945 163686
81949 174615
81960 9900
81961 268
81962 25840
81963 89643
81964 25177
81965 16673
81966 1421
81967 300
81968 8
81969 12427
81970 526
81971 1
81972 10516
81973 103435
81974 64624
81975 1
81976 497
81977 1
81978 740
81979 32
81980 1
81981 1035
81982 780
81983 8
81984 9
81985 1448
81986 766
81987 48
81988 192
81989 8
81990 1
81991 1
81992 7720
81993 51
81994 16
81995 26005
81996 1020
81997 1
81998 1
81999 39
82004 56819
82005 2431
82006 3242
82007 14220
82008 63626
82009 30
82010 1
82011 1
82012 1
82013 1
82014 1
82015 1
82016 1
82017 1
82018 1
82019 1
82020 1
82021 1
82022 1
82023 1
82024 1
82025 1
82026 1
82027 1
82028 1
82029 1
82030 1
82031 1
82032 1
82033 1
82034 1
82035 1
82036 1
82037 1
82038 1
82039 1
82040 1
82041 1
82042 1
82043 1
82044 1
82045 1
82046 1
82047 1
82048 1
82049 1
82050 1
82051 1
82052 1
82053 1
82054 1
82055 1
82056 1
82057 1
82058 1
82059 1
82060 51903
82065 3146
82066 121738
82067 4289
82068 121
82069 41370
82088 164322
82095 3410
82096 584
82097 7245
82098 97102
82114 21585
82116 49
82117 1641
82118 230
82119 138
82120 6
82121 47
82122 362
82123 72
82124 386
82125 156436
82126 46892
82127 72
82128 44399
82129 249
82130 154
82131 34289
82132 42000
82133 14653
82134 16650
82135 21129
82136 408
82137 1
82138 1
82139 1
82140 1
82141 1
82142 1
82143 1
82144 1
82145 1
82146 1
82147 1
82148 1
82149 1
82150 1
82151 1
82152 1
82153 1
82154 1
82155 1
82156 1
82157 1
82158 1
82159 1
82160 1
82161 1
82162 16
82163 1
82164 1
82165 1
82166 1
82167 1
82168 1
82169 37121
82171 69522
82172 31
82173 8
82174 8
82175 8
82176 8
82177 1174
82178 5
82179 1
82180 1
82181 1
82182 1286
82183 23782
82189 16864
82190 62
82191 1
82192 1
82193 1
82194 24038
82209 286305
82210 46
82211 34
82212 1
82213 1
82214 1
82215 1
82216 1
82217 1
82218 1
82219 1
82220 1
82221 1
82222 1
82223 1
82224 1
82225 1
82226 1
82227 18
82236 44322
82237 72
82238 95
82275 1
82276 1
82277 1
82278 1
82279 1
82280 1
82281 1
82282 1
82283 1
82284 1
82285 1
82286 1
82287 1
82288 14813
82296 5928
82297 773
82298 1
82299 24
82300 35
82303 42561
82304 564
82305 1
82306 1
82307 16
82308 6
82309 837
82318 22
82319 1
82320 29790
82328 44748
82329 1
82330 1
82331 1
82332 1
82333 1
82334 1
82337 4064
82339 15232
82340 24
82341 68
82342 33
82343 960
82344 736
82345 101
82359 153871
82361 23
82362 62
82364 68
82365 10
82415 399
82416 16
82417 16
82434 1
82435 1
82436 1
82437 1
82450 1
82451 1
82452 1
82453 297
82484 29188
82485 1
82528 179549
82530 99876
82531 48
82532 1
82533 9
82537 251248
82538 72
82539 56
82540 1
82541 8
82555 246568
82563 14
82579 1
82580 1
82581 1
82582 1
82587 477
82588 125
82589 173827
82590 578
82591 8
82592 38
82593 1
82594 1
82608 52
82609 1
82610 1
82611 1
82612 1
82613 1
82614 1
82615 49
82637 9420
82638 2323
82639 1
82640 1
82641 1
82642 1
82643 1
82644 67
82645 1
82646 1
82647 4
82648 1
82649 1
82650 1
82651 5
82652 1
82653 1
82654 1
82655 7
82656 30
82657 1
82658 1330
82659 24
82660 1
82661 23
82662 1
82663 1
82664 1
82665 1
82666 1
82670 18
82671 1
82672 1
82673 1
82674 1
82675 1
82676 1
82677 1
82678 1
82679 1
82680 5
82681 1
82682 1
82683 1
82684 1
82685 1
82686 1
82687 1
82694 1
82695 1
82696 1
82733 15
82734 1
82735 1
82758 22
82759 1
82768 84467
82776 509
82777 1
82778 40
82779 205723
82894 13
82906 55909
82907 23
82935 18846
82936 72
82937 78
85838 164
86055 18
86056 47627
86079 40
86080 1
86081 22
86082 7
86083 1
86084 1
86086 9
86087 1
86088 1
86089 1
86090 1
86091 1
86092 1
86093 1
86094 1
86095 1
86096 1
86097 1
86098 1
86099 1
86100 1
86101 1
86102 1
86103 1
86104 1
86105 1
86106 1
86107 1
86108 1
86109 1
86110 1
86111 1
86112 1
86113 1
86114 1
86115 1
86116 14
86117 1
86118 1
86119 1
86120 1
86121 1
86122 40
86123 56
86124 583
86125 932
86126 1
86127 1
86128 1
86129 1
86130 1
86131 1
86132 1
86133 1
86134 48
86135 16
86136 1
86137 1
86138 1
86139 1
86140 1
86141 1
86142 1
86143 1
86144 1
86145 1
86146 1
86147 1
86148 1
86149 1
86150 1
86151 1
86152 1
86153 1
86154 1
86155 1
86156 1
86157 1
86158 1
86159 1
86160 1
86161 1
86162 1
86163 1426
86164 1
86165 1
86166 1
86167 1
86168 1
86169 112135
86170 89
86175 11275
86182 1
86183 1
86184 1
86185 24
86192 85535
86195 112
86196 4
86197 516
86461 8
86462 1
86633 1019
86634 1
86635 1
86636 4531
86637 1
86638 1
86639 1
86640 1
86641 1
86642 1
86643 1
86644 1
86645 1
86646 16
86647 16
86648 1
86649 1
86650 1
86651 1
86652 1
86653 1
86654 1
86655 1
86656 1
86657 1
86658 1
86659 1
86660 1
86661 1
86664 7970
86665 7067
86666 1
86667 1
86668 1
86669 1
86670 1
86671 1
86672 1
86673 1
86674 1
86675 1
86676 1
86677 1
86678 1
86679 1
86680 40
86696 9
86697 1
86698 1
86699 1
86700 1
86702 13
86703 1
86704 1
86705 1
86706 1
86707 1
86708 1
86709 1
86710 1
86711 1
86712 1
86713 1
86714 1
86715 1
86716 1
86717 1
86718 1
86719 1
86720 1
86721 1
86722 1
86723 1
86724 1
86725 1
86726 1
86727 1
86728 1
86729 1
86730 1
86731 1
86732 1
86733 1
86734 1
86735 1
86736 1
86737 1
86738 1
86739 1
86740 1
86741 1
86742 1
86743 1
86744 1
86745 1
86746 1
86747 1
86748 1
86749 1
86750 1
86751 1
86752 1
86753 1
86754 1
86755 1
86756 1
86757 1
86758 1
86759 1
86760 1
86761 1
86779 3035
86780 1
86781 1
86782 1
86783 1
86784 1
86785 1
86786 40
86787 3035
86788 1
86789 1
86790 1
86791 1
86792 1
86793 1
86794 19
86842 3859
86843 1
86844 1
86845 1
86846 1
86847 1
86848 1
86849 1
86850 1
86851 1
86852 1
86853 1
86854 1
86855 1
86856 1
86857 1
86858 1
86859 1
86860 1
86861 1
86862 1
86863 1
86864 1
86865 1
86866 1
86867 1
86892 71264
86893 13
86894 279
86895 1
86902 1
86903 1
86904 1
86905 1
86906 1
86907 1
86908 1
86909 1
86910 1
86911 1
86913 1
86914 1
86915 1
86916 10
86917 56226
86928 1
86929 3
86930 29
86931 16
86934 4
86935 1
86936 6
86937 1
86938 1
86939 1050
86940 43
86941 72
86942 6
86943 60837
86945 1
86947 1
86948 1
86949 1
86950 1
86951 1
86952 1
86953 1
86954 1
86955 1
86956 1
86957 1
86958 1
86959 1
86960 1
86961 1
86962 1
86963 1
86964 1
86965 1
86966 1
86967 1
86968 1
86969 1
86970 1
86971 1
86972 1
86973 1
86974 1
86975 1
86976 1
86977 1
86978 1
86979 1
86980 1
86981 1
86982 1
86983 1
86984 1
86985 1
86986 1
86987 1
86988 1
86989 1
86990 1
86991 1
86992 1
86993 1
86994 1
86995 1
86996 1
86997 1
86998 1
86999 1
87000 1
87001 1
87002 1
87003 1
87004 1
87005 1
87006 1
87007 1
87008 40
87009 1
87010 1
87011 1
87012 1
87014 4
87015 14
87016 1
87017 1
87018 327
87019 6
87020 702
87022 153
87024 15402
87025 1
87026 1
87027 1
87028 8
87029 1
87030 1
87031 1
87032 1
87033 1
87034 1
87035 1
87036 1
87037 1
87038 1
87039 1
87040 1
87041 1
87042 1
87043 1
87044 1
87045 1
87046 1
87047 1
87048 1
87049 1
87050 1
87051 1
87052 1
87053 1
87054 1
87055 8
87056 8
87060 205
87061 48
87062 62
87063 85
87064 1
87065 1
87066 1
87067 1
87068 1
87069 1
87070 1
87071 1
87072 1
87073 1
87074 1
87075 1
87076 351
87101 1
87102 1
87103 1
87104 1
87105 1
87106 1
87107 1
87108 1
87109 1
87110 1
87111 24
87112 12
87118 6
87119 4
87120 1
87121 1
87122 1
87123 1
87124 96
87130 1
87131 1
87132 1
87133 1
87134 1
87135 4
87136 6
87137 3
87138 3
87139 1
87140 1
87157 6
87158 1
87159 1
87160 4
87161 1
87162 1
87163 1
87166 1
87167 1
87168 1
87169 8
87170 1
87171 6
87226 6
87227 10
87230 419
87231 1
87263 9
87284 29
87328 4
87330 2865
87338 1
87339 1
87340 1
87341 1
87342 1
87343 1
87344 1
87348 7
87366 2
87368 8
87369 40
87398 1
95886 170339
98304 43259
98305 15268
98306 14254
98307 13247
98308 8418
98309 4117
98310 2103
98311 17830
98312 58049
98313 28105
98314 66791
98329 324406
98344 8429
98345 160
98346 24431
98347 71117
98348 25031
98349 16625
98350 800
98351 40
98352 8
98353 11944
98354 507
98355 1
98356 978
98357 103414
98358 64623
98359 1
98360 492
98361 24
98362 737
98363 32
98364 1
98365 1021
98366 779
98367 8
98368 8
98369 1435
98370 766
98371 48
98372 191
98373 6
98374 1
98375 1
98376 7544
98377 3218
98378 16
98379 23612
98380 43
98381 1
98382 1
98383 45
98388 61799
98389 2431
98390 3523
98391 16437
98392 61002
98393 20
98394 1
98395 1
98396 1
98397 1
98398 1
98399 1
98400 1
98401 1
98402 1
98403 1
98404 1
98405 1
98406 1
98407 1
98408 1
98409 1
98410 1
98411 1
98412 1
98413 1
98414 1
98415 1
98416 1
98417 1
98418 1
98419 1
98420 1
98421 1
98422 1
98423 1
98424 1
98425 1
98426 1
98427 1
98428 1
98429 1
98430 1
98431 1
98432 1
98433 1
98434 1
98435 1
98436 1
98437 1
98438 1
98439 1
98440 1
98441 1
98442 1
98443 1
98444 51922
98449 3089
98450 169434
98451 4236
98452 118
98453 41749
98472 97648
98479 3408
98480 636
98481 7244
98482 98024
98498 21794
98500 40
98501 1639
98502 230
98503 433
98504 1
98505 42
98506 616
98507 66
98508 388
98509 156425
98510 46792
98511 329
98512 44431
98513 197
98514 153
98515 38538
98516 32237
98517 9502
98518 16615
98519 19514
98520 4585
98521 1
98522 1
98523 1
98524 1
98525 1
98526 1
98527 1
98528 1
98529 1
98530 1
98531 1
98532 1
98533 1
98534 1
98535 1
98536 1
98537 1
98538 1
98539 1
98540 1
98541 1
98542 1
98543 1
98544 1
98545 309
98546 86
98547 1
98548 1
98549 1
98550 1
98551 1
98552 1
98553 1
98555 65264
98556 50
98557 8
98558 8
98559 8
98560 8
98561 1188
98562 1
98563 1
98564 1
98565 1
98566 1282
98567 23638
98573 9373
98574 1331
98575 1
98576 1
98577 1
98578 39668
98593 183052
98594 36
98595 27
98596 1
98597 1
98598 1
98599 1
98600 1
98601 1
98602 1
98603 1
98604 1
98605 1
98606 1
98607 1
98608 1
98609 1
98610 1
98611 1
98620 44339
98621 88
98622 88
98659 1
98660 1
98661 1
98662 1
98663 1
98664 1
98665 1
98666 1
98667 1
98668 1
98669 1
98670 1
98671 1
98672 14808
98680 9245
98681 31
98682 1
98683 30
98684 7
98687 42544
98688 564
98689 1
98690 1
98691 40
98692 1
98693 49
98702 17
98703 1
98704 27851
98712 44734
98713 1
98714 1
98715 1
98716 1
98717 1
98718 1
98721 6093
98723 13157
98724 33
98725 70
98726 31
98727 1395
98728 764
98729 133
98743 167804
98745 19
98746 71
98748 45
98749 18
98799 455
98800 16
98801 16
98818 1
98819 1
98820 1
98821 1
98834 1
98835 1
98836 1
98837 303
98868 29503
98869 1
98912 124227
98914 65456
98915 48
98916 1
98917 18
98921 230535
98922 1018
98923 56
98924 1
98925 6
98939 183184
98947 10
98963 1
98964 1
98965 1
98966 1
98971 476
98972 62
98973 168111
98974 574
98975 8
98976 23
98977 1
98978 103
98992 216
98993 7
98994 1
98995 1
98996 1
98997 1
98998 1
98999 18
99021 2608
99022 2321
99023 1
99024 1
99025 1
99026 1
99027 1
99028 10
99029 1
99030 1
99031 1
99032 1
99033 1
99034 1
99035 2
99036 1
99037 1
99038 1
99039 24
99040 6
99041 49
99042 1328
99043 24
99044 1
99045 16
99046 1
99047 1
99048 1
99049 1
99050 1
99054 15
99055 2
99056 1
99057 1
99058 1
99059 1
99060 1
99061 1
99062 1
99063 1
99064 1
99065 1
99066 1
99067 1
99068 1
99069 1
99070 1
99071 1
99073 150901
99078 13
99079 1
99080 1
99117 1
99118 1
99119 1
99120 148504
99142 20
99143 1
99152 56241
99160 508
99161 1
99162 40
99163 207148
99278 23
99290 55893
99291 24
99319 2255
99320 66
99321 120
102222 14
102439 105
102440 538
102463 40
102464 1
102465 18
102466 10
102467 1
102468 1
102470 7
102471 1
102472 1
102473 1
102474 1
102475 1
102476 1
102477 1
102478 1
102479 1
102480 1
102481 1
102482 1
102483 1
102484 1
102485 1
102486 1
102487 1
102488 1
102489 1
102490 1
102491 1
102492 1
102493 1
102494 1
102495 1
102496 1
102497 1
102498 1
102499 1
102500 1
102501 1
102502 1
102503 1
102504 1
102505 1
102506 40
102507 754
102508 581
102509 31
102510 1
102511 1
102512 1
102513 1
102514 1
102515 1
102516 1
102517 1
102518 48
102519 16
102520 1
102521 1
102522 1
102523 1
102524 1
102525 1
102526 1
102527 1
102528 1
102529 1
102530 1
102531 1
102532 1
102533 1
102534 1
102535 1
102536 1
102537 1
102538 1
102539 1
102540 1
102541 1
102542 1
102543 1
102544 1
102545 1
102546 1
102547 10
102548 1
102549 1
102550 1
102551 1
102552 8
102553 113119
102554 25
102559 11276
102566 1
102567 1
102568 1
102569 5
102579 3
102580 40
102581 4
102845 3
102846 1
102847 84979
103017 16
103018 1
103019 1
103020 16
103021 1
103022 1
103023 1
103024 1
103025 1
103026 1
103027 1
103028 1
103029 1
103030 16
103031 6899
103032 1
103033 1
103034 1
103035 1
103036 1
103037 1
103038 1
103039 1
103040 1
103041 1
103042 1
103043 1
103044 1
103045 1
103048 7967
103049 40
103050 1
103051 1
103052 1
103053 1
103054 1
103055 1
103056 1
103057 1
103058 1
103059 1
103060 1
103061 1
103062 1
103063 1
103064 40
103080 22
103081 1
103082 1
103083 1
103084 1
103086 7
103087 1
103088 1
103089 1
103090 1
103091 1
103092 1
103093 1
103094 1
103095 1
103096 1
103097 1
103098 1
103099 1
103100 1
103101 1
103102 1
103103 1
103104 1
103105 1
103106 1
103107 1
103108 1
103109 1
103110 1
103111 1
103112 1
103113 1
103114 1
103115 1
103116 1
103117 1
103118 1
103119 1
103120 1
103121 1
103122 1
103123 1
103124 1
103125 1
103126 1
103127 1
103128 1
103129 1
103130 1
103131 1
103132 1
103133 1
103134 1
103135 1
103136 1
103137 1
103138 1
103139 1
103140 1
103141 1
103142 1
103143 1
103144 1
103145 1
103163 40
103164 1
103165 1
103166 1
103167 1
103168 1
103169 1
103170 40
103171 40
103172 1
103173 1
103174 1
103175 1
103176 1
103177 1
103178 12
103226 6
103227 1
103228 1
103229 1
103230 1
103231 1
103232 1
103233 1
103234 1
103235 1
103236 1
103237 1
103238 1
103239 1
103240 1
103241 1
103242 1
103243 1
103244 1
103245 1
103246 1
103247 1
103248 1
103249 1
103250 1
103251 1
103276 71270
103277 7
103278 44
103279 1
103286 1
103287 1
103288 1
103289 1
103290 1
103291 1
103292 1
103293 1
103294 1
103295 1
103297 1
103298 1
103299 1
103300 8
103301 59498
103312 1
103313 159
103314 24
103315 16
103318 2014
103319 1
103320 3
103321 1
103322 19
103323 1004
103324 41
103325 1163
103326 14925
103329 1
103331 1
103332 1
103333 1
103334 1
103335 1
103336 1
103337 1
103338 1
103339 1
103340 1
103341 1
103342 1
103343 1
103344 1
103345 1
103346 1
103347 1
103348 1
103349 1
103350 1
103351 1
103352 1
103353 1
103354 1
103355 1
103356 1
103357 1
103358 1
103359 1
103360 1
103361 1
103362 1
103363 1
103364 1
103365 1
103366 1
103367 1
103368 1
103369 1
103370 1
103371 1
103372 1
103373 1
103374 1
103375 1
103376 1
103377 1
103378 1
103379 1
103380 1
103381 1
103382 1
103383 1
103384 1
103385 1
103386 1
103387 1
103388 1
103389 1
103390 1
103391 1
103392 40
103393 1
103394 1
103395 1
103396 1
103398 3
103399 5
103400 1
103401 1
103402 324
103403 1
103404 667
103406 144
103408 14801
103409 1
103410 1
103411 1
103412 160
103413 1
103414 1
103415 1
103416 1
103417 1
103418 1
103419 1
103420 1
103421 1
103422 1
103423 1
103424 1
103425 1
103426 1
103427 1
103428 1
103429 1
103430 1
103431 1
103432 1
103433 1
103434 1
103435 1
103436 1
103437 1
103438 1
103439 8
103440 86
103444 207
103445 48
103446 48
103447 69
103448 1
103449 1
103450 1
103451 1
103452 1
103453 1
103454 1
103455 1
103456 1
103457 1
103458 1
103459 1
103460 17
103485 1
103486 1
103487 1
103488 1
103489 1
103490 1
103491 1
103492 1
103493 1
103494 1
103495 19
103496 8
103502 6
103503 1
103504 1
103505 1
103506 1
103507 1
103508 105
103514 1
103515 1
103516 1
103517 1
103518 1
103519 2
103520 1
103521 1
103522 3
103523 7
103524 1
103541 1
103542 1
103543 1
103544 1
103545 1
103546 1
103547 1
103550 1
103551 1
103552 1
103553 356
103554 1
103555 1
103610 5
103611 3
103614 417
103615 1
103647 14
103662 8
103668 26
103712 1
103714 2863
103722 1
103723 1
103724 1
103725 1
103726 1
103727 1
103728 1
103732 34
103752 4
103753 40
103782 18
114688 16354
114689 15198
114690 14184
114691 13221
114692 6908
114693 3351
114694 2069
114695 17885
114696 58040
114697 30143
114698 66096
114713 324396
114728 8423
114729 121
114730 1914
114731 95913
114732 24945
114733 16578
114734 908
114735 290
114736 8
114737 12037
114738 44
114739 1
114740 968
114741 103983
114742 63915
114743 1
114744 481
114745 1
114746 735
114747 238
114748 1
114749 7598
114750 775
114751 8
114752 8
114753 1425
114754 760
114755 48
114756 241
114757 1
114758 1
114759 1
114760 7544
114761 2067
114762 16
114763 9338
114764 24
114765 1
114766 1
114767 344
114772 46540
114773 2373
114774 8337
114775 8828
114776 60699
114777 17
114778 1
114779 1
114780 1
114781 1
114782 1
114783 1
114784 1
114785 1
114786 1
114787 1
114788 1
114789 1
114790 1
114791 1
114792 1
114793 1
114794 1
114795 1
114796 1
114797 1
114798 1
114799 1
114800 1
114801 1
114802 1
114803 1
114804 1
114805 1
114806 1
114807 1
114808 1
114809 1
114810 1
114811 1
114812 1
114813 1
114814 1
114815 1
114816 1
114817 1
114818 1
114819 1
114820 1
114821 1
114822 1
114823 1
114824 1
114825 1
114826 1
114827 1
114828 51909
114833 2203
114834 243415
114835 4183
114836 109
114837 51971
114856 164340
114863 5862
114864 652
114865 6882
114866 98014
114882 20837
114884 33
114885 1635
114886 946
114887 299
114888 1
114889 356
114890 603
114891 31
114892 1930
114893 161833
114894 50137
114895 327
114896 44464
114897 208
114898 175
114899 32597
114900 31732
114901 12920
114902 16557
114903 25241
114904 4582
114905 1
114906 1
114907 1
114908 1
114909 1
114910 1
114911 1
114912 1
114913 1
114914 1
114915 1
114916 1
114917 1
114918 1
114919 1
114920 1
114921 1
114922 1
114923 1
114924 1
114925 1
114926 1
114927 1
114928 1
114929 310
114930 32
114931 1
114932 1
114933 1
114934 1
114935 1
114936 1
114937 40641
114939 65291
114940 39
114941 8
114942 8
114943 8
114944 8
114945 31
114946 1
114947 1
114948 1
114949 1
114950 1278
114951 23806
114957 3281
114958 1327
114959 1
114960 1
114961 1
114962 23892
114977 183068
114978 32
114979 17
114980 1
114981 1
114982 1
114983 1
114984 1
114985 1
114986 1
114987 1
114988 1
114989 1
114990 7
114991 1
114992 1
114993 1
114994 1
114995 1
115004 62436
115005 85
115006 88
115043 1
115044 1
115045 1
115046 1
115047 1
115048 1
115049 1
115050 1
115051 1
115052 1
115053 1
115054 1
115055 1
115056 18884
115064 1866
115065 22
115066 1
115067 24
115068 22
115071 49782
115072 18
115073 1
115074 1
115075 144
115076 1
115077 786
115086 13
115087 1
115088 30588
115096 44720
115097 1
115098 1
115099 1
115100 2
115101 1
115102 1
115104 259880
115105 6203
115107 31517
115108 32
115109 374
115110 87
115111 1423
115112 312
115113 213
115127 124588
115129 25
115130 82
115132 37
115133 15
115183 3019
115184 16
115185 30
115202 1
115203 1
115204 1
115205 1
115218 1
115219 1
115220 1
115221 226
115252 29519
115253 1
115296 185181
115298 37150
115299 41
115300 1
115301 9
115305 239407
115306 1015
115307 56
115308 1
115309 67
115331 7
115347 1
115348 1
115349 1
115350 1
115355 469
115356 38
115357 173691
115358 572
115359 8
115360 17
115361 2
115362 23
115376 192
115377 7
115378 1
115379 1
115380 1
115381 1
115382 1
115383 12
115405 5877
115406 15
115407 1
115408 1
115409 1
115410 1
115411 1
115412 116
115413 1
115414 1
115415 1
115416 1
115417 1
115418 1
115419 1
115420 1
115421 1
115422 1
115423 735
115424 4
115425 45
115426 1326
115427 24
115428 1
115429 13
115430 1
115431 1
115432 1
115433 1
115434 1
115438 12
115439 1
115440 1
115441 1
115442 1
115443 1
115444 1
115445 1
115446 1
115447 1
115448 1
115449 1
115450 1
115451 1
115452 1
115453 1
115454 1
115455 1
115462 19
115463 1
115464 1
115501 1
115502 1
115503 1
115504 148534
115526 18
115527 1
115536 56224
115544 54
115545 1
115546 40
115662 6
115674 55904
115675 24
115703 20501
115704 31
115705 72
118606 6
118823 11
118824 131653
118847 40
118848 1
118849 14
118850 761
118851 1
118852 1
118854 12
118855 1
118856 1
118857 1
118858 1
118859 1
118860 1
118861 1
118862 1
118863 1
118864 1
118865 1
118866 1
118867 1
118868 1
118869 1
118870 1
118871 1
118872 1
118873 1
118874 1
118875 1
118876 1
118877 1
118878 1
118879 1
118880 1
118881 1
118882 1
118883 1
118884 1
118885 1
118886 1
118887 1
118888 1
118889 1
118890 40
118891 751
118892 579
118893 41
118894 1
118895 1
118896 1
118897 1
118898 1
118899 1
118900 1
118901 1
118902 48
118903 17
118904 1
118905 1
118906 1
118907 1
118908 1
118909 1
118910 1
118911 1
118912 1
118913 1
118914 1
118915 1
118916 1
118917 1
118918 1
118919 1
118920 1
118921 1
118922 1
118923 1
118924 1
118925 1
118926 1
118927 1
118928 1
118929 1
118930 1
118931 3
118932 1
118933 1
118934 1
118935 1
118936 6
118937 107376
118938 14
118943 8
118950 1
118951 1
118952 25
118953 10
118960 85558
118963 1
118964 8
118965 11
119229 1
119230 1
119401 16
119402 1
119403 1
119404 16
119405 1
119406 1
119407 1
119408 1
119409 1
119410 1
119411 1
119412 1
119413 1
119414 16
119415 6896
119416 1
119417 1
119418 1
119419 1
119420 1
119421 1
119422 1
119423 1
119424 1
119425 1
119426 1
119427 1
119428 1
119429 1
119432 7965
119433 7057
119434 1
119435 1
119436 1
119437 1
119438 1
119439 1
119440 1
119441 1
119442 1
119443 1
119444 1
119445 1
119446 1
119447 1
119448 40
119464 32
119465 1
119466 1
119467 1
119468 1
119470 6
119471 1
119472 1
119473 1
119474 1
119475 1
119476 1
119477 1
119478 1
119479 1
119480 1
119481 1
119482 1
119483 1
119484 1
119485 1
119486 1
119487 1
119488 1
119489 1
119490 1
119491 1
119492 1
119493 1
119494 1
119495 1
119496 1
119497 1
119498 1
119499 1
119500 1
119501 1
119502 1
119503 1
119504 1
119505 1
119506 1
119507 1
119508 1
119509 1
119510 1
119511 1
119512 1
119513 1
119514 1
119515 1
119516 1
119517 1
119518 1
119519 1
119520 1
119521 1
119522 1
119523 1
119524 1
119525 1
119526 1
119527 1
119528 1
119529 1
119547 3025
119548 1
119549 1
119550 1
119551 1
119552 1
119553 1
119554 40
119555 3025
119556 1
119557 1
119558 1
119559 1
119560 1
119561 1
119562 7
119610 6
119611 1
119612 1
119613 1
119614 1
119615 1
119616 1
119617 1
119618 1
119619 1
119620 1
119621 1
119622 1
119623 1
119624 1
119625 1
119626 1
119627 1
119628 1
119629 1
119630 1
119631 1
119632 1
119633 1
119634 1
119635 1
119660 84974
119661 2
119662 41
119663 2
119670 1
119671 1
119672 1
119673 1
119674 1
119675 1
119676 1
119677 1
119678 1
119679 1
119681 1
119682 1
119683 1
119684 6
119685 60949
119696 1
119697 32
119698 293
119699 16
119702 4985
119703 1
119704 26
119705 1
119706 18
119707 5
119708 72
119709 1159
119710 8
119713 1
119715 1
119716 1
119717 1
119718 1
119719 1
119720 1
119721 1
119722 1
119723 1
119724 1
119725 1
119726 1
119727 1
119728 1
119729 1
119730 1
119731 1
119732 1
119733 1
119734 1
119735 1
119736 1
119737 1
119738 1
119739 1
119740 1
119741 1
119742 1
119743 1
119744 1
119745 1
119746 1
119747 1
119748 1
119749 1
119750 1
119751 1
119752 1
119753 1
119754 1
119755 1
119756 1
119757 1
119758 1
119759 1
119760 1
119761 1
119762 1
119763 1
119764 1
119765 1
119766 1
119767 1
119768 1
119769 1
119770 1
119771 1
119772 1
119773 1
119774 1
119775 1
119776 15
119777 1
119778 1
119779 1
119780 1
119782 3
119783 224
119784 1
119785 1
119786 322
119787 1
119788 31
119790 154
119792 12179
119793 1
119794 1
119795 1
119796 8
119797 1
119798 1
119799 1
119800 1
119801 1
119802 1
119803 1
119804 1
119805 1
119806 1
119807 1
119808 1
119809 1
119810 1
119811 1
119812 1
119813 1
119814 1
119815 1
119816 1
119817 1
119818 1
119819 1
119820 1
119821 1
119822 1
119823 8
119824 8
119828 24
119829 48
119830 48
119831 64
119832 1
119833 1
119834 1
119835 1
119836 1
119837 1
119838 1
119839 1
119840 1
119841 1
119842 1
119843 1
119844 384
119869 1
119870 1
119871 1
119872 1
119873 1
119874 1
119875 1
119876 1
119877 1
119878 1
119879 22
119880 8
119886 7
119887 8
119888 1
119889 1
119890 1
119891 1
119892 79
119898 351
119899 1
119900 1
119901 1
119902 1
119903 1
119904 1
119905 1
119906 1
119907 8
119908 1
119925 1
119926 1
119927 1
119928 1
119929 1
119930 1
119931 1
119934 1
119935 1
119936 1
119937 1
119938 1
119939 1
119994 7
119995 3
119998 5647
119999 1
120031 22
120052 226
120096 1
120098 54
120106 1
120107 1
120108 1
120109 1
120110 1
120111 1
120112 1
120116 13
120136 4
120137 40
120166 2
128654 254766
129175 15
