0 1
384 1
536 1
920 1
304 1
688 1
768 1
152 1
1 1
769 1
153 1
537 1
305 1
689 1
385 1
921 1
386 1
770 1
154 1
538 1
922 1
306 1
690 1
2 1
3 1
387 1
771 1
155 1
539 1
923 1
691 1
307 1
772 1
156 1
540 1
308 1
692 1
4 1
924 1
388 1
773 1
157 1
541 1
925 1
309 1
693 1
5 1
389 1
6 1
390 1
774 1
158 1
542 1
926 1
310 1
694 1
7 1
159 1
543 1
927 1
311 1
695 1
391 1
775 1
8 1
776 1
160 1
544 1
928 1
312 1
696 1
392 1
9 1
393 1
777 1
161 1
313 1
697 1
545 1
929 1
394 1
778 1
930 1
314 1
698 1
10 1
162 1
546 1
11 1
395 1
779 1
547 1
931 0
315 1
699 1
163 0
12 0
396 0
780 0
164 0
548 1
700 0
932 1
316 0
13 1
397 1
781 1
549 1
933 1
317 1
701 1
165 0
14 1
398 1
782 1
166 0
550 1
934 1
318 1
702 1
15 1
783 1
167 0
551 0
935 1
319 1
703 1
399 1
168 0
552 1
936 1
704 1
16 1
400 0
784 0
320 1
17 1
169 1
553 1
705 1
401 1
785 1
937 1
321 1
18 0
402 0
786 0
554 1
938 1
322 0
706 1
170 0
19 0
787 0
171 0
555 1
323 0
707 0
403 0
939 0
404 0
788 0
940 0
324 0
708 0
172 0
556 0
20 0
405 0
789 1
173 0
557 0
941 1
325 0
709 1
21 1
22 0
790 0
174 0
558 1
326 1
710 0
406 0
942 0
23 0
407 1
175 0
559 0
943 0
711 0
327 0
791 1
24 0
408 0
792 0
176 0
560 1
944 0
328 0
712 0
25 1
177 1
561 1
945 1
713 1
409 1
793 1
329 1
26 0
410 1
794 1
178 0
562 1
946 0
330 1
714 0
27 0
411 0
795 0
563 0
947 0
331 0
715 0
179 0
796 0
180 0
564 0
332 0
716 0
948 0
28 0
412 0
29 0
413 0
797 1
181 0
565 0
717 1
949 1
333 0
30 0
414 1
798 0
182 0
566 1
950 0
334 1
718 0
415 1
799 0
183 0
951 0
335 0
719 0
31 0
567 0
32 0
416 0
800 0
184 0
952 0
336 0
720 0
568 0
417 1
801 1
953 1
337 1
721 1
33 1
185 1
569 1
802 0
186 0
570 0
954 0
338 0
722 1
34 0
418 0
803 0
187 0
571 0
339 0
723 0
35 0
419 0
955 0
36 0
420 0
804 0
188 0
340 0
724 0
572 0
956 0
37 0
421 0
805 1
189 0
573 0
957 1
341 0
725 1
38 0
422 0
806 0
574 1
958 0
342 0
190 0
726 0
39 0
423 0
807 1
191 0
575 0
959 0
343 0
727 0
40 0
424 0
808 0
192 0
576 0
960 0
728 0
344 0
41 0
425 0
193 0
577 0
961 0
345 0
729 0
809 0
42 0
426 0
810 0
194 0
962 0
346 0
730 0
578 0
811 0
195 0
579 0
347 0
731 0
43 0
963 0
427 0
44 0
428 0
812 0
196 0
580 0
964 0
732 0
348 0
45 0
813 0
197 0
581 0
349 0
733 0
965 0
429 0
46 0
814 0
198 0
582 0
966 0
350 0
734 0
430 0
47 0
431 0
815 0
199 0
583 0
967 0
351 0
735 0
48 0
432 0
816 0
200 0
584 0
352 0
736 0
968 0
49 0
433 0
817 0
201 0
585 0
969 0
353 0
737 0
50 0
434 0
586 0
970 0
354 0
818 0
202 0
738 0
51 0
435 0
203 0
587 0
971 0
739 0
355 0
819 0
436 0
820 0
972 0
356 0
740 0
204 0
588 0
52 0
437 0
821 0
205 0
589 0
973 0
357 0
741 0
53 0
54 0
438 0
822 0
206 0
590 0
974 0
358 0
742 0
55 0
823 0
207 0
359 0
743 0
591 0
975 0
439 0
56 0
440 0
824 0
208 0
592 0
976 0
744 0
360 0
57 0
441 0
825 0
209 0
593 0
977 0
361 0
745 0
442 0
826 0
978 0
362 0
210 0
594 0
746 0
58 0
59 0
443 0
595 0
979 0
363 0
747 0
827 0
211 0
828 0
212 0
596 0
364 0
748 0
60 0
444 0
980 0
445 0
829 0
213 0
981 0
365 0
597 0
749 0
61 0
62 0
446 0
830 0
214 0
598 0
982 0
750 0
366 0
63 0
447 0
599 0
983 0
367 0
751 0
831 0
215 0
832 0
216 0
600 0
984 0
368 0
752 0
64 0
448 0
65 0
449 0
833 0
601 0
985 0
369 0
753 0
217 0
66 0
450 0
834 0
218 0
602 0
986 0
754 0
370 0
67 0
451 0
835 0
219 0
603 0
987 0
371 0
755 0
68 0
452 0
220 0
604 0
988 0
372 0
756 0
836 0
453 0
837 0
221 0
605 0
989 0
373 0
757 0
69 0
70 0
838 0
222 0
606 0
990 0
374 0
758 0
454 0
71 0
455 0
839 0
223 0
607 0
991 0
375 0
759 0
72 0
224 0
608 0
992 0
760 0
456 0
840 0
376 0
73 0
457 0
841 0
225 0
993 0
377 0
609 0
761 0
74 0
458 0
226 0
610 0
994 0
762 0
378 0
842 0
75 0
459 0
843 0
227 0
611 0
995 0
379 0
763 0
76 0
460 0
844 0
228 0
612 0
996 0
380 0
764 0
77 0
229 0
613 0
765 0
461 0
845 0
997 0
381 0
621 0
83 0
464 0
854 0
465 0
85 0
616 0
470 0
471 0
234 0
488 0
256 0
848 0
640 0
873 0
82 0
106 0
490 0
260 0
644 0
237 0
108 0
109 0
493 0
622 0
112 0
648 0
880 0
496 0
264 0
113 0
649 0
265 0
874 0
492 0
500 0
884 0
268 0
652 0
261 0
877 0
262 0
653 0
878 0
502 0
110 0
118 0
119 0
655 0
656 0
272 0
505 0
889 0
273 0
657 0
883 0
267 0
508 0
276 0
892 0
885 0
894 0
278 0
662 0
663 0
504 0
513 0
121 0
283 0
899 0
667 0
132 0
901 0
902 0
670 0
518 0
127 0
903 0
136 0
520 0
138 0
131 0
284 0
519 0
295 0
527 0
288 0
674 0
683 0
531 0
148 0
684 0
149 0
143 0
912 0
297 0
913 0
78 0
230 0
614 0
766 0
462 0
846 0
998 0
382 0
466 0
233 0
86 0
855 0
236 0
467 0
849 0
468 0
239 0
852 0
87 0
617 0
642 0
619 0
235 0
875 0
620 0
494 0
266 0
650 0
499 0
115 0
876 0
269 0
270 0
654 0
658 0
274 0
117 0
125 0
501 0
503 0
510 0
897 0
122 0
516 0
660 0
509 0
133 0
668 0
126 0
517 0
666 0
905 0
906 0
137 0
521 0
523 0
139 0
141 0
676 0
909 0
134 0
293 0
286 0
677 0
525 0
679 0
911 0
914 0
292 0
916 0
299 0
915 0
301 0
917 0
685 0
302 0
534 0
144 0
111 0
669 0
130 0
672 0
535 0
686 0
79 0
847 0
231 0
615 0
999 0
84 0
469 0
238 0
232 0
872 0
257 0
105 0
258 0
641 0
618 0
489 0
853 0
645 0
646 0
647 0
495 0
497 0
491 0
263 0
886 0
887 0
271 0
120 0
888 0
506 0
651 0
507 0
659 0
891 0
124 0
277 0
661 0
279 0
512 0
896 0
128 0
280 0
665 0
282 0
898 0
515 0
895 0
135 0
673 0
289 0
522 0
290 0
907 0
291 0
140 0
908 0
285 0
142 0
526 0
145 0
680 0
298 0
524 0
300 0
532 0
533 0
910 0
150 0
383 0
303 0
918 0
81 0
851 0
259 0
643 0
151 0
104 0
879 0
881 0
890 0
116 0
129 0
664 0
281 0
287 0
904 0
294 0
147 0
767 0
529 0
530 0
687 0
463 0
80 0
850 0
107 0
882 0
893 0
514 0
671 0
900 0
146 0
682 0
678 0
498 0
114 0
123 0
275 0
511 0
919 0
675 0
296 0
528 0
681 0
623 0
88 0
240 0
474 0
857 0
860 0
631 0
624 0
94 0
861 0
472 0
91 0
248 0
626 0
639 0
92 0
856 0
480 0
476 0
102 0
473 0
243 0
96 0
868 0
481 0
634 0
99 0
100 0
864 0
244 0
251 0
246 0
629 0
869 0
95 0
625 0
478 0
245 0
865 0
858 0
863 0
628 0
479 0
627 0
859 0
252 0
484 0
242 0
253 0
254 0
630 0
93 0
477 0
247 0
475 0
632 0
103 0
637 0
483 0
89 0
486 0
241 0
862 0
485 0
636 0
90 0
635 0
870 0
866 0
101 0
482 0
638 0
255 0
871 0
249 0
867 0
98 0
250 0
97 0
487 0
633 0
