155 2792
4 2436
4 2480
691 2883
923 2953
392 642
392 1017
387 3057
924 2680
771 3158
307 2788
307 3152
779 254
156 2817
304 4476
772 2897
688 4561
11 366
700 255
700 73
700 215
700 10
700 10
154 3908
700 37
309 2332
389 2004
389 2360
776 1275
6 2093
774 2140
162 625
692 3286
388 2684
388 3055
2 3956
2 4335
934 392
547 1055
934 120
934 10
152 4892
152 5280
312 1660
8 1785
397 692
927 2276
699 811
699 1310
690 4773
5 3185
926 2816
549 1116
3 4557
782 710
14 814
14 655
306 5080
770 5131
539 4757
395 2028
320 250
14 673
167 575
10 1510
320 413
551 549
551 620
695 2857
702 981
778 1696
702 1251
7 3002
702 1297
315 2271
308 4810
16 768
16 1094
16 1106
319 1240
160 2599
536 6790
941 161
941 188
920 6894
941 155
928 2791
696 2647
314 1816
327 46
327 284
391 3537
694 3579
694 3958
540 5391
938 673
938 1056
554 958
555 710
930 2062
311 3798
943 491
555 862
175 442
711 636
561 445
559 833
544 3482
936 1966
789 1028
330 114
310 4628
330 140
330 244
330 20
386 7095
794 97
794 73
794 356
693 5449
703 2287
384 8130
410 345
410 422
410 720
932 3664
932 3460
932 3845
559 12
922 7463
932 3614
553 2280
777 3262
768 8418
415 324
704 2728
935 3214
394 3051
334 493
334 532
548 4088
548 4237
722 268
169 2816
689 8351
407 1859
0 8812
